3288876
3314732
3602666
3862990
3760670
3321942
3549814
3620464
4119638
3802376
3904960
4102768
3915406
3648038
3813434
3627716
3497070
3997344
4123428
3469880
3380478
3766092
3794188
4103032
4232010
4468100
3888520
4170204
4264946
4194776
3795454
3721200
3944064
3677974
4093076
3679884
4108432
4211790
4144116
3626826
4266478
4515004
3890672
4060490
3851608
4159230
3859920
4582304
4385814
3622030
4799652
4023638
4060042
4389084
3747834
4044344
3481510
4135930
5190548
3916144
3902656
4465234
3896998
4328668
4430776
4158528
4257944
3921234
3955170
4608456
4498856
4417840
4389034
4699938
3988452
4017856
4002462
4450262
4006682
3806318
4087262
4270542
4346466
4746236
4217112
4041054
4284584
4251920
4834378
4814160
4315544
5288284
5200204
3679046
3916434
3992106
4422236
4311710
4769596
3662340
4412764
3800082
4525418
3793590
4477244
3676756
4482270
4839006
3674200
4764190
4894828
4703074
4114394
4521082
4064482
5078114
3893042
3915072
4580660
3422878
4288752
4233894
4191770
4285018
4318398
4799464
4018800
4308904
3973584
3519222
4102018
4704076
4844062
4978280
4994488
3990176
3778240
4203940
4807702
4459610
4485546
4662970
4810140
4603328
4332518
4384484
4383940
3967506
4546514
3992798
4290548
4500176
4657788
4100484
4790780
3961430
4680754
4197324
3479304
5005804
4432450
5773688
4621484
4303680
3747398
4088958
3961230
4497844
4381848
4390708
5092736
4468838
5253534
4384464
4704216
4287980
4596252
4090328
4303774
4303988
3850828
3819924
4214440
4395698
3867124
4585086
4117768
5150404
4402912
4176288
4910708
4799656
4094552
4549932
3921390
4887664
4366346
3894224
5153020
4333746
4552144
4396296
3990894
4767386
4868728
5480018
4862322
4574868
4971140
4564450
4502536
4103738
4682528
4816216
4292368
3821322
4062964
4581160
5065242
3575780
4262158
4985496
4993492
4402358
3684876
3991970
4368514
5100384
4563530
4193518
4536284
4386560
4403382
4690964
4408480
4492452
4417448
5116878
4159214
4498216
4002260
4217288
3969512
5465742
3511064
4015878
5424000
4161038
4191200
4750848
4029770
4703920
5871702
4865664
4296514
4870088
3772764
3861476
4301722
4274014
4343328
4266726
5050100
4072652
4603290
5280662
4679704
4580380
4962698
4899834
3875372
4248172
4498720
4916152
4777478
4200034
5225618
4644308
4116756
4596254
4317492
4669122
4368298
4776966
3871880
4776416
5307938
4496794
4006590
3804246
4074662
4431646
4893606
4843406
4388922
4690296
4170328
3969250
4432370
5581722
4584612
3482224
4740596
5019290
4259556
4117832
4205926
4232204
4869264
5028336
4390062
5203620
4442648
3576902
5171154
4645580
5146930
4167398
4688340
4768218
4065840
3816796
4658236
4163246
5873764
4777148
5272690
5326298
4837480
4873752
3781082
4180752
4497700
4417462
4194392
4296830
4304304
3723390
5294222
4302264
6366302
3805250
4875874
4213016
4195134
5174260
5045170
4915912
5184188
3992890
4399294
4217170
5068238
5014836
4073462
4429644
5298972
5524608
4992418
5149518
3651262
3675584
4498008
4404676
3947662
5368852
5273472
4724326
4487340
4420456
4276014
3923714
4389390
5731168
5300804
4677702
4531928
4160870
4819156
4482100
4775088
3996950
4768192
4024694
4102760
4838098
4967888
4261106
4870052
4867940
4216662
4406786
4797976
5496008
5143106
5224608
4479204
5138636
4504856
4679460
4505302
4513860
4807252
4585096
4373870
4972788
4756204
4717844
4164854
5245264
4794298
4666268
4883958
5500072
5103792
4876640
4476162
5604788
4625508
4260388
4509672
3877366
4683906
4403948
4506076
4679602
4559904
4463006
4721916
4389852
5270470
5180920
5004060
4603116
4194554
5565282
3523170
4310284
4801524
4559984
5650620
4823134
4998930
4661742
4420886
4969784
4697964
5068624
4094566
3969548
4786110
4164462
4261364
5200622
5166914
4196638
3994396
5324670
4917994
5320446
5083636
4065160
4860422
4570724
4194534
4197522
3773086
5133834
6271190
5268610
4223902
5014888
4915234
4918444
4199716
5507550
5403684
4607312
4722604
3822252
5183772
4685910
4334578
4913400
4566340
5117866
4956470
4402084
5371410
4388788
3926462
5068712
4357626
5785532
4799940
4392004
5206106
5081264
4776858
4885210
3914232
5286730
4521390
4678262
4709746
3727262
4489014
4820596
4981916
5778950
6569650
5605512
4547930
5628338
4441246
5116592
4531592
4598738
4203500
4785366
4939202
4970780
5623168
3774254
4908338
3523032
4488846
4550038
4632332
4570474
4174004
5232284
4634594
4493846
4193602
5054846
4539254
4782426
4566928
4760360
5276144
5103186
4381432
5805176
4987378
4873332
5152258
4504478
4304808
4093402
4486126
5465816
4515468
3959564
4883182
4394470
4221900
4978554
5058486
4247334
5071982
4522526
4217496
4396208
4922128
5065426
4623042
4988876
5424232
6005774
4969792
5373208
5491836
4647606
4602290
5264600
4616566
4261204
4490898
4100230
3972990
4941994
3983186
3952442
5215866
5542194
3777718
4219186
4161222
3851046
5007356
4767146
4599696
3482642
4319906
5702380
4294210
4466050
4981152
3874968
4491972
4769064
4861506
4076046
4882940
4595312
5252452
4956082
4814726
4301840
4690946
4587432
4706664
4884098
4157678
4190400
4873926
4117844
4465008
4939644
5247860
4477500
5119122
4667570
4883508
4464700
4446508
5099040
4996804
5068384
4911540
4273604
3970272
4589216
4745364
5300726
4783730
3679978
5527326
5073964
4980760
4176842
5642948
5368964
4859614
4395942
3962940
5502080
4260740
4459652
5573528
5071310
4586664
4765434
5771294
5198024
4486604
4930484
5271608
5025358
5253262
4729200
4791696
4860326
5767732
5275592
5181082
3703712
4069148
5003996
4678862
5649038
5588748
6767862
4362270
5588684
5095106
4791062
4412376
3772838
4957488
4218486
5276182
4314244
3580650
3753756
5206088
3876512
5431968
4352816
4071498
4880694
4022488
4026662
4607426
4981980
4553890
4662468
5056632
4575026
5089014
4720726
4648666
4619934
5799704
5052612
5182120
5448068
4398202
4390690
5251800
5313240
4313598
4524000
3726494
5271646
4527452
4876520
3974088
4492434
4658272
5374066
4656316
5328920
4960088
5669382
6771714
5309086
4208902
4272746
4020300
5347494
4361828
5701020
4264426
5371038
5000236
5212494
5226304
5113420
4737296
4717210
4818798
4403966
4686290
5628646
4783788
4624924
4422288
4584032
5274414
4681332
5730316
4621104
5080248
4728602
5054354
5220348
5083520
4608856
5327140
5391968
4077412
4773942
3961376
5013814
4194382
4456140
5328656
5573358
4596130
4900538
4490568
4972774
4963442
5067764
5106130
4981488
3864840
4718172
5279918
5647758
4659378
4275226
4787030
4293044
4788286
3827672
5191210
5096388
4645290
4981050
4186210
5266662
4831050
4297014
4264282
4601646
4777016
5065090
4270332
4564720
4875676
4465490
3971714
4359542
4064556
5272222
5874166
5411306
4224408
5831958
4952678
4373712
4953880
5067748
5155368
4588774
5177306
5103428
3973134
4080926
5999372
5164354
5232488
4904176
5105750
5680532
4721010
5437808
4840706
4859172
3772232
4588976
5237516
5352760
5213422
4896706
5585252
4967726
4465760
4295748
5283708
4610800
4566902
4087344
4458976
6173540
7066982
4549108
4431804
6204822
4718298
5475038
3929650
4601950
4699948
5268502
5213806
5366990
4779264
4724016
5588436
4500424
4617878
4683386
4333778
5274968
4516364
4602422
5625642
5248654
5132556
4226126
5773372
4802394
3722630
3696410
5320882
5372438
4595708
5322698
3976764
5191630
4755532
4372740
5878766
5191178
4570222
4458856
5842752
4457408
6236050
5306074
5322784
5134756
4004772
4320262
5076940
4890512
4242100
4744820
3423174
4314132
4920442
4695072
5065244
4788988
4677500
4560260
5374288
5405650
5804014
4203868
4023678
5125468
4583970
4776658
5335288
4433278
5607606
5003926
6174714
4920134
5872290
4812684
5173670
4898318
4664922
5488806
4611020
4656766
5238980
4055022
4320706
4360914
4271018
5607610
4818386
4940272
5549354
4939332
5603148
5284564
4817484
5309412
4290350
4403752
5305058
5580728
5522444
4455724
4489042
4557482
4851148
4402652
4838250
4881532
5640348
4093772
5260414
4769328
4939316
5040578
4518128
5008854
5553492
5665244
5726160
5505242
4665766
4171404
5053240
4888694
5132192
4709094
4879020
5055968
5198746
4203014
5478770
4988340
4857184
5464852
4893982
4120334
5766924
5476346
4568032
5606014
5659120
5122724
4954964
5623916
5412188
5203842
4663650
4595530
5016166
5735628
4592182
4983066
4418072
5275008
5292804
3971546
5075992
4704870
4498994
4501188
4807420
4890850
5281912
5976664
5524982
5180258
4221588
4695378
5708848
5366740
5153150
5295830
4858040
4270040
4779128
5176906
5234544
4574748
5444876
4219306
5354012
5395800
4531680
3966032
4981956
4880010
6867878
5723664
5264416
4790174
4017168
5399538
5137620
5746816
4762302
5326402
4365186
4689878
4265530
5084920
5345620
5224018
4365464
4773880
5069854
5008376
4516402
4954864
5094702
4838334
4186606
5396440
4462266
3511448
5152762
4951730
5122388
4461910
5392842
4779820
5467786
5030114
4009306
4745704
4288582
5344858
5061202
5193934
4126650
5801010
4497964
5750330
5053744
4080322
5489520
4744834
4259394
4876894
5085696
5648016
5183760
5019396
4891946
4178090
3872728
4679638
5264732
4581840
4523656
4458444
4649466
3895850
4628126
5077428
4766724
5262966
4900590
5270788
4790894
3823996
4364106
4315124
4356420
4879768
4023278
5675126
4461716
5901564
5268636
5055596
5248434
5567650
4991702
4093330
6072954
5834326
4970540
5000872
4824456
4596546
4365894
4151442
6271886
5233330
4683972
5669720
4343224
3952326
5232592
5252502
5528344
4869432
5152926
5330466
3722154
4659754
4376098
5019730
5406852
4676514
5788334
5675792
6073802
4203718
4340448
4577778
6172560
4665282
4334358
5531044
3977098
4744992
5245756
4739256
5209426
5235742
4359714
5284688
3579796
4162132
4180062
5750036
5728808
5377872
5039254
5430518
5449480
4219384
4940410
4121506
5003950
3801870
5052616
4023240
5433300
4936504
4995982
5167476
4767906
5271748
5805940
5931670
4940912
4647270
4433166
4463020
4261616
4209448
5828458
5372126
4987504
5014458
5445996
4658936
4173218
5125786
4219242
4281418
5205724
4881450
3822574
5475426
5376632
5006160
5077890
4751204
4599400
4619820
4808768
5451040
4960468
4371324
4414350
4613742
4103338
4499874
5114486
5486872
4451778
5483656
4695384
5856260
4908632
5876402
5744218
5878868
4494814
4375906
4791578
3992892
5578338
4489314
5629042
4870626
4728952
4433034
5038732
4458768
5276178
5181062
5040042
4910154
5172894
5223570
4418858
5126786
4171228
5625850
4882922
4806380
4421258
5676218
5207720
4366594
4526908
4872430
3626090
4808388
4498208
5467936
4694618
6072722
5405102
4859826
5735304
5638820
4194344
4625170
4489808
5457392
4304902
5850312
6198460
4977608
4726284
4171356
5225860
4075004
4717814
4992732
5970360
5327832
5094528
5277998
5282854
3626378
5110586
5169686
4877220
5090850
4807846
5295862
5111960
4165180
5004932
6304500
5046808
4635766
4498412
4579396
5803502
4885338
5266078
4683668
5973266
5779588
5024952
5115910
5988036
5171542
4164736
4774374
6010624
5675190
5184702
3481904
5467418
5278916
4589754
4949200
4772938
4180222
5921416
5871110
4315830
5844924
4862742
4848688
5106914
5374366
5174140
5375660
5673690
5801970
4932644
6088858
4524016
4468474
7269244
5405190
5913284
4828296
5829954
4702770
4616584
4466046
5210366
4599122
3826478
5565152
4576840
4823106
5450650
6145982
5095138
4538052
6060400
4890388
5271578
5769532
4980032
4982448
5878376
5511094
4738530
5049246
5011094
4772842
4854606
5546570
5352088
4055336
5001626
6141674
4464302
4790618
6174524
4844422
4899638
5271352
4447598
5530132
4859860
5945484
4926778
4989164
5206492
4887594
4987082
5397772
5647790
5077170
5092332
4564154
4193304
5498538
5489840
4685990
5607902
4819192
6332738
5871706
5571852
5299254
4029298
4369186
5876364
4695524
5799430
5048542
4404526
6304178
4658864
6133778
4099702
4194578
5743806
4696630
5063270
5346372
5152986
5334658
4997946
5447798
5267554
5668338
5784488
5542066
4088180
5182178
5085532
4729862
4903384
4230054
5930102
4556440
5012198
5054456
4908544
4524170
5313068
5400084
4174236
4367678
3928662
5476652
4405166
5745758
4597190
4466154
4722860
6039768
5410094
4292848
4809458
4683456
4280182
5080050
5315400
5312992
4832590
4611124
5310938
5586386
4030144
4760744
4884550
3973166
5135584
4956662
5123452
5166572
4022358
4296882
4358750
5766604
5154184
4996560
5446368
4770890
4979702
5303172
5663558
3972736
4471792
5869168
5123426
5680132
5276992
4724422
5840340
4367912
4480132
4799546
4622492
6245646
4896292
4427118
4665702
4599676
5224994
4988102
5282680
5509882
4916882
5632752
5691056
5265834
5281908
5190968
5366166
5558124
6139186
4656300
5084574
4303132
4820810
5332948
4465620
4523668
4602582
4952286
4205294
3626166
4685782
6068186
4935754
4871878
4689980
5827814
4967646
5084750
5016178
5367648
4273818
4679820
4993494
6259086
5183392
5096362
4403234
4707332
5690374
4896412
4074184
4265154
4380178
5765094
4420758
4537796
4775026
5170982
4075344
5468184
3895856
4799910
6183112
5365254
5489080
5800412
3929812
4667150
6298106
5787148
4496942
4879592
5434434
5706402
6007908
5802396
6577288
4918316
5106310
5068222
5389872
4433230
4570666
5071702
5610070
5211406
4072436
5972308
6439144
5677112
5375384
4597610
4845486
3727048
5368438
5056440
4170574
5608812
5168138
5053912
4659918
5275242
5277850
5116026
4359638
6231068
5075250
4695488
4118862
5537870
5201170
5076628
4823042
4056698
5296618
4767762
4872472
5102836
5173244
4890024
5011204
4596160
4518894
3678436
6144308
4588494
4755842
4865722
5769366
4294536
5271928
5511786
4297198
6004228
5204904
4381180
4724854
6063064
5462958
5578410
5667924
4995432
5137680
5039708
5665986
6171594
4982692
4689698
6182912
4689956
6191512
4277498
5728258
5864544
4593856
4854798
4414078
4610484
4372540
5650572
6369752
4497940
4894882
5151414
3995482
4787852
5083768
5525800
4380066
5245796
4368786
5167552
5104598
5549382
4404586
5434174
4554918
4457076
5496722
4419442
4916418
4565680
4586788
5382136
3626650
5078662
5848510
5435138
5125440
4317848
4823842
5349562
4611824
5283700
4308652
5435346
5466122
4691822
6132570
5805966
5059530
6063904
4590078
5467824
5214242
5611966
4077300
5181232
4896352
4786504
4550464
4378360
5149374
4882250
5936516
4786144
4517078
5872086
6030722
4875636
4296528
4690624
5684062
5025916
5830126
5311898
5869102
4821608
7078748
5752762
5832922
4694828
5547002
5593664
5872324
5215412
4901310
5311062
5466544
5405406
4365830
6007266
4598174
4016030
4392292
5277102
5074286
5822246
5580316
5810892
5571262
5103438
4907500
5257526
5374310
4590846
5523964
5417272
5851704
5625024
6312200
6043112
5480668
4632270
4785178
5830140
3897286
6171422
5054254
4767610
5464288
5504778
6462250
5298762
5535034
6174014
6438270
4251070
4786116
5232630
5449208
4878622
4883552
4698160
6262232
5361184
6136788
4497750
4581090
5365270
4707520
6130464
5987900
5678156
5504772
4976610
4971072
4017210
5674584
5296660
5354512
5387198
4566532
5187904
6862010
3721898
6570084
6079298
4777602
5040686
5201406
3871424
5096598
5190826
5038942
4877272
4359612
5735064
4550166
5437422
4475272
5179082
5775026
5567652
4991720
5688046
5170484
5352108
4715548
4986976
4518940
4580348
5986612
5499010
5643912
5015188
5235342
5230598
5256692
5683912
4466464
5581572
5871498
4657892
5546794
4777274
5791110
5182848
5274272
4699438
5999056
6071728
3903196
4985154
5137486
3678010
5082978
4927638
4262588
5332970
5729912
6130146
3875308
5483018
4628956
5965918
4875520
5360184
5223942
5233394
4304960
5402026
4700814
5086024
5647872
3580950
5381770
5497808
4684168
5827422
4862178
5628506
4864390
5567858
5586904
5304764
5152228
5549426
6221018
6237066
5575906
4930296
4497962
4828904
5468382
5943818
4663104
5533216
5112142
5785678
4023736
5958922
5190720
5625312
5690270
4695470
5480840
4676874
5451032
5582864
4865268
5483848
5800912
5687680
5427798
4956666
6525122
3773450
5907298
4898332
5912394
5632858
4657908
4635222
6369078
4531120
6077948
4557454
4864056
5276034
6326188
5017376
5492286
5456544
5323284
6527860
5316432
5569456
5401776
6501682
4954118
4227780
6108594
5171524
4970380
6273870
5936500
6922236
4229428
5350426
4573986
4264644
6171642
5080664
5254510
4308176
4659466
6004256
5084876
5169058
6328366
5989516
5728816
6869518
4376808
6021418
5610994
4595062
5411430
5285372
4897748
5747708
5097644
4785628
4688866
5817318
6470944
4537632
4051138
5077094
5995884
6870790
5575794
5281588
5664610
5986740
5179224
5080640
7365876
4659268
4712518
4955904
4072320
5093256
3914846
3670872
5325804
4563710
4952522
5365274
6095564
4703066
5453548
5778814
5068196
4594128
4983570
4736020
3777918
4788566
4931772
5958898
5010118
5454778
5261990
5406350
6168370
4762382
6192922
5283740
4789956
4917708
6172832
5181060
4920576
5569826
6060118
5502014
5710922
4829236
4186590
4711718
4498498
5154866
5419270
3875226
5804094
4880322
5111326
6245462
4507360
5965188
5067890
6432058
5584408
4017066
5195808
5345842
5477768
5785546
5078800
5315432
4723518
5357718
5194584
4170804
4851484
5941252
4296148
4859388
4177092
4989154
3678288
4563398
4967960
5266170
3822428
5284946
5294410
4806284
4963308
4801214
5014728
5175370
5322416
4403762
4786318
6088600
4277504
4726310
5253568
4280340
4785126
7067082
5634212
5873856
5432354
4417300
6370916
5548950
5690726
5057242
5800722
6356938
5112788
5272794
4756774
5749476
5009288
5332064
5477334
5679518
5300730
4762936
4186632
4641766
5786256
5487448
6003082
4272662
6132588
5302100
4994906
6867806
4580694
6269638
5063042
5680382
6165934
4273732
5353424
5088696
5123326
5284992
5274642
5927606
6230298
4597880
5672058
4161174
3775988
5683028
5464456
5097944
4909350
5787432
5684782
4567528
4025454
5353774
5087162
4482286
5770522
4116142
4122426
5189578
3722094
6206944
4402524
5582778
5507766
4273910
3929902
5456414
6408118
6040474
5509730
6072978
5386770
4065660
5383250
4126842
6175718
6383108
5225764
3873364
5325744
4323078
4617216
5584150
3778214
5352724
4479774
5608054
6871512
4057024
4905584
4468178
5255378
5490594
4663782
4789566
5001882
5309068
5221292
4187622
5809450
4578992
4504888
6274704
4756536
6071196
4868688
4489426
5512096
4029054
5086058
5683090
4820244
6271680
6039684
5105172
5465672
5571290
6674412
4800168
5443506
5450512
4588648
6002634
5972972
6624142
5285782
3975818
5673098
4127742
4950044
4766402
6036298
4730374
5194792
4524318
5082796
4699840
4555494
5039692
4766514
4556074
5368440
5026658
5167630
5426176
4380356
5039928
6368654
4376542
5113916
4888858
5115686
5911712
5548610
4872358
4761798
5977078
5510848
5855538
5913462
5411598
4392382
6022410
5011912
5758110
4755696
5157180
5103492
6165442
4917100
5195520
5270606
6330762
5602946
6328322
4871896
5052544
4881284
5186138
4985020
5625024
4226956
5646868
5112232
4589884
5346062
5293370
5055858
4973346
4456264
4473450
4421482
4844020
5125394
5845888
5512596
5373228
6467932
6288954
5095258
4611462
6622154
4840160
4855292
6670698
5896490
6275924
5564464
5953258
4307082
5156036
5122536
5054222
5728096
4962250
4317374
4373500
5704346
6665630
5648064
4566056
4589074
6724476
5469458
5579600
4209710
5266670
4823094
6877848
4878084
5566114
6315056
4865034
4663612
4380038
5982482
4398168
5063502
5586738
6201396
4923622
5891276
4492500
5388880
5932354
4795062
4270020
4658904
5479782
4677394
6435596
6776728
5570028
4864498
5276646
4906494
4080916
5073382
5603436
5867346
4297046
4775088
5846056
5407944
5470238
5002966
5327298
4692784
6074862
4855264
4351194
5528684
5161512
5549532
5207360
4972188
4611944
4217600
5849066
3975990
5977376
6384054
5093452
4596808
6020152
5505510
5671124
5792140
6270896
5190476
5628348
4531118
4877930
3753470
4800112
5430234
5090846
5385548
5427984
5400142
5887018
5314154
4474226
5765042
6962574
5663992
4787376
6520546
5600180
6074616
6168838
4982262
4793838
4880484
4784102
4973940
5486890
5827496
4985368
5307742
5683116
5352430
5291466
5292554
5556576
5307306
4702122
4785260
4682652
5286350
5709228
4996036
5490750
5704258
4099710
5782202
6525558
4457878
4614746
3971322
5352472
4119634
5078558
4576184
4343216
6339972
5294124
5080612
5994934
5180272
5879186
6470562
4820852
5505910
5082702
5853356
5281740
4671362
5989562
4880882
4707068
5644628
5329582
6044936
6006552
5770222
5391184
5371094
6667300
4095380
5522650
6565216
4856572
5372580
5327680
4490922
5217528
5667378
5151780
4701382
4888952
6698610
5204906
5668300
5407780
5776154
5385806
5322310
5482138
5634348
5682366
4558420
4992780
5374072
4354600
4340664
4861522
4275462
5301038
4884466
5792698
5156916
5489172
4421600
3984298
4779394
4860192
5860072
5678180
6461018
5524834
5262210
5964278
4564680
5908912
4767398
4806300
5124152
4074306
5607582
5012898
5040440
6370770
4881480
5360624
5613516
5312696
5383326
5629342
6161294
5483208
4793880
4862878
5578514
6438542
4320798
4775160
4895584
5988764
5449510
5668416
4075880
5560580
4777534
5629688
5592032
5774976
4288072
5793158
5105744
5189046
4372804
5071720
6262820
5582852
5071784
4979354
5055762
4916866
4579264
4896580
4438238
5977816
5714354
5269476
4401006
4834796
4421692
5331714
5173968
5058862
5702336
4378970
4813872
4852892
6143580
6348720
4952344
5412470
5744342
5539190
5175170
6299344
4795740
4957644
5374154
4687384
5287142
5303300
6084972
5686762
4461912
4706962
4957854
5632652
5538090
4993234
5673882
5303086
4280458
4602412
5093062
6090830
4599722
5554282
4586354
4807138
6586770
5137124
5385692
5785256
5255210
5987188
5449920
4579058
5398050
5643334
4304812
4706196
5293968
6074388
6074090
5155172
4993198
4785058
5568302
4777140
5964338
4953982
5658526
5119242
5313604
4393580
4717194
5962210
5927542
5336194
5711114
4077472
6221788
5122080
6169198
4221282
5512570
4224694
4991154
5016988
5807714
5745428
5369994
5726584
6369646
5643632
4956194
4367118
6362366
5962836
5804934
7077854
5874758
6216638
5987174
4323050
5364932
5382650
4875278
5427762
6460576
4913026
5735544
4376874
4968010
5294814
5606568
4801668
5958040
5199174
4459766
6174444
4903396
5986676
6462850
6426500
4122966
4423636
4093530
5051278
5908104
4982134
5325348
5409832
5896328
5196104
6234378
5232992
5313336
5649634
4956104
3977000
4611270
5579620
5733754
5835492
4531170
4779370
6543322
6328778
5094044
4835090
6645546
5810534
5836374
4984088
4926752
4917302
5164750
5295098
5384990
4275852
5315946
5636568
6765916
6587080
5963554
5081028
5009784
5154520
4376982
5534248
5355194
4200174
5998840
4342192
4198700
4665276
6868882
5299574
5033078
5684284
4290434
6059892
5481092
5184898
3775978
5959422
6062432
5431218
5472102
4100328
5039792
5946692
6059992
5483978
5588786
6770850
5336004
5472588
5645178
4887570
4669996
5512164
4518430
5137640
5357972
5428466
6060960
5498956
5772772
5072344
4828360
5056556
5200598
5283792
5133528
5707146
6306394
4532250
4589988
5872234
4711362
4320682
5365466
5612508
5589114
4819572
5754410
3930002
4294508
6331242
6190394
6177558
4596108
4877488
5084482
5533172
4974576
6672040
6557618
4648882
5171414
5138934
5119182
4970330
6969216
5933506
4467002
4957860
5437350
7365742
5607896
5110700
4464574
5655822
5120558
5299484
4626886
4422024
4426630
4864322
5713970
4379350
5477574
4654602
4015798
6172730
4058084
4765720
4911786
5277966
5430930
4500402
5802318
5684292
4195098
5620806
6204018
4752666
5274264
6270406
4595290
5466718
5005016
5135506
6458272
5378112
5365498
5477026
4953752
4319742
6138044
6172072
4919678
5056216
5114288
4473992
5960642
4487684
5365866
5919226
4224514
5152270
6074792
5061404
6494610
5504982
4939266
5703512
6140270
5554310
4175694
4581420
6587890
5804064
6469120
6367434
5493626
4280354
5589672
4511794
5063830
4824750
5181848
5260178
4180590
5165876
4857014
4849736
5472638
4761152
4453666
5944436
5635806
4614736
5431202
5273616
5892890
6031214
4935688
6171110
4752202
5947578
5385468
4588366
6949878
4859522
5138638
4806402
4679990
4625676
5207368
6082114
4994610
5196200
4590518
4701226
6747506
6229508
6457474
5185934
3823044
4942406
5771520
4419918
4958754
5034470
6668232
4757408
5749240
4865354
5503232
4509394
4869660
4876712
6059864
5566290
5469878
5016838
4800668
5874324
4628014
4525152
6499000
6671930
4874784
5137560
6070682
4501284
6226766
5770698
4733278
5152616
4563832
5650168
4556374
4956456
4978486
4680376
4480628
5275510
7166438
5528320
5635784
4343312
5804048
4733292
4560844
5227580
5670128
6139016
5076932
5382116
4887384
4760662
5369720
4993866
6470352
6748502
5505190
4577680
4957930
5648450
4981272
5262362
4193814
4699934
4729364
4522518
3875244
5213220
4789100
4779648
4884038
4269836
4688420
4855024
5254618
4682434
4474070
5301772
5126558
5378560
4398026
4854468
5771052
4267782
4498240
6235388
6368674
5196032
5142424
5262726
6369384
5885700
5524418
5324608
4633102
5278502
5282326
5946970
6646678
4324020
4223410
4500190
4627194
4967896
4522174
4852790
4299022
4598392
5748282
5078672
4397770
5252582
5200792
5165336
4025388
4350450
5211454
5708498
4462252
5747730
5610316
5886480
4841198
3707632
6969238
5935840
4777520
5595922
6970466
6040740
6772120
5499434
6158818
5092858
6272852
6010380
5511268
6204014
5793154
5735236
4717346
4963270
5374894
5989280
5800082
4480378
6439590
5651134
4609798
5470138
4718882
5890184
5974134
5372930
5152068
5632568
7167416
5071862
4200154
5987442
6162976
6569914
5112958
5584112
5636506
5451104
6276794
6477536
4794424
5579620
5648796
5681754
5741090
4822584
5472380
4627290
6211200
5018474
5763780
6107156
6301736
4977300
5369772
4822288
6430904
6065024
5690216
5430816
6163320
5775946
5373230
5956726
5773792
5248660
5714326
6370580
4763320
4894046
5438052
5679984
4701082
4221194
4825032
5450302
4623232
4665746
5456528
3410668
5005862
5254684
5487326
5312692
5832184
5235080
5610668
6026106
5459606
5410702
5459552
6477478
6194234
4686730
5858750
4786534
6970290
4480686
5378300
4624320
5563716
5952472
6168244
5610526
4481772
6539378
4511796
4818776
5576404
5537580
4523500
4523562
4476922
5040900
5367238
5115966
7174876
5602836
4413674
5215208
5026932
4422732
5073576
6238184
5426000
4181036
4499496
6143448
5775712
5705852
5683722
5411702
5613314
4984060
4404622
5138452
5192700
5778518
3753914
5775930
4588544
6216474
4690260
6538370
5875810
4766480
4623832
5193750
5620814
5792418
4703832
5727600
5188694
4608838
5023342
4794398
4658380
7048402
4702046
7270418
4316810
5444664
4175396
5946616
6161516
5589326
5590656
4802470
5121580
4998236
5740870
4087898
6326780
6134212
5509670
5502964
5064964
6170992
4621040
4319822
6401934
6543292
5902574
5779060
6525194
6204942
4879508
5384632
4967630
4829558
7173092
5926840
5985408
4837608
6973048
4995342
5576364
7067062
4910844
5944910
6214188
5327972
4821388
4432796
4566486
4704180
6147788
6363144
6269162
5682822
5384298
6198154
4608794
6463402
5062844
5704230
6063586
6278704
5142534
5109036
5458266
6871016
4877944
5592050
5812016
4979430
3760842
5218836
5926296
4394580
6138418
5648158
5572470
4476014
4777558
4774674
5865982
4901048
5041762
5456366
5103242
5083458
6088882
4799190
4588120
4413766
5609646
4829850
4785058
4557786
6142638
4469428
6150668
6004270
4761014
5098328
6136222
5087382
5138516
5410662
5404988
5484458
6059652
4704514
4598396
4854754
5367644
5714118
5195998
6675792
5726720
5677230
5668974
6235378
6473796
4978122
5444378
4395710
5384738
5648532
5776644
4918880
4989382
5399958
4421314
6055864
5175398
4380042
5985650
4855538
4379974
5297568
5690524
6203728
4819410
4637236
6369842
4176204
5149838
4624906
5012150
4838218
5335890
5588020
4249904
5251178
4958392
6178038
6273472
6233294
4379388
4420430
5245948
5547680
5080532
5266640
5018602
5728016
5745614
5308790
4598086
5742030
6931586
4755032
5114034
4821918
4690872
4914590
5833940
6021214
4523424
5116474
4876626
5196508
7473416
5567200
5551410
5020216
4900554
6532298
4891796
4577846
5208088
5491224
5056748
5630532
5323848
5614470
4988440
5944926
4676316
4687662
5688760
6078084
5468276
4880432
3607968
6676436
5572506
4514336
5452860
4679868
5761130
5500498
5256808
6457392
5456384
4566430
4777174
5973048
4078440
5647576
4101962
6176288
5691438
4852954
5127726
4789302
6271838
5214556
4704560
6156382
4801668
5843466
4679422
5711792
6025458
6499110
5155224
4926066
4791482
6559086
6013838
4570678
6474460
5512416
4820372
5581530
6605470
5844760
4873694
4668730
4897630
4627900
5473048
4624654
5184248
5330062
5590206
5249966
5048012
5080452
5874402
5837216
5894836
4676892
5233118
5844300
5360584
5664468
5072764
6367406
4877102
5405446
4074920
4754054
6335156
5019364
4973370
4624856
5775264
4916512
6179462
4708556
4093058
5069006
4830754
5308734
6042880
5295518
5324584
6061868
4481084
6271278
4615592
4926766
6824652
5613328
5944982
6162976
4905330
5622636
5599744
4204588
5444432
4823310
4797006
5995620
4756652
5507930
5278408
6498096
5312094
5062898
6175080
5322404
5571822
5971572
6172850
3853916
5650358
5095410
5063410
4441678
5056062
4618072
5282636
4979966
5170782
5908728
4656362
6407084
5787170
6468080
5079674
5087906
4373396
5071814
4624672
5554992
5284404
4727834
5982258
4981132
4711878
4360154
5751450
5184904
5368164
5285690
4514998
4217686
5702570
4127388
5086310
4264524
5667646
4715424
5052414
7070510
5252376
5438586
5971354
6543488
4564802
5354934
4080516
4318452
5183990
5489310
4916738
4596802
5461042
5052688
5065672
5374722
4376338
4815438
6082788
6125466
5276996
4996670
5200958
5225170
6236716
5887734
4427524
5186452
4995744
4176562
5401302
5683076
4521270
4905888
5167682
4303814
5226756
6024900
4974004
5587882
4726324
5523002
6770930
4979638
7468130
5936672
5103698
5285116
6086386
4479904
5906162
4999396
5282306
5409786
6142832
5498868
5312626
5017256
5509424
5262862
3853738
5262518
7960202
4874708
5834650
5285270
6563874
5411200
6649604
4492266
5578418
4175642
4962110
5504532
6276004
4886788
4054170
6123704
5201178
5870562
5997738
4681494
5489874
6162960
5608170
5402870
4784632
4966056
5119156
5430704
5482626
5534942
5979792
4582670
4857244
5700482
5551366
4478174
4580664
5398038
6403948
5526224
4982450
6289634
5098824
6967342
6112118
4379888
5238302
4617096
5292216
4587688
5451434
4619138
5215384
5677654
5235906
5213966
5207802
4519864
5995870
4366386
5457306
6389070
5531648
4986906
4588900
5765512
5780800
4604690
4717736
4914622
4715260
6503444
4348436
4404300
5590688
5206400
5943136
5196484
3973374
5981100
5585182
5960794
5562044
5214662
5551738
5584104
5779536
5858320
3768758
4884906
6037692
5638264
6775956
4458944
5709188
5286342
5631698
5938306
5806432
5719570
4726256
4297242
5688836
5153382
5459142
4898274
5932850
5776830
6964134
5254924
4668042
5952446
4827742
5149278
5601498
5062706
6700528
3992210
5374276
4515480
4055580
5077274
5283200
5025438
5184392
5333136
5500914
5364704
5988306
5152598
6117568
5104666
6084506
6056332
4760418
4806694
4819898
5798020
5106580
4187858
6014532
5598638
6040082
4816152
4874638
4820098
5447376
5986508
5467750
6202720
5237874
4700060
5354472
5539148
5810742
4489530
5608480
7120718
4794634
4505510
6980682
6466944
5370076
5458268
6148282
4420726
5475164
6144122
4496132
4588700
5838234
5188612
5584552
6870008
5080576
6612686
5362190
6002980
5098996
4348748
5652684
6255580
4854736
5683636
5352448
5364846
5137680
6179978
5038430
5982306
5195160
6499912
7077712
5963896
5274562
5069906
5608216
4397728
6426918
5801956
4718700
5456104
4884576
5349778
5774014
5743654
6151028
4171056
5587566
7171034
6439052
6363872
5630988
5464822
5827426
5602862
4462228
5787784
4895440
5937344
4984262
3972672
5523864
5153350
5639304
5056204
5398950
4665986
5097564
4697816
5951232
5893254
5253076
5173970
5589822
5125584
5094280
4766688
5572574
5025500
5350014
6304554
5010124
4806974
4794204
4896338
5577566
5811836
5124740
5506996
6564702
4726080
4354402
5056162
5229408
5076030
5787048
5136926
5984244
5293496
5302862
5724310
4691668
5592164
6293136
5812336
5068796
6117210
4909954
4990906
6177764
5730610
6304212
4580540
5589054
5544454
4574322
4460746
5682946
4822360
6561420
4624350
4666902
4366514
6949784
5386620
5538450
6064334
4960816
5348944
5705134
5071728
5476308
4776730
5777532
3827098
4821504
6255650
5434558
5952198
4584302
5457808
6144330
5331396
4935288
5882010
6138544
6486514
4921776
5589628
5011792
5120092
4864988
6864632
6075482
5015414
6370272
5585194
5452950
4845540
5865918
4717346
5402438
5269634
7165116
5397260
7167250
4590536
5237708
5171534
4880864
6851352
4689040
5359942
4611336
5746942
5233090
4763510
5125012
5180866
5586282
5076488
6165690
5186638
4584810
4777758
5582876
5474904
5387510
5530846
5649234
4777690
5190408
5531318
4254532
5777312
6488970
5686872
4422754
5084804
5412104
4607766
5673492
5403592
5770656
5025998
6280214
5553844
4799088
6000852
5084342
6528778
4380048
4927172
4984178
6301108
6158764
5946120
5944010
4713944
5611866
5190660
4340920
5886972
6174340
5151698
5603526
4267140
4315248
4717390
4609956
5238564
5650672
4777188
6250450
6287604
5591038
6271844
4080734
4319268
6571406
4931706
4782882
4733034
4358610
7225564
5083868
5582926
4354938
6044384
6469038
5762748
6570382
5164784
4924294
5412574
5165850
6613246
5927814
4678462
5960268
4790922
4360742
4745954
5285236
4977224
6188840
4924814
4699244
5102756
5084056
5374756
5417136
5119352
5572420
5094240
5166090
6764888
5650020
5870952
4987022
4377542
5207566
5500630
5549290
5200326
4879578
5350496
4498022
4816254
4971922
6145584
6672202
5149444
5350778
4278132
6572236
4778256
4507182
4303184
4354550
4467340
4926706
5551748
5511242
4753734
6331890
5550406
5999548
4198198
5390280
5490218
5064234
4723010
5508888
3580982
3726674
6705168
6118632
4910240
3681964
4684522
4460156
5849820
5304084
5817992
6271540
6518618
5232988
5394330
5959406
5040478
5053052
4791650
4688914
6894800
4684278
5844394
6789068
6021264
5613482
5556688
4023818
5935856
6605446
6179598
4664102
6235390
4681654
5615634
4556964
4869250
5073916
4854654
6300702
5224826
6470842
4420084
6171850
5908636
5703930
5155148
5672636
4249788
4909784
6289754
4194422
4977644
5056502
5551998
5503446
4545506
5696444
4880932
6673586
4722988
6383220
5054578
5106834
6176090
5927342
5810832
5288386
6032562
5708342
5589362
4717134
4318604
5664084
5757750
5905814
6488512
5077336
4690126
6367230
6240628
5702642
5716406
4996976
5111368
6107482
5218454
6537088
5511274
4907408
5770420
6079260
4875476
4153726
6544374
6107172
6289692
5702036
5254894
4597362
5196162
4618500
7044080
5683244
5538488
4075392
5274590
5630868
5334834
5006030
5489362
5464434
5980738
6011046
4106298
5596422
6468792
4783554
6358174
5805788
5854900
6175622
5339104
4581856
5282888
4913016
4686914
5126814
5505872
5166552
6543094
5186544
5624632
4724908
5700408
5658762
5434454
4720114
6192092
5012138
6159288
6011022
5973046
5111392
5529784
5958222
5719934
4779698
6417038
4127718
4682378
5224466
4756100
5786482
4525184
4820972
5929996
4592700
5400454
5391232
5861704
5887550
4939662
4786130
4700108
4418924
5844070
7271106
4714508
5016948
5280752
5252306
3781440
6456438
4702160
5502564
3726326
4731446
3778298
7063122
5172962
5439426
5136966
4921842
5961070
5115888
5124926
5586538
4755810
5995682
6102826
5250634
6172520
5151668
5105492
5800650
4286480
5876046
6100748
4878096
5185486
6134256
4824746
4814196
4416748
4689860
4899690
5556914
4820276
6073174
5984422
3926854
5786568
6295288
5564824
5334704
6041704
5295272
5895754
5832340
7567006
5690140
5496696
6863486
5708834
6050832
5774360
6371396
5172904
5227688
4397410
5424206
4856838
5019132
3895272
6202918
4861322
5630748
5312366
4791570
5425744
5173652
6161086
4764172
4555254
6873034
5136940
5123170
5787336
5209786
5576210
6192408
5701948
7328164
4815772
6104652
5835512
5132156
5390546
4788312
5582408
4608794
5471264
5993436
5023072
4929658
4361092
5638128
5365110
5977420
5374816
4582026
4724022
4868720
5434562
5309102
4779110
5704678
5020562
5701950
5773962
5309656
5618900
5576546
5110728
5453328
5814264
4734032
6197798
4511436
6359112
4700356
4701568
5001866
6110996
5786914
6111826
5283028
5727216
6340774
4375218
4601384
4576384
5386916
4404034
4683644
5029800
5511490
4427918
4696052
4962826
4176186
7049926
6950564
4920708
5399042
5430650
6440942
4202932
4724052
5095424
6665778
5179136
6121824
5792554
6500562
5299088
4485932
4892042
5294556
4480530
5803460
5430604
5180946
3876000
6068914
5460734
5561812
6571264
5252086
5156614
5084906
5226048
4812746
5802804
4079768
5071448
6083668
5350140
5716410
5056856
5516868
5172348
6045730
4663460
5875470
5854358
5215452
5093598
6098726
6235304
6221442
5113636
5269566
5160868
5645412
5557704
6331766
6117462
4820836
5486460
5132634
4684614
5505888
6297054
5139618
5453758
5270942
6236080
6041416
5253058
4583550
6564240
5322656
6001768
4555416
5277832
5212854
4566062
5907854
5277634
4940894
6356654
5600512
4915830
4478458
6362522
5552430
4911576
5079558
5766236
5425542
5276372
5565966
5314576
5468720
6333296
5476882
5026256
5444422
5275614
5360738
5424982
4280872
4791792
6542282
5286810
5434774
5092920
5284066
4991712
5383904
5739782
5401472
6172566
5604486
5124474
4942226
4906558
5183940
5689742
4807722
6606342
7067094
6063244
4892014
6371798
6102234
7065094
6511968
3930336
5002636
4877318
6228656
4896946
5251856
6135226
5018820
5272790
4986550
6003772
5589732
5514380
5316840
5509852
5349734
5293828
4779820
4756874
6045774
4902366
4297720
4421712
6077334
5350774
4766496
6232664
5873588
4130436
5485620
5911912
4520210
6070012
4566214
4954302
5558962
5309260
6278650
6060428
4956676
5154356
6011518
5512410
4767392
4778414
7051508
5774022
5272502
6871920
5132558
5535000
4373400
5587136
5830534
4899452
4953580
4175620
6400368
5484068
5598142
5026822
4130376
5948168
5905240
5490544
5605576
5297812
5856580
6454952
6004112
6234642
6204384
5626532
6397552
5249586
6084906
6401434
3926640
5225360
4624626
6293884
5302754
5181134
5629172
4486642
5456210
5650326
5886932
5738486
5309928
3796972
5321140
4911506
4816426
4695480
5097796
5797152
4581086
5951314
5302016
5874672
6952718
4589696
6045524
5318364
5468104
6500868
5411750
5675264
6173852
5098018
5370878
5019566
6295546
6487400
4659988
5291866
6567854
6291378
5286778
7150494
5255082
6767126
5114372
5685992
6259288
6297784
5957686
4880544
4373834
5385818
5876114
5672746
4973112
6337230
4779330
5467320
6724018
5986754
6678172
4800152
4167554
5638040
4926812
4319022
6107682
5015188
5228746
4392020
3723162
4784242
5026680
5382832
5548334
5021402
5987014
5025472
4855418
5940282
5360476
5391202
4594576
4619854
5360790
5511134
4557526
5746442
6470186
5382012
4460182
4481032
6139208
5273904
5657582
6673584
7265554
5481472
5616084
4900508
5484576
7173138
4252462
4519578
5335050
4475218
4714952
5628120
5992446
4682188
6400850
6000302
5673352
6053394
4911798
5687296
6422616
6962724
5770972
4783462
5640060
5236998
6486178
4952414
6395472
5335996
5136144
5451424
5495676
5279598
6200476
4956188
5786518
5747084
4687596
5963476
6297722
5556842
5170080
4174278
6872040
6970360
4656358
4933420
5477600
5755772
5008888
5406238
5415608
5552564
6514526
5962824
5978322
5633306
6412086
6275596
5186790
5576844
6716494
4017980
5704062
4570710
5016866
5317380
4884486
6766966
5123990
4809294
4791140
4953440
6678028
5936704
5410920
5025122
4395850
5888502
4306172
5351988
4322778
5217438
5552476
5875506
4906446
5301914
5090842
4896648
4915508
5810616
6242126
5353916
5295478
5412644
4680336
5627190
4173136
5269304
5199782
4970698
6268732
6105212
4623142
5215912
5485988
5802058
6946870
4833346
6672500
5111364
4991734
4551234
5671292
3726608
4760210
5948186
6298086
5374290
6229752
4262190
4421676
5603824
6456540
5414710
5318492
5396630
5579298
6339276
5523946
5434212
5316398
6118456
5202244
5054670
4885746
5180616
6090622
4308096
6161326
4029938
5979880
4525574
5214812
5958402
4381242
5374720
6093416
4957878
5309668
4489046
4393234
5170364
6357960
6261318
5873204
5552296
5009198
6623234
4977816
5174962
3779052
4498364
3826592
4689844
5484020
4858404
5601212
3723186
4874664
4678108
6659964
6172492
6512934
5630900
4999282
5224660
5382912
4807708
6409040
4405550
6349010
5870568
4862766
5335478
5730198
5062812
6391972
4251128
4497666
5207188
5204350
6201004
6397400
7561712
5670474
5170998
5235694
5155462
5755420
5011504
5582628
5951492
6782824
5882722
5150904
6174134
4665962
6386052
4424102
5329376
5435028
4660326
6360980
4887324
6160342
4294604
5988992
5285884
5946172
5212380
5567076
5510410
6277140
4762684
5714668
5785606
4973886
4511436
4000108
5508492
4922424
6059934
5111532
4933208
4280264
5892640
4428554
4314070
4862226
5210854
5247708
4968170
5869344
6564832
6458868
4884030
5593122
5025408
4887376
6488518
6235976
5646070
5124876
6175276
7265134
5895734
5206986
5391740
4531170
5221368
7029590
4021524
5781792
4956354
5377240
5214018
4994798
6218886
5918686
5017888
5836320
6190154
6250420
6872836
5163624
5234510
5292306
3874096
5102256
4170822
7197772
6392720
5690204
4822244
5171666
4714180
5627500
4887326
4854640
5379132
5645108
5094490
6697416
5350000
5764542
4659746
4505604
4778296
6096666
5676882
5367450
3929216
7868060
4725590
4792036
4889672
4024328
5886736
4408514
5185476
5487366
6461712
4723996
6395450
5980196
6379696
6270842
6078556
5056240
6562646
5979110
5314090
6304996
4405106
5809560
5349236
4496084
5630768
6820236
4520002
5314398
5905276
5264630
4398546
5812222
6026994
5942340
4801404
6457456
5285528
4118516
5367354
5790874
4769736
6290658
5965908
5830506
5882176
4823096
5444196
5430762
6172184
4560652
5271968
5703008
5390486
4696226
4905346
5538508
5701236
4093048
5201074
5037932
5276238
5125438
5013868
4724800
6200100
5154174
6272934
5595908
5770378
5690332
7337042
6151468
4391044
6370288
5448400
6178064
5255206
5334290
6198652
5698682
6273932
5332262
6529250
5785244
4622086
6675058
4714184
4917312
6563824
4886884
5672322
6201802
4758506
5978552
5504626
5183514
6219606
5942744
5673152
5505142
4558006
5453564
6026938
7019312
5097356
5377862
6331570
5829160
6321192
5745428
4961984
6361708
4500958
4349530
4588040
4506894
4577698
4513718
7372632
6792724
5886650
4590496
5942372
5375092
7642198
5413104
6536068
6291372
4994246
5155716
5566698
5253336
4590552
6096368
4997592
5213428
4558932
4599954
5684722
5154578
5254004
6388448
5808056
6272902
4716646
5104498
4469066
5170962
7094648
4755314
5550786
5168026
5529956
5199790
5221352
4094266
3952606
4746690
5878448
5017520
4462042
4963078
4581422
4525302
4021520
4879316
5502066
7466486
4069092
5632974
5991338
6068156
6159216
6259916
5592524
5200886
6286230
5383110
5068628
5353992
5136758
5204312
5198844
4628110
5850074
5981448
5382198
4278466
6373600
5306562
5077410
5789978
5879692
4075546
4570564
4881702
6383508
5582390
6587380
4227246
5651594
5988722
6161504
4808520
4373796
5751298
5764190
5217198
5891366
5551538
4959846
5822108
5402760
5334982
6999012
5401832
5884260
5598850
6597650
5105104
5056060
5502376
5116026
5606644
5926120
4800840
5234950
5228116
6273904
5392114
5361000
5711152
5331358
5777118
5285264
6612626
6361294
5536688
5709082
4078304
5308928
3954314
5669380
4790320
5322842
4692172
5280948
4622876
4876624
6358316
4635618
4068932
5309156
6357594
5155494
5134114
5312848
4819908
6596950
6177288
5727212
5596150
5418110
5274094
5988444
5316414
6279550
7222140
4175132
5216720
7262258
6171084
5506466
4622646
6787808
4785140
6554248
5202446
5778666
5149672
6771130
6296714
4900548
7539262
5262586
6102754
6372638
6915470
5125844
4910016
5707880
4681216
5093368
5810798
4465742
4526770
6194262
5509456
5651352
5173976
5136486
4756686
5603670
4807308
6385650
4765542
4956254
5802670
5187410
4822372
6292206
4151542
4999370
6634862
5433932
4467408
5068960
5065812
6111154
5246238
6359016
4833168
4297138
5899614
5817736
5373592
5753886
3869800
6847838
4580554
4890564
5152612
6864688
5606610
5199752
5564426
6253162
6164416
5079872
5491362
4478090
6099156
5612410
6970050
6048068
7572594
4787202
6082624
6026652
4690936
6612248
4981506
4523892
6696324
5335584
4468442
5900468
6762336
6007122
6304570
6395696
5155364
5939986
5989640
4103990
4923706
5738656
4595710
5864960
4981216
6547830
5068464
5708664
5446900
6158682
6495072
4766456
5396022
4194046
5704754
4227724
4778384
5060508
5933506
5704266
4690580
5809174
5932198
6444104
5234184
4465114
5142546
7010674
5053716
4857562
4660370
6072056
4588662
5387550
5218694
5836422
5708516
6042922
5785450
5567310
6174156
5566002
6482946
4540436
4680466
5777436
4106346
4991792
5194360
6394136
6314524
5055790
5494566
7070268
5904858
4612030
6460740
6630326
5369616
3972610
5817752
5100592
4784620
7041230
6418000
4465698
6962078
5187826
6674218
5191534
4649086
5300212
5175072
4175556
4378932
5744142
5201542
4821426
5163148
5305298
4404866
5019612
6140872
5257372
6133796
6048104
5747686
6280076
5334564
5854502
6647664
6309198
5123176
4799122
5012834
4715300
4981120
4718224
6175822
5790756
5308278
5982782
5388766
4641486
5571822
4856834
4877782
5166072
5792814
4860130
4648126
4786476
5809108
4877716
4793522
5570604
5399004
5397008
4393306
5855790
6354796
4492326
5172782
6270858
5606552
6259376
5557664
6844868
5371092
5603914
6306340
6797376
4969328
4830400
5808182
5537192
5077452
5465452
3607954
4817720
5152318
4417120
6160484
5295648
5104754
5681034
5505758
4264504
6469002
4604272
5413636
4701898
6235966
5880570
5662346
4664250
5568832
5739220
4076892
4511864
4921612
5382846
5977522
5292368
6044890
4677426
5812722
5871938
5912760
5842064
6475686
5362732
5706288
5608540
6280300
4106180
5666058
5465822
4505692
4164456
4327774
4917374
4829646
4498208
5962746
5112804
5301354
6201452
4588916
5593804
5463700
7842450
6823762
4227966
7642638
5274922
6074496
6578748
4989236
6394348
5435606
5072918
6151604
4877972
6338712
5071020
6150434
6102666
5627178
5017308
5371350
7668658
5606672
4765352
4997486
5333132
7267230
6189342
6077116
5653530
4658776
6347310
4874682
4983300
6067100
5350658
5695350
5911954
6371940
5056662
4763432
5316606
4225088
5507144
6171270
5380770
5784322
5083874
4557936
4480756
6819480
5411984
4469066
8235162
5684382
5443424
5414988
4962244
4907514
4526706
5829806
6566550
5079720
6369216
4590276
6110478
5810104
6259978
6470556
5450920
6271582
6348994
6315802
7164642
4546146
5413240
4129526
5211660
6332670
5729146
5158360
5119188
6766794
5026158
5049890
5312644
5550814
6311438
5668536
4524044
7454308
5336174
4296966
4706296
5199424
4464238
5581690
6207160
6480994
5913116
6001352
5926864
6026584
5663172
5254902
5227274
5437612
6003814
4524046
6686830
6886226
5569760
6083206
5390464
5478238
6084908
4970974
5634624
5906584
5119252
5890962
5173164
5978664
5713386
5348502
6486436
5803402
5088096
6270818
4783060
4360772
5295596
4689180
6369216
5814702
6765228
5469800
6174736
5875602
4919766
6772150
4376844
5866708
4263616
4674556
6866210
5741146
5800524
5103928
6238552
5611356
5672028
6274518
5620118
5896394
4467308
5613936
4682458
4661634
5803338
3929720
5933216
4327118
5869826
5467932
6175928
4907776
5969540
5617244
6030122
5502728
4496160
6370302
4367986
4661448
5521808
5532660
5450772
6340964
4564116
5299598
5824578
5964086
5586366
6389660
4281464
5511368
6576082
4989098
5945672
5786136
4886390
5433724
5009424
7016970
4025732
4991128
5613400
4379296
5056472
6776974
4878170
5416284
4590806
6276832
5071574
4942144
5214558
5126354
5152642
5197256
5677154
5667714
5447480
5686776
4531372
7440790
5365882
4390672
6026064
4766098
5810196
4974738
5980260
4360054
4690406
4944060
4926844
5756026
4861686
3826586
5426384
7466454
5213782
5201232
5453492
4611920
4596802
6059624
4314426
4433602
4815364
6449048
6343586
5279690
4991338
3826434
4889212
6121778
5689402
5785792
5330170
4399072
5988048
6141860
5551076
6192124
5169626
6623752
4217658
6919004
4791774
4724632
5094242
5073402
5602142
5382904
4683570
5124488
5915306
5317406
5711608
4633488
5208864
4557544
5558104
5585386
5087408
5851816
5793566
5554428
6770900
5219844
4910474
6649490
4926836
4808484
4305646
4956776
5038272
5717138
6460888
5911744
6748932
6792842
4942150
5456728
5844260
5472884
5614446
4919676
5755826
5545586
4054766
5196272
6121516
4824648
5374280
5579714
5187408
5691358
7470434
5965892
6627380
6251052
7642454
5952740
5171456
5057916
5665568
5322090
4632596
4273754
7563004
6102996
5313228
5632598
5664110
4996028
5173888
4805074
4477752
4882022
5683498
5014938
5375052
5857444
4467302
4690194
6882822
6478116
4881434
4399206
5020836
6043624
6931378
3875556
5350618
5456414
5839308
4997254
5590628
5847878
5545286
5401348
5971672
4361584
4742766
5970698
5818340
5434198
5077824
5626664
5558956
5678244
4374860
4024086
6724766
4417792
4765628
6594136
5763666
5301444
6221850
6286390
6597482
4417202
6368430
6999098
4683568
6179490
4955262
5844972
4788516
4726858
5391052
5427946
6138944
5527844
5564446
6172296
4607986
5215762
5730396
4500458
5309896
5055504
5284432
5483330
5709660
5760216
5579020
5768762
4512658
4829626
7350694
6532940
5882890
5501274
4884196
4788260
5286856
4521152
6297034
5071090
5838828
7073282
5509534
5648408
5989132
6072278
6394366
5711936
5378708
7219822
5625120
4702374
6321110
4854792
4295928
5552466
6296076
6606846
4874216
5557644
5999958
6191468
6042686
6698506
4669554
4499130
5762950
4855548
6008226
5528034
5904558
5779070
4521726
5404354
5532930
6477468
5010106
5536450
6193204
5608166
5547942
6468044
4203928
5397746
5978246
5489506
4410594
5972864
4973950
6079148
4280048
5565990
5310770
6874676
5015268
6430358
4351656
6169704
4177480
6269592
7203808
5753512
4227716
6390084
5215720
6202562
5930896
5170312
4887428
5906080
6801080
5396734
6765658
4079784
6672502
7274610
6586882
5706210
5886558
6350126
6691484
6996918
5334006
6763968
5998482
4517114
5113172
4955720
4762652
4852894
4859546
7265108
5124444
6442390
5168348
6374136
4881162
5197086
5080198
6668578
5413006
6272418
4977996
5058394
5191504
6287652
4874080
4815258
5537222
5959502
4785090
5908376
4681766
5553236
4611046
5328442
4025680
5779808
6674214
6821340
5780136
5613562
5073632
4277362
6040784
4531402
5828842
5252732
6456580
5787214
4881152
4779016
4500912
6468776
6748668
4129950
6125066
4896848
4367248
4973474
6456642
6161250
5419518
4995004
4280044
5782736
6011726
4980572
4079810
6228634
5192802
5174526
5350424
5995674
5277830
5569238
5833056
5220882
5903204
4690494
6097910
5947974
7235678
5274392
5177112
5080744
5272258
