100 5
1 2 3
2 3 4
3 4 5
4 5 2
3 6 1
6 7 5
3 8 4
5 9 1
6 10 5
6 11 5
11 12 2
11 13 1
1 14 3
5 15 3
8 16 2
5 17 5
8 18 4
6 19 3
18 20 4
6 21 4
15 22 4
6 23 1
8 24 2
9 25 2
20 26 3
22 27 2
1 28 1
14 29 2
14 30 4
11 31 4
5 32 2
19 33 1
11 34 5
16 35 1
10 36 2
29 37 3
17 38 1
32 39 3
8 40 1
5 41 3
21 42 3
3 43 1
8 44 5
17 45 3
17 46 4
36 47 3
26 48 2
6 49 5
11 50 3
47 51 5
42 52 3
45 53 5
8 54 5
19 55 4
46 56 3
33 57 2
24 58 2
12 59 1
25 60 2
59 61 5
44 62 2
37 63 2
27 64 2
6 65 4
13 66 5
11 67 3
57 68 3
46 69 3
23 70 2
28 71 2
8 72 5
34 73 2
14 74 5
8 75 3
30 76 3
60 77 2
28 78 4
49 79 2
69 80 2
68 81 4
74 82 2
77 83 4
8 84 3
61 85 3
80 86 1
30 87 5
18 88 4
11 89 1
48 90 5
60 91 2
81 92 3
60 93 3
92 94 3
93 95 2
6 96 1
82 97 1
87 98 1
95 99 5
26 100 4
