2000 9
1 2 1
1 3 5
1 4 5
3 5 2
3 6 2
2 7 1
1 8 2
3 9 1
4 10 1
7 11 3
10 12 1
9 13 1
2 14 1
12 15 3
1 16 5
10 17 4
16 18 2
17 19 4
1 20 5
14 21 2
1 22 4
22 23 5
6 24 2
13 25 3
3 26 2
7 27 5
23 28 1
16 29 4
2 30 3
16 31 1
5 32 2
17 33 1
23 34 3
18 35 5
4 36 1
26 37 1
22 38 5
27 39 3
38 40 5
3 41 4
25 42 1
3 43 3
24 44 3
7 45 2
23 46 1
8 47 4
17 48 1
34 49 4
48 50 1
16 51 5
19 52 5
1 53 4
22 54 3
36 55 2
3 56 5
54 57 4
31 58 4
40 59 3
51 60 5
39 61 3
59 62 4
33 63 3
57 64 2
10 65 3
4 66 2
65 67 1
24 68 4
34 69 1
23 70 2
23 71 1
12 72 1
43 73 5
34 74 1
63 75 2
67 76 1
45 77 1
39 78 2
9 79 5
4 80 5
59 81 3
57 82 2
81 83 1
11 84 1
58 85 4
14 86 3
9 87 1
63 88 3
10 89 5
10 90 3
40 91 1
19 92 2
55 93 1
60 94 2
85 95 2
17 96 1
79 97 4
3 98 1
80 99 5
8 100 4
78 101 4
64 102 3
24 103 2
76 104 3
47 105 5
14 106 4
85 107 3
28 108 4
15 109 4
31 110 4
69 111 4
89 112 1
70 113 1
67 114 3
69 115 2
72 116 2
103 117 5
111 118 1
35 119 1
18 120 3
80 121 5
30 122 2
14 123 1
109 124 1
80 125 5
89 126 1
5 127 4
8 128 3
61 129 3
110 130 2
9 131 1
4 132 4
9 133 1
37 134 5
19 135 4
47 136 1
89 137 3
112 138 5
47 139 3
14 140 5
131 141 5
100 142 1
102 143 2
80 144 3
53 145 5
129 146 1
35 147 5
126 148 5
84 149 3
66 150 1
84 151 2
38 152 3
22 153 4
137 154 3
114 155 4
99 156 4
17 157 2
74 158 1
101 159 5
84 160 5
154 161 4
27 162 3
162 163 2
153 164 1
32 165 3
87 166 4
97 167 1
100 168 1
72 169 3
150 170 1
85 171 4
120 172 1
7 173 5
109 174 2
130 175 1
173 176 1
55 177 2
61 178 1
11 179 3
178 180 3
103 181 3
178 182 5
145 183 4
118 184 2
43 185 5
74 186 1
95 187 1
9 188 2
152 189 5
13 190 5
56 191 5
93 192 5
129 193 2
177 194 4
124 195 4
43 196 4
169 197 4
106 198 2
28 199 5
150 200 1
149 201 2
99 202 5
105 203 5
52 204 3
27 205 3
10 206 4
27 207 1
78 208 5
62 209 1
93 210 1
33 211 3
1 212 5
206 213 1
166 214 3
126 215 4
116 216 5
122 217 3
71 218 1
2 219 1
89 220 3
206 221 5
165 222 2
170 223 2
98 224 3
97 225 5
76 226 2
87 227 3
123 228 2
6 229 1
135 230 5
101 231 4
148 232 1
125 233 1
68 234 4
208 235 4
196 236 2
122 237 3
66 238 4
163 239 1
188 240 3
183 241 3
11 242 5
12 243 4
219 244 5
131 245 4
134 246 3
182 247 4
53 248 1
139 249 5
8 250 1
214 251 5
183 252 2
192 253 4
141 254 5
31 255 1
19 256 5
214 257 5
143 258 3
185 259 5
158 260 1
148 261 4
158 262 3
120 263 3
78 264 2
196 265 3
188 266 3
137 267 4
225 268 2
183 269 5
65 270 5
13 271 2
179 272 3
45 273 2
71 274 4
266 275 4
222 276 2
264 277 4
16 278 5
16 279 1
151 280 5
182 281 4
136 282 2
208 283 5
49 284 5
151 285 2
29 286 1
163 287 2
249 288 5
137 289 4
182 290 2
252 291 3
109 292 3
157 293 4
33 294 2
227 295 3
8 296 4
62 297 5
295 298 3
223 299 5
42 300 2
125 301 2
270 302 2
78 303 5
95 304 1
210 305 3
120 306 5
296 307 5
100 308 1
264 309 1
140 310 3
173 311 1
206 312 2
199 313 2
284 314 3
20 315 4
130 316 4
133 317 1
255 318 2
4 319 3
155 320 4
318 321 5
19 322 5
229 323 1
259 324 5
103 325 5
217 326 2
210 327 2
138 328 3
114 329 1
263 330 1
114 331 1
121 332 4
61 333 5
157 334 4
293 335 1
148 336 3
7 337 1
299 338 3
33 339 2
256 340 5
325 341 5
26 342 3
201 343 5
52 344 3
230 345 4
119 346 1
180 347 5
222 348 5
104 349 5
239 350 3
76 351 1
301 352 1
343 353 1
106 354 3
35 355 4
275 356 2
233 357 3
350 358 3
98 359 5
19 360 5
69 361 5
104 362 4
100 363 3
349 364 5
218 365 5
57 366 4
112 367 5
139 368 5
94 369 2
318 370 2
313 371 4
344 372 3
229 373 2
107 374 2
243 375 4
146 376 2
115 377 5
8 378 2
179 379 2
44 380 2
352 381 4
123 382 3
73 383 2
16 384 3
3 385 1
380 386 1
257 387 5
57 388 5
180 389 3
272 390 1
334 391 4
321 392 2
112 393 5
135 394 2
291 395 4
39 396 3
141 397 5
63 398 4
223 399 3
321 400 2
264 401 1
336 402 2
49 403 3
236 404 4
162 405 4
358 406 5
17 407 1
200 408 3
371 409 2
217 410 3
331 411 1
207 412 4
136 413 4
367 414 3
105 415 4
335 416 5
349 417 4
32 418 4
30 419 5
358 420 5
304 421 4
256 422 5
356 423 3
190 424 1
265 425 4
375 426 2
299 427 3
237 428 1
206 429 3
121 430 2
306 431 4
21 432 2
355 433 5
55 434 3
76 435 3
266 436 3
74 437 5
206 438 2
319 439 4
204 440 3
309 441 3
269 442 2
392 443 2
129 444 4
428 445 1
77 446 1
44 447 3
285 448 2
61 449 5
247 450 2
353 451 1
255 452 5
440 453 4
238 454 4
277 455 5
207 456 4
265 457 2
289 458 3
121 459 2
195 460 2
175 461 4
198 462 4
106 463 1
105 464 1
280 465 3
425 466 1
126 467 4
299 468 1
29 469 5
344 470 2
34 471 5
336 472 1
464 473 5
354 474 4
342 475 5
470 476 2
423 477 2
228 478 4
462 479 1
5 480 3
198 481 3
183 482 4
439 483 5
185 484 4
441 485 2
66 486 2
181 487 4
186 488 3
57 489 1
162 490 2
29 491 5
319 492 5
253 493 2
25 494 3
110 495 1
339 496 5
219 497 2
351 498 5
230 499 5
435 500 1
465 501 5
173 502 3
89 503 5
384 504 4
83 505 1
102 506 5
142 507 2
70 508 4
18 509 1
263 510 5
203 511 2
157 512 2
184 513 1
104 514 4
376 515 2
464 516 1
290 517 2
314 518 1
175 519 3
251 520 2
359 521 4
456 522 4
53 523 1
134 524 4
332 525 3
15 526 1
372 527 2
202 528 5
281 529 5
249 530 5
421 531 2
327 532 3
441 533 5
484 534 1
493 535 2
416 536 3
209 537 4
370 538 3
389 539 1
351 540 4
378 541 1
468 542 2
374 543 1
258 544 5
398 545 5
88 546 2
498 547 2
317 548 1
185 549 4
349 550 5
43 551 4
144 552 4
89 553 3
34 554 1
107 555 1
305 556 1
215 557 5
213 558 2
66 559 5
166 560 3
33 561 3
1 562 5
80 563 1
505 564 2
56 565 5
246 566 1
358 567 4
146 568 2
461 569 2
551 570 2
473 571 4
327 572 4
367 573 5
527 574 3
62 575 3
7 576 3
440 577 1
551 578 4
259 579 5
36 580 3
573 581 5
104 582 4
361 583 5
289 584 4
319 585 2
93 586 5
242 587 1
305 588 4
258 589 1
503 590 1
590 591 4
35 592 1
155 593 4
115 594 4
29 595 1
71 596 2
542 597 1
507 598 2
86 599 2
392 600 3
256 601 3
406 602 3
545 603 4
320 604 1
104 605 5
143 606 2
427 607 1
551 608 2
399 609 4
235 610 5
196 611 2
438 612 3
166 613 1
524 614 4
51 615 2
338 616 3
538 617 1
548 618 1
388 619 5
372 620 4
604 621 3
392 622 3
515 623 5
194 624 2
217 625 5
196 626 3
481 627 1
593 628 4
112 629 1
192 630 4
402 631 2
253 632 3
28 633 2
551 634 4
513 635 1
275 636 3
50 637 3
375 638 5
544 639 4
582 640 2
294 641 3
286 642 2
75 643 3
617 644 3
121 645 3
531 646 5
341 647 2
190 648 5
4 649 3
468 650 4
479 651 1
71 652 4
124 653 2
69 654 1
19 655 3
250 656 4
306 657 4
365 658 4
23 659 4
352 660 1
201 661 1
22 662 3
449 663 5
410 664 3
1 665 3
583 666 3
521 667 5
210 668 4
167 669 3
293 670 2
140 671 2
633 672 5
120 673 5
526 674 2
191 675 3
210 676 1
302 677 3
289 678 3
146 679 2
239 680 1
183 681 5
185 682 2
246 683 4
62 684 1
386 685 5
75 686 2
288 687 3
359 688 1
223 689 5
625 690 3
344 691 3
191 692 5
655 693 5
308 694 3
641 695 4
429 696 1
562 697 3
414 698 1
269 699 3
476 700 4
445 701 4
9 702 5
315 703 2
348 704 5
627 705 4
433 706 5
324 707 4
296 708 4
96 709 4
608 710 5
319 711 4
129 712 3
63 713 5
307 714 2
634 715 4
351 716 5
40 717 3
52 718 1
595 719 5
86 720 4
608 721 3
99 722 3
517 723 2
52 724 2
676 725 5
197 726 3
595 727 2
635 728 1
485 729 3
557 730 2
607 731 5
39 732 2
431 733 2
214 734 5
712 735 3
278 736 4
678 737 5
94 738 1
21 739 5
545 740 4
609 741 1
46 742 3
528 743 4
177 744 2
258 745 3
648 746 2
395 747 1
705 748 5
726 749 3
42 750 1
482 751 2
125 752 5
84 753 1
2 754 2
391 755 5
223 756 2
58 757 2
357 758 3
545 759 3
517 760 3
205 761 5
4 762 5
184 763 5
429 764 1
291 765 5
246 766 5
148 767 2
576 768 2
469 769 3
446 770 3
435 771 5
167 772 3
437 773 4
369 774 1
359 775 1
459 776 5
728 777 2
663 778 3
237 779 5
151 780 1
456 781 3
392 782 5
221 783 3
282 784 2
515 785 2
318 786 2
224 787 3
25 788 2
323 789 3
602 790 5
536 791 3
3 792 1
235 793 5
8 794 1
436 795 4
28 796 4
569 797 1
574 798 2
348 799 5
667 800 3
728 801 5
260 802 2
529 803 3
163 804 3
162 805 4
654 806 2
226 807 2
344 808 2
400 809 2
70 810 4
485 811 5
540 812 2
291 813 5
281 814 2
34 815 2
251 816 4
57 817 5
23 818 5
740 819 3
523 820 1
438 821 5
18 822 5
723 823 1
235 824 1
1 825 5
574 826 3
556 827 3
748 828 2
713 829 3
25 830 2
483 831 4
240 832 1
611 833 1
715 834 5
293 835 5
686 836 1
377 837 3
818 838 1
229 839 2
154 840 2
239 841 3
584 842 4
695 843 1
728 844 4
718 845 1
273 846 5
99 847 1
318 848 2
116 849 3
848 850 1
674 851 1
188 852 3
564 853 4
848 854 1
730 855 5
287 856 1
279 857 3
553 858 1
101 859 1
249 860 5
473 861 5
693 862 2
180 863 5
173 864 4
92 865 1
794 866 5
791 867 2
222 868 5
521 869 4
296 870 5
681 871 4
218 872 3
693 873 5
720 874 2
99 875 5
802 876 3
669 877 1
374 878 5
466 879 4
556 880 4
771 881 2
359 882 1
844 883 3
639 884 5
130 885 4
459 886 3
134 887 5
879 888 1
27 889 4
50 890 1
702 891 2
722 892 1
231 893 4
598 894 5
605 895 5
233 896 4
779 897 3
294 898 3
22 899 4
694 900 5
886 901 5
710 902 4
427 903 5
816 904 2
724 905 3
434 906 4
760 907 4
22 908 4
647 909 4
323 910 3
23 911 2
513 912 5
317 913 1
729 914 1
740 915 3
271 916 4
277 917 1
403 918 3
85 919 1
202 920 4
438 921 2
577 922 2
707 923 1
287 924 1
508 925 4
629 926 2
639 927 1
560 928 3
121 929 4
254 930 2
67 931 2
442 932 1
408 933 2
683 934 4
217 935 5
102 936 3
418 937 3
156 938 4
100 939 4
220 940 5
763 941 1
799 942 4
916 943 2
179 944 1
762 945 3
646 946 2
524 947 2
543 948 1
325 949 2
506 950 2
834 951 1
382 952 3
531 953 3
437 954 1
869 955 4
243 956 5
488 957 4
692 958 4
552 959 2
480 960 4
648 961 3
62 962 2
167 963 3
366 964 1
584 965 2
947 966 4
683 967 2
257 968 3
457 969 1
959 970 4
578 971 2
394 972 3
207 973 4
968 974 1
255 975 2
648 976 5
584 977 2
239 978 3
165 979 2
14 980 5
77 981 3
313 982 3
690 983 3
765 984 3
480 985 3
661 986 3
256 987 2
759 988 3
829 989 3
175 990 5
851 991 4
988 992 1
763 993 4
118 994 2
185 995 2
811 996 4
57 997 5
706 998 2
756 999 5
26 1000 2
183 1001 5
181 1002 5
283 1003 1
41 1004 2
244 1005 3
957 1006 1
170 1007 2
869 1008 3
694 1009 1
969 1010 1
243 1011 5
208 1012 5
912 1013 5
403 1014 2
418 1015 4
640 1016 2
498 1017 3
480 1018 5
673 1019 1
795 1020 3
521 1021 2
501 1022 2
298 1023 1
656 1024 2
906 1025 3
32 1026 3
119 1027 3
89 1028 4
839 1029 2
984 1030 2
96 1031 2
202 1032 5
283 1033 1
884 1034 5
41 1035 3
521 1036 5
101 1037 1
641 1038 5
750 1039 1
417 1040 2
965 1041 2
483 1042 5
252 1043 5
990 1044 3
460 1045 4
840 1046 4
169 1047 3
711 1048 2
135 1049 1
541 1050 4
529 1051 2
475 1052 4
243 1053 3
294 1054 5
831 1055 1
317 1056 1
1012 1057 2
565 1058 2
25 1059 5
308 1060 5
146 1061 3
917 1062 1
848 1063 1
387 1064 1
1058 1065 4
635 1066 2
786 1067 5
839 1068 1
294 1069 1
1041 1070 1
824 1071 2
278 1072 3
662 1073 1
880 1074 3
59 1075 3
138 1076 1
438 1077 5
269 1078 5
574 1079 4
950 1080 3
623 1081 3
1001 1082 4
956 1083 1
307 1084 4
557 1085 3
80 1086 4
915 1087 1
1030 1088 1
208 1089 2
656 1090 2
682 1091 1
358 1092 1
578 1093 5
1080 1094 3
923 1095 3
981 1096 3
611 1097 1
226 1098 2
544 1099 1
510 1100 3
1034 1101 2
423 1102 1
893 1103 5
395 1104 2
895 1105 4
57 1106 5
233 1107 4
608 1108 5
353 1109 1
829 1110 5
459 1111 4
9 1112 4
800 1113 1
610 1114 3
882 1115 1
84 1116 2
712 1117 3
39 1118 4
947 1119 3
863 1120 4
467 1121 4
490 1122 5
107 1123 3
796 1124 4
789 1125 4
265 1126 1
1098 1127 3
323 1128 5
917 1129 3
612 1130 5
706 1131 4
350 1132 2
723 1133 1
844 1134 2
684 1135 1
82 1136 1
150 1137 1
867 1138 4
1080 1139 3
387 1140 2
131 1141 4
640 1142 3
59 1143 2
490 1144 3
186 1145 2
733 1146 4
1110 1147 1
667 1148 1
86 1149 5
399 1150 5
205 1151 5
874 1152 5
1141 1153 4
368 1154 2
941 1155 4
247 1156 2
35 1157 4
299 1158 5
322 1159 2
1066 1160 2
9 1161 1
691 1162 1
853 1163 2
291 1164 5
965 1165 1
466 1166 2
125 1167 1
728 1168 5
1162 1169 5
889 1170 4
176 1171 2
549 1172 2
638 1173 2
767 1174 5
181 1175 5
391 1176 4
1152 1177 1
1039 1178 2
859 1179 2
47 1180 4
137 1181 3
231 1182 2
481 1183 1
613 1184 4
363 1185 2
50 1186 3
1100 1187 1
174 1188 2
1069 1189 1
465 1190 3
303 1191 1
887 1192 1
419 1193 5
1015 1194 2
149 1195 1
479 1196 1
831 1197 2
281 1198 4
401 1199 3
985 1200 5
351 1201 3
686 1202 2
1129 1203 2
481 1204 1
49 1205 5
195 1206 1
485 1207 2
496 1208 4
1186 1209 5
171 1210 2
259 1211 4
808 1212 3
985 1213 3
617 1214 5
1170 1215 5
155 1216 5
63 1217 3
441 1218 4
1143 1219 5
729 1220 5
495 1221 3
51 1222 4
856 1223 1
1065 1224 3
847 1225 5
209 1226 4
54 1227 2
1122 1228 2
695 1229 5
1003 1230 3
960 1231 1
275 1232 2
187 1233 1
875 1234 2
208 1235 5
74 1236 2
884 1237 3
658 1238 1
856 1239 5
508 1240 1
754 1241 5
569 1242 3
876 1243 4
149 1244 5
848 1245 4
178 1246 3
461 1247 3
594 1248 5
10 1249 1
545 1250 2
38 1251 5
209 1252 2
834 1253 1
268 1254 4
1213 1255 5
321 1256 1
400 1257 5
440 1258 1
460 1259 1
304 1260 1
272 1261 4
1027 1262 4
35 1263 5
347 1264 3
23 1265 3
529 1266 2
1124 1267 3
727 1268 5
1100 1269 3
337 1270 5
955 1271 4
1064 1272 1
102 1273 5
630 1274 1
854 1275 4
673 1276 4
60 1277 3
927 1278 5
472 1279 2
211 1280 3
676 1281 3
443 1282 5
1195 1283 4
611 1284 1
1226 1285 5
26 1286 2
1033 1287 4
711 1288 1
367 1289 2
1056 1290 5
26 1291 3
1096 1292 5
355 1293 5
110 1294 1
834 1295 3
155 1296 2
1192 1297 3
1117 1298 5
458 1299 4
19 1300 5
142 1301 1
1090 1302 3
38 1303 3
1162 1304 4
1149 1305 2
891 1306 5
628 1307 1
305 1308 4
344 1309 2
341 1310 1
88 1311 1
411 1312 1
182 1313 3
1069 1314 1
393 1315 3
500 1316 2
1315 1317 4
925 1318 4
993 1319 4
440 1320 5
839 1321 1
710 1322 3
111 1323 4
1106 1324 3
235 1325 4
777 1326 4
309 1327 5
1265 1328 3
470 1329 2
356 1330 3
135 1331 2
1068 1332 5
1151 1333 5
257 1334 3
543 1335 3
565 1336 2
42 1337 5
963 1338 3
888 1339 1
520 1340 5
41 1341 4
806 1342 2
378 1343 3
1321 1344 5
1017 1345 2
955 1346 2
959 1347 5
1158 1348 3
25 1349 5
204 1350 3
793 1351 3
730 1352 4
1339 1353 5
466 1354 1
109 1355 2
108 1356 5
86 1357 3
927 1358 5
350 1359 3
151 1360 5
627 1361 2
995 1362 5
958 1363 4
427 1364 5
836 1365 2
908 1366 5
194 1367 1
1220 1368 3
1298 1369 3
311 1370 4
1281 1371 5
1320 1372 5
319 1373 2
434 1374 5
501 1375 5
722 1376 4
286 1377 1
357 1378 1
180 1379 3
192 1380 1
685 1381 2
483 1382 5
653 1383 3
1312 1384 3
423 1385 3
1252 1386 5
389 1387 5
692 1388 1
651 1389 3
546 1390 3
160 1391 4
832 1392 5
866 1393 5
415 1394 4
659 1395 4
345 1396 2
64 1397 4
963 1398 3
1111 1399 5
943 1400 3
1121 1401 5
918 1402 4
1216 1403 3
290 1404 4
370 1405 3
345 1406 1
33 1407 4
742 1408 1
1287 1409 2
1166 1410 2
1232 1411 2
1249 1412 5
229 1413 4
889 1414 5
188 1415 4
1388 1416 4
729 1417 3
209 1418 3
280 1419 1
1044 1420 3
1130 1421 2
910 1422 4
332 1423 4
825 1424 3
475 1425 2
169 1426 4
1197 1427 5
395 1428 5
356 1429 4
397 1430 1
118 1431 1
850 1432 5
919 1433 5
325 1434 1
1071 1435 2
103 1436 4
1415 1437 4
645 1438 3
893 1439 4
1385 1440 5
579 1441 5
631 1442 1
976 1443 1
1308 1444 2
1300 1445 1
214 1446 3
1030 1447 1
461 1448 5
360 1449 1
1256 1450 2
199 1451 4
622 1452 2
443 1453 4
1192 1454 3
998 1455 3
1065 1456 3
1233 1457 4
220 1458 5
1254 1459 2
1073 1460 3
1176 1461 1
711 1462 3
993 1463 2
242 1464 3
909 1465 4
64 1466 4
1393 1467 1
1294 1468 3
271 1469 4
25 1470 2
647 1471 3
169 1472 4
987 1473 2
765 1474 3
801 1475 5
59 1476 1
732 1477 2
906 1478 1
697 1479 2
13 1480 2
1131 1481 2
612 1482 1
311 1483 3
1327 1484 2
713 1485 3
636 1486 5
1322 1487 4
859 1488 4
576 1489 5
147 1490 3
1087 1491 2
721 1492 1
502 1493 3
471 1494 4
498 1495 2
1154 1496 5
825 1497 4
1014 1498 1
761 1499 4
497 1500 4
878 1501 5
900 1502 1
1119 1503 5
589 1504 1
1377 1505 2
846 1506 4
983 1507 5
439 1508 1
767 1509 4
133 1510 1
104 1511 2
701 1512 2
1221 1513 1
565 1514 1
1084 1515 4
350 1516 3
888 1517 1
752 1518 3
1251 1519 1
1070 1520 2
1312 1521 5
152 1522 2
458 1523 5
1489 1524 1
1046 1525 2
136 1526 2
276 1527 2
383 1528 2
778 1529 3
854 1530 5
937 1531 4
304 1532 4
1286 1533 1
747 1534 4
44 1535 5
771 1536 4
1521 1537 3
1197 1538 5
559 1539 2
1214 1540 4
180 1541 4
332 1542 4
761 1543 4
750 1544 4
246 1545 3
63 1546 2
1289 1547 2
824 1548 1
553 1549 1
1415 1550 3
909 1551 4
905 1552 5
726 1553 2
1085 1554 2
1404 1555 4
130 1556 3
1099 1557 3
1371 1558 4
167 1559 2
300 1560 1
245 1561 3
1178 1562 4
478 1563 1
1453 1564 2
21 1565 3
1153 1566 1
1334 1567 3
837 1568 4
703 1569 1
1239 1570 5
483 1571 5
1559 1572 4
851 1573 2
360 1574 5
1237 1575 2
1316 1576 5
1429 1577 2
146 1578 5
32 1579 2
18 1580 1
848 1581 3
872 1582 3
389 1583 5
280 1584 4
1484 1585 2
622 1586 4
444 1587 4
1018 1588 5
385 1589 1
335 1590 2
982 1591 4
429 1592 4
388 1593 5
2 1594 4
302 1595 3
640 1596 5
53 1597 4
1120 1598 1
884 1599 3
884 1600 1
1145 1601 1
180 1602 2
1386 1603 5
13 1604 5
1408 1605 5
593 1606 4
1018 1607 4
627 1608 2
1531 1609 4
450 1610 1
1138 1611 3
883 1612 5
529 1613 2
892 1614 5
843 1615 2
1189 1616 2
1489 1617 1
674 1618 4
1055 1619 1
1119 1620 3
895 1621 4
1398 1622 5
551 1623 3
1029 1624 4
970 1625 4
1218 1626 3
1109 1627 3
975 1628 5
106 1629 5
276 1630 1
1313 1631 3
708 1632 1
1589 1633 5
853 1634 5
1223 1635 4
1193 1636 4
1610 1637 3
264 1638 5
1477 1639 4
840 1640 1
1137 1641 3
1268 1642 4
260 1643 1
708 1644 1
1275 1645 1
19 1646 4
407 1647 2
463 1648 1
1104 1649 4
379 1650 3
372 1651 1
1525 1652 1
105 1653 3
411 1654 1
209 1655 4
474 1656 2
590 1657 2
1069 1658 3
899 1659 3
1585 1660 2
27 1661 1
1352 1662 4
1449 1663 2
95 1664 3
754 1665 2
1376 1666 5
811 1667 4
14 1668 2
745 1669 2
678 1670 1
234 1671 3
90 1672 1
857 1673 2
975 1674 5
348 1675 5
1218 1676 5
255 1677 1
1600 1678 3
1409 1679 1
1056 1680 3
859 1681 4
738 1682 5
1088 1683 4
1598 1684 4
22 1685 5
99 1686 2
226 1687 2
1661 1688 5
841 1689 2
446 1690 2
1036 1691 3
1273 1692 2
300 1693 2
682 1694 1
456 1695 5
621 1696 3
1004 1697 3
475 1698 2
987 1699 4
195 1700 1
1510 1701 2
541 1702 4
22 1703 4
782 1704 3
549 1705 5
1317 1706 3
154 1707 4
424 1708 1
209 1709 2
1084 1710 3
183 1711 2
1428 1712 5
339 1713 3
1149 1714 1
116 1715 4
1045 1716 5
84 1717 4
21 1718 4
1698 1719 3
111 1720 3
95 1721 2
1654 1722 3
1371 1723 5
1325 1724 5
511 1725 1
1376 1726 2
359 1727 4
1203 1728 4
645 1729 1
464 1730 2
468 1731 5
1554 1732 2
686 1733 3
1103 1734 4
1064 1735 4
692 1736 3
1527 1737 4
528 1738 5
1463 1739 3
660 1740 4
461 1741 5
1045 1742 5
806 1743 2
1678 1744 1
1032 1745 1
1213 1746 1
60 1747 1
1558 1748 5
406 1749 4
1035 1750 1
204 1751 4
1003 1752 4
547 1753 4
1501 1754 2
140 1755 1
226 1756 4
1308 1757 1
1646 1758 2
990 1759 3
611 1760 4
724 1761 5
47 1762 5
629 1763 2
1251 1764 1
1218 1765 5
322 1766 5
729 1767 5
818 1768 3
996 1769 2
885 1770 2
1466 1771 4
562 1772 1
1503 1773 1
990 1774 1
765 1775 2
239 1776 4
1639 1777 4
1165 1778 1
593 1779 1
141 1780 4
319 1781 5
1070 1782 2
1083 1783 3
411 1784 2
291 1785 4
1633 1786 2
1088 1787 3
1216 1788 2
146 1789 5
1416 1790 2
250 1791 2
687 1792 5
895 1793 4
368 1794 4
1554 1795 5
1084 1796 1
991 1797 2
1411 1798 3
1478 1799 1
917 1800 5
140 1801 4
961 1802 5
245 1803 1
1273 1804 5
1803 1805 5
982 1806 3
364 1807 3
662 1808 2
1106 1809 4
1688 1810 1
1006 1811 2
356 1812 2
1105 1813 2
465 1814 1
654 1815 4
16 1816 2
990 1817 3
267 1818 4
727 1819 3
58 1820 2
24 1821 2
1569 1822 1
1713 1823 3
353 1824 3
259 1825 3
923 1826 3
695 1827 1
1425 1828 1
1679 1829 4
1031 1830 4
223 1831 4
572 1832 4
1733 1833 4
1156 1834 4
1207 1835 2
719 1836 2
1572 1837 5
1438 1838 5
1532 1839 4
388 1840 3
954 1841 1
933 1842 4
1615 1843 2
1053 1844 5
799 1845 4
938 1846 1
1173 1847 2
832 1848 1
755 1849 4
1300 1850 5
1647 1851 3
1660 1852 4
815 1853 2
645 1854 2
75 1855 1
232 1856 2
1819 1857 5
459 1858 2
1613 1859 5
852 1860 3
1553 1861 4
965 1862 2
889 1863 1
564 1864 2
1250 1865 2
655 1866 4
1471 1867 5
322 1868 5
374 1869 3
1033 1870 3
26 1871 1
497 1872 2
51 1873 2
1318 1874 3
939 1875 3
840 1876 5
1802 1877 4
341 1878 3
122 1879 4
274 1880 2
1106 1881 3
769 1882 2
429 1883 4
1795 1884 4
559 1885 5
1831 1886 1
197 1887 2
1649 1888 3
17 1889 3
882 1890 3
1874 1891 2
1508 1892 1
1874 1893 2
457 1894 4
79 1895 4
242 1896 4
210 1897 3
650 1898 4
205 1899 4
1828 1900 1
1448 1901 2
1544 1902 3
535 1903 3
1468 1904 4
1731 1905 2
283 1906 1
952 1907 3
275 1908 4
1517 1909 1
875 1910 1
539 1911 1
1864 1912 3
800 1913 1
596 1914 1
989 1915 3
397 1916 2
461 1917 1
768 1918 5
1240 1919 1
160 1920 2
839 1921 1
1385 1922 2
1858 1923 2
1279 1924 4
1143 1925 3
1442 1926 5
1207 1927 2
1505 1928 3
1042 1929 3
786 1930 3
168 1931 3
1570 1932 1
1836 1933 5
1562 1934 4
1283 1935 2
279 1936 4
1643 1937 4
1164 1938 3
291 1939 5
1338 1940 5
813 1941 5
354 1942 2
1173 1943 1
963 1944 3
716 1945 1
1873 1946 2
216 1947 2
448 1948 1
245 1949 3
857 1950 3
1591 1951 2
1889 1952 4
1207 1953 4
111 1954 3
1302 1955 1
526 1956 2
1004 1957 5
729 1958 5
569 1959 5
477 1960 2
1468 1961 5
1398 1962 1
1080 1963 2
1793 1964 4
338 1965 2
858 1966 4
507 1967 4
1047 1968 2
1176 1969 5
450 1970 1
605 1971 3
1482 1972 3
1475 1973 3
683 1974 5
546 1975 5
1810 1976 3
299 1977 5
923 1978 1
869 1979 2
604 1980 3
1835 1981 2
1692 1982 4
1126 1983 4
544 1984 3
1562 1985 3
1698 1986 3
1578 1987 5
1070 1988 5
1838 1989 4
909 1990 1
821 1991 1
649 1992 4
1310 1993 2
113 1994 1
1095 1995 1
1243 1996 2
1826 1997 2
1 1998 2
1256 1999 5
1007 2000 1
