1000 1000
745659>>>922>>>4<8<177<32515>93><8642>43>26>>>>7289851922>65523501001546<352923>45<>97>4809419404>2>04473>323<>506175292552148>80>>99728>64307110>06748>>0>9<14069<17<5<5868420>33620630>432><>375600970067312>62<3658>2249>535>061<178<69<<53<7>807>>5>018618066>47<422>883129<4>9>2>7956467>96>>10640487668591>54>41150243481990691090741<74051>5651><83>8<715028><<<4165>9736151><>4>8>6324<489>37020858>14>702>8>915182<<9<6032>>007<<140505<972>45<37<2<<<4<42128>0<7<4>3816<839<6>063547>38375905948<>4534417>02524930>28<3<5><1>><9<273153352<884<965>638><2<48<<5>>3<42<51402<58<2602>2>1597<0646294<592<05378760>81175><57<5>5<35<732<69156>2707<<>03711854772215493<9<159<54<6>51<0830><004>2207745257196<0<<>87<50925<9982<>4>5<724<2>677<<86>488908<59543802586796726<47137<19804<4739<5637<8>675462<<53368<60681<3<<<22<882875<>380><0<72<><6302862<<4031><29914>461<5<66>7998>156024>9796<046530<<>83280<>72>270<05<22<78<2088>242<60775>902617<><11><5<41712<>7>4<88749<>3<3>667025040<46353483<8<205145761518<79826<<827
329 404
305 571
111 154
75 402
1 867
99 301
639 895
330 341
559 853
8 248
109 124
29 103
666 864
40 774
429 528
183 492
424 603
367 518
234 441
192 831
396 889
585 668
260 586
79 347
89 590
542 963
160 616
649 685
644 818
725 782
364 829
367 734
169 449
152 446
280 750
123 895
172 681
662 709
339 660
537 972
503 876
532 991
274 965
234 631
345 529
72 818
122 149
25 920
606 923
32 976
669 956
58 282
156 259
931 958
555 894
236 324
33 965
418 443
371 651
48 276
408 800
121 751
285 767
366 965
67 366
277 454
58 802
297 479
223 481
259 780
486 948
111 604
581 805
382 410
188 290
476 948
144 870
355 500
91 215
487 656
66 639
407 863
559 706
218 458
836 839
143 887
750 958
569 590
406 448
52 191
299 588
35 257
683 865
526 640
751 978
4 920
544 586
307 838
788 978
455 537
673 812
470 600
682 990
524 608
355 840
58 140
445 683
395 894
420 768
437 817
310 946
446 467
532 726
346 386
13 998
206 360
745 864
710 960
52 454
189 396
227 261
459 928
736 873
314 692
120 836
948 977
156 539
160 494
510 727
236 381
471 754
592 627
355 961
329 486
300 474
5 345
560 846
591 792
116 903
309 855
239 813
635 988
638 706
104 636
8 374
203 211
280 295
703 842
350 811
73 406
463 500
257 532
182 790
790 967
362 595
88 386
635 865
506 942
138 294
493 741
854 970
111 820
433 509
236 619
494 784
738 903
436 787
208 348
205 646
386 857
103 241
87 569
18 650
326 939
107 902
87 129
54 430
296 785
264 468
569 877
897 906
185 737
7 622
665 698
45 86
184 353
771 937
140 804
315 923
288 580
421 941
881 919
60 555
160 864
757 887
148 538
289 839
476 481
25 538
523 935
307 935
105 214
394 645
197 626
317 915
839 992
377 692
36 492
274 602
35 708
503 749
30 488
417 782
906 935
37 404
176 202
98 993
486 905
71 213
380 452
448 738
296 418
377 814
126 866
247 465
13 545
555 770
29 921
54 120
177 899
107 269
151 684
77 566
477 721
912 976
744 816
273 285
274 404
44 262
268 757
2 907
724 850
104 335
400 415
431 630
231 649
85 450
9 707
121 684
120 430
745 878
369 536
139 863
594 872
418 924
369 394
503 820
895 991
100 901
60 69
649 771
150 790
266 645
637 816
37 619
200 223
208 212
176 876
868 914
161 598
278 556
540 897
178 311
352 943
652 703
77 749
429 432
177 761
308 835
493 547
271 947
464 680
404 463
394 724
112 634
335 742
32 206
659 700
300 964
271 570
364 545
716 921
90 436
568 991
99 662
207 412
372 969
517 533
212 789
156 317
243 900
437 653
617 994
98 727
714 949
385 882
91 509
577 743
671 1000
64 309
736 961
110 776
526 578
589 711
62 299
385 387
94 446
384 808
294 708
172 849
54 489
67 426
152 556
472 539
249 535
109 303
702 885
370 431
66 346
78 376
74 911
647 841
8 170
73 118
484 507
241 888
70 673
353 495
52 420
30 857
363 896
844 935
805 857
170 907
57 351
387 871
739 846
816 932
568 825
119 119
108 762
153 596
83 325
212 399
433 620
378 882
338 588
159 755
724 780
488 890
288 589
408 749
238 324
678 715
598 834
460 914
187 978
229 373
147 942
53 939
496 722
22 403
757 932
269 653
69 567
457 702
206 524
149 580
923 984
61 185
574 978
380 843
433 604
252 724
186 737
329 875
224 783
656 742
121 995
575 796
479 816
687 821
29 363
422 528
490 948
401 442
111 785
655 697
255 814
280 550
189 511
734 907
600 766
84 265
410 743
516 776
330 658
69 950
623 743
209 346
869 987
138 823
327 521
92 469
403 858
561 787
262 425
806 1000
835 978
183 820
118 720
372 882
290 607
114 640
251 538
97 664
168 635
158 458
525 540
228 311
448 807
15 163
541 877
65 323
558 670
530 664
438 453
265 447
221 849
22 107
38 879
781 890
84 770
13 83
385 425
257 476
54 274
63 339
407 878
252 934
347 961
221 997
257 431
653 925
388 528
543 681
608 812
158 687
625 922
120 175
591 989
204 860
190 236
502 628
41 553
251 758
105 467
557 764
21 234
198 287
750 908
404 748
290 803
405 624
767 792
285 475
279 408
452 703
886 999
578 920
444 642
139 461
128 476
314 375
568 758
484 685
110 123
20 437
724 754
388 817
304 892
387 629
415 747
958 969
767 937
573 990
178 305
198 555
509 712
621 646
131 842
209 644
24 136
615 883
213 690
603 626
105 696
209 992
193 237
372 759
375 684
790 974
34 479
638 699
197 402
613 631
377 843
480 498
44 284
550 973
144 594
417 725
196 460
600 715
118 636
108 219
569 838
242 612
839 945
279 987
21 588
362 444
108 521
302 760
274 743
703 775
24 268
26 76
119 991
99 155
648 926
416 429
95 349
234 967
495 655
750 949
139 689
20 469
100 578
288 668
545 968
124 659
57 550
709 723
281 820
152 808
5 182
616 818
163 950
36 311
145 428
33 877
127 545
4 471
11 628
101 836
523 576
119 972
195 551
143 563
138 538
10 25
20 212
143 690
46 472
962 981
353 956
417 814
38 381
569 910
639 953
123 334
81 755
735 976
279 407
39 862
41 787
154 806
730 868
497 999
304 532
275 432
461 744
331 423
142 402
40 827
47 332
706 726
163 907
86 973
274 816
329 495
803 818
77 246
487 702
361 687
115 824
232 287
376 734
147 371
589 967
205 555
82 708
382 640
327 467
560 815
301 562
101 231
178 740
256 536
124 504
127 744
723 919
197 911
362 565
291 983
56 289
53 823
377 464
60 843
372 385
181 376
167 342
424 680
8 943
678 744
228 872
131 356
69 700
592 937
452 989
129 741
250 757
57 161
185 499
23 864
338 807
445 869
666 960
188 937
230 315
116 759
313 739
114 166
19 935
151 944
500 830
528 651
90 227
273 288
166 227
121 480
388 489
144 216
240 824
860 870
209 650
14 907
133 839
84 789
147 871
401 877
361 772
181 292
852 928
434 893
56 414
333 741
690 856
775 935
632 807
9 822
456 551
699 813
710 759
425 762
7 236
431 829
293 836
718 825
707 880
359 991
113 754
260 560
404 739
857 916
136 871
4 177
218 888
134 641
55 103
875 923
503 718
637 951
242 314
333 577
472 770
166 815
103 393
296 750
223 374
599 967
221 626
382 487
164 273
387 676
55 769
159 689
77 738
708 968
416 976
531 897
122 624
258 275
62 497
286 396
97 755
7 382
427 797
346 586
734 796
722 845
485 830
77 894
42 751
134 454
592 701
650 842
254 494
43 850
416 718
37 256
792 986
795 931
49 103
297 586
168 791
302 466
41 677
201 830
693 927
167 229
480 873
584 787
3 634
242 477
334 439
729 768
55 722
34 357
86 811
261 559
328 453
487 770
363 447
143 797
653 923
204 610
109 250
172 640
384 799
498 630
315 953
141 905
450 927
180 293
463 485
17 699
687 771
277 422
86 592
249 672
695 909
508 636
6 264
144 709
274 863
47 795
120 397
155 935
688 945
194 833
329 877
441 941
491 966
162 396
94 900
28 498
202 783
467 519
626 778
163 419
60 319
191 917
90 876
471 961
363 640
179 706
267 734
81 110
156 788
795 829
136 527
872 876
219 611
559 662
216 923
441 903
798 929
198 721
400 991
132 811
823 845
497 679
420 864
49 504
670 834
737 858
707 938
46 987
597 599
88 305
316 359
75 504
171 535
353 418
55 289
527 646
42 500
422 903
28 828
151 997
81 814
412 898
295 908
276 669
909 933
104 405
404 456
344 398
47 727
256 647
427 552
7 341
674 726
513 815
99 745
139 748
262 314
646 957
628 669
426 806
36 133
813 884
267 553
465 520
804 887
600 892
82 228
538 730
89 681
775 838
63 394
302 397
52 93
147 980
230 314
178 461
900 972
797 992
236 305
2 403
653 803
740 876
100 549
416 796
148 362
296 362
623 736
106 157
563 655
583 718
54 82
26 286
530 541
543 716
728 831
943 978
427 747
386 707
171 505
65 491
94 356
341 715
119 693
729 778
353 867
455 795
325 419
421 755
119 880
328 673
3 789
410 868
545 644
910 917
263 562
183 990
63 392
66 284
57 193
94 307
170 381
156 485
227 589
134 612
164 236
793 998
495 932
57 515
270 997
182 580
198 792
313 486
756 895
215 509
93 661
37 130
103 386
16 920
104 489
567 773
889 920
335 359
508 811
200 881
273 889
886 908
390 877
88 689
134 234
94 205
488 505
486 759
345 580
120 910
22 261
316 458
755 927
370 755
93 101
523 901
78 852
270 706
641 855
468 488
577 981
287 861
255 506
244 847
680 753
185 230
169 676
295 666
95 749
508 529
151 511
572 891
406 916
210 823
442 901
605 713
155 697
320 603
348 486
446 476
632 790
73 478
4 715
175 942
72 383
522 740
784 851
46 128
35 303
453 932
582 608
764 966
43 552
115 993
