1000 1000
>879185>099>174100>760680345625757>901>50594010>70<83124<7>145214>68>880><55170664<8>>25>3<44341>>>76923>3>8>5215>90>3143352<383>>5073981>770615>6<40138>03>>2455<2092><4<<35226>>5687<69>7>0>5<41<>547<>180>>>5>067<34<24>919>8>>4690>>8>6<3>430>8>5452>>>>8>863><>26813>8<54360563283<<44137171>2><>56<1383507>63149<6>779268039291018120797>11452699<6>537<08241>395687<25807>44>7315685<43<44698681564761<027>7<52797825><920<>1383700>61>67808524<9709<87125<5213325<364919<34<7>>4<>55<191><<4>>9>885<7313105>073<>807<<749<<0>13177>71324731<1><70>93051741>29>5086>04>02>99<<0326<>8>5486>3>03<95859802<<3<18<2>1515>54216260>279749<<>>><803>001<5>9156<7<6577236965<558774135>222224944831>46<<><2272301238308>924<9<92<<3345264281951861<056<<760343<<<21<3<707045730169>93<<6>067>16330>3>067382<9<22141<5291064<1008><5926791<30<77556>1698973<<62<4<11<9>98>5647<17><76461302081>7237<9446<607334>15099<<0530098425737><33<0<2>514<<50>511><4571<>43591135>2238624<750<<<84<<6557233<1690<73<3880<0<9690<2957564855919<<>7
601 965
164 685
64 453
656 917
110 672
460 995
87 624
595 983
709 899
230 788
802 853
654 946
554 861
878 893
674 696
83 247
74 745
489 877
418 965
128 987
121 790
312 754
185 408
134 780
318 408
199 595
419 591
625 898
413 659
828 862
156 920
335 664
706 879
303 819
384 425
26 975
304 361
34 690
224 676
496 715
407 908
161 410
92 217
755 866
168 538
234 447
709 858
609 763
528 558
165 882
21 263
141 579
168 227
860 932
291 827
241 955
157 324
198 439
376 496
299 390
408 948
1 279
135 187
204 566
707 817
542 598
216 831
4 939
65 708
117 830
44 741
157 497
10 654
587 628
292 407
187 849
131 459
588 828
319 447
376 720
564 911
383 836
486 621
205 611
162 390
213 690
554 995
759 793
185 725
96 265
210 525
91 710
424 434
329 456
434 463
317 689
617 954
219 878
38 682
966 978
405 646
604 992
292 598
507 816
164 914
91 153
632 772
621 810
588 786
443 879
393 694
18 940
733 989
723 749
627 945
873 897
706 910
339 558
281 607
486 736
187 724
517 873
312 465
36 312
41 129
302 845
83 905
259 937
165 270
779 796
264 314
381 862
203 304
398 929
700 944
7 979
268 939
284 391
9 613
533 813
37 193
718 871
345 904
476 744
272 660
535 577
310 778
74 323
546 583
246 983
171 608
30 600
593 711
63 672
277 496
513 991
316 511
168 728
209 327
327 727
198 926
443 445
335 719
23 585
335 879
403 681
425 576
423 580
129 641
195 785
691 896
37 634
614 739
99 368
524 682
90 212
192 863
353 672
199 765
89 514
284 872
22 549
86 338
9 831
392 420
224 769
764 902
120 982
218 621
191 335
539 955
647 993
212 965
365 614
481 739
829 986
155 663
9 865
41 151
129 141
178 588
527 880
403 559
84 442
387 475
62 772
85 160
85 885
223 357
95 478
682 810
148 591
114 647
268 599
383 441
107 689
101 276
680 717
300 702
171 859
99 178
299 443
387 427
300 488
287 664
711 793
344 436
184 744
205 652
494 805
14 506
375 652
252 841
90 690
655 740
291 340
415 758
385 555
3 147
613 675
724 959
473 641
227 634
413 936
671 882
822 999
328 833
68 150
1 776
141 815
135 357
197 924
174 431
116 373
239 608
206 644
262 489
77 802
244 379
499 696
231 939
70 769
90 673
655 683
49 293
410 873
440 749
647 931
190 528
430 953
135 491
405 857
22 174
97 385
399 562
522 911
246 684
452 709
366 662
586 1000
435 575
485 910
191 593
274 755
46 209
202 931
593 907
414 550
158 483
399 472
6 285
179 733
718 854
288 908
214 705
296 563
677 731
165 472
132 982
152 991
294 666
533 622
71 800
365 723
202 981
134 262
56 157
306 580
168 862
53 649
162 336
663 997
723 843
436 449
132 641
460 951
554 912
45 871
834 864
804 978
109 400
235 327
94 515
431 656
214 874
222 988
728 869
17 405
642 707
181 722
210 327
319 481
532 858
300 511
26 732
786 978
290 546
552 591
582 919
18 516
135 836
452 842
442 487
589 987
333 519
72 602
311 918
28 655
700 716
95 277
315 558
107 423
252 648
723 987
158 491
625 629
212 915
621 854
231 503
536 611
533 582
521 915
290 344
543 898
698 714
190 862
78 984
204 910
83 656
270 584
483 827
360 736
536 642
185 800
219 751
466 636
507 848
800 968
66 805
565 761
731 861
121 677
612 664
569 671
303 916
576 581
566 798
1 424
98 661
291 468
395 597
55 579
158 797
590 838
29 271
362 706
607 614
418 710
724 901
334 946
787 825
44 857
350 467
634 650
17 587
800 988
349 402
154 444
231 494
35 437
362 393
552 674
739 847
815 867
945 950
205 933
144 814
74 884
37 587
460 562
644 693
47 788
116 609
284 311
538 628
494 807
160 201
439 906
694 778
859 954
33 237
156 454
172 411
205 714
185 789
80 953
551 576
684 798
275 705
269 507
705 911
467 968
122 246
673 775
616 726
562 767
804 945
429 519
180 526
447 737
401 701
429 856
832 933
175 955
586 946
161 645
47 476
315 677
537 999
433 775
49 708
409 460
730 859
223 719
248 996
863 947
772 778
483 950
426 571
705 713
102 925
295 533
5 857
151 927
120 120
716 876
526 701
483 654
162 684
214 218
24 623
53 616
540 970
75 259
211 297
335 660
420 471
519 812
98 815
241 397
93 675
152 409
29 174
92 218
582 720
303 677
258 929
26 318
132 547
596 879
522 929
193 771
414 423
834 912
383 559
265 619
171 855
550 821
708 944
31 988
72 535
524 842
160 976
21 278
440 464
510 963
55 405
183 846
396 882
263 851
246 684
681 787
94 685
520 700
790 902
396 806
630 723
371 775
49 668
170 358
138 752
598 873
278 695
389 907
75 101
380 822
585 798
181 320
475 499
76 891
72 742
123 141
978 994
188 516
165 909
8 484
20 393
280 318
250 732
190 341
289 825
435 904
118 879
22 183
876 979
542 604
245 410
390 985
643 875
15 565
229 787
478 947
13 178
225 892
352 984
183 895
96 957
361 419
187 904
363 636
224 275
405 976
21 573
384 966
169 664
360 794
304 926
519 799
215 540
299 642
249 418
626 888
611 854
109 561
196 749
456 697
287 968
372 446
104 220
196 347
561 716
52 276
343 462
96 541
137 630
385 411
175 543
680 686
644 721
169 911
116 116
53 206
1 138
121 573
121 230
112 647
469 852
97 269
767 837
279 796
281 362
360 453
346 471
663 731
744 890
563 656
273 735
358 368
95 648
343 588
83 280
90 206
27 539
376 382
552 940
308 622
117 923
471 551
194 874
294 873
54 1000
816 999
291 949
186 239
188 712
50 382
61 274
132 309
621 759
488 925
929 987
398 964
667 938
164 347
481 728
156 961
62 326
83 95
210 759
289 348
373 485
639 815
574 846
5 350
855 906
329 428
863 934
202 288
253 518
65 577
771 979
394 817
465 897
326 897
243 694
165 964
596 844
387 633
520 905
143 839
338 445
339 371
777 805
294 716
471 954
301 447
232 380
446 716
570 703
156 223
368 579
478 649
55 959
236 911
159 696
578 735
262 600
182 744
246 777
9 962
627 709
120 479
216 905
146 520
152 440
169 736
255 662
421 854
261 912
778 857
194 203
230 702
216 317
235 741
487 947
616 758
113 223
216 907
564 996
285 372
186 916
273 493
565 979
12 141
423 919
774 956
180 503
733 739
366 975
409 457
163 354
279 752
246 954
227 501
60 251
603 999
163 476
36 537
852 935
442 774
507 546
101 181
480 787
58 115
228 713
52 512
50 903
554 856
216 840
398 590
153 853
424 946
88 407
604 743
83 324
207 919
419 603
254 773
263 987
8 242
837 913
495 953
487 525
235 499
493 531
318 595
220 634
345 858
526 627
133 158
492 934
428 482
545 894
502 599
256 834
11 52
742 793
384 867
337 687
478 579
828 942
633 662
347 371
393 868
7 963
43 679
575 791
15 270
661 876
245 570
525 878
48 77
753 856
382 961
569 636
74 891
258 970
533 688
439 960
47 136
352 492
224 435
558 582
731 923
4 94
756 917
42 186
145 586
203 360
226 578
85 158
417 913
17 693
675 801
302 403
47 803
564 626
211 504
265 992
10 813
378 923
121 515
307 419
286 821
760 933
367 889
104 304
568 759
357 580
611 640
273 338
209 572
34 863
278 695
706 813
210 590
59 101
289 902
41 535
150 740
376 889
360 766
703 800
72 220
339 970
53 54
591 622
825 975
390 535
185 389
294 560
679 891
55 157
131 825
172 998
566 627
397 983
118 318
28 889
544 626
43 574
2 120
743 745
103 141
368 609
126 531
260 617
39 853
291 693
50 134
505 989
780 822
637 892
275 695
438 838
108 437
55 814
699 856
259 864
609 977
505 853
712 772
32 892
369 510
63 78
372 945
715 974
678 965
646 719
570 840
247 374
95 769
438 795
470 791
99 885
667 796
645 781
83 748
842 954
61 349
132 622
179 663
207 830
268 849
877 902
662 755
202 379
726 945
521 806
223 439
533 743
174 223
208 815
303 611
197 456
379 507
371 981
564 580
484 743
257 893
630 970
726 819
164 962
341 434
495 766
464 672
307 382
215 404
127 670
194 845
158 489
179 240
373 632
2 996
36 427
467 918
211 684
345 945
60 235
107 293
187 208
426 936
516 858
274 431
593 691
216 660
811 997
388 555
845 991
25 172
670 831
586 922
267 947
704 794
338 791
86 99
165 885
518 839
291 385
17 463
428 543
340 941
60 542
320 893
306 793
634 723
180 359
322 494
77 999
417 539
96 803
314 584
204 485
347 910
528 618
118 698
551 715
409 741
670 798
472 642
711 732
737 931
325 893
208 323
348 625
643 747
463 831
116 528
25 527
12 434
403 958
860 908
448 627
181 384
396 931
900 908
108 231
430 558
898 959
426 582
21 952
6 586
491 502
305 822
694 852
9 817
656 873
303 786
522 633
796 992
