2924
0 1061109567
1 1061109567
2 1061109567
3 1061109567
4 1061109567
5 1061109567
6 1061109567
7 1061109567
8 1061109567
9 1061109567
10 1061109567
11 1061109567
12 1061109567
13 1061109567
14 1061109567
15 1061109567
16 1061109567
17 1061109567
18 1061109567
19 1061109567
20 1061109567
21 1061109567
22 1061109567
23 1061109567
24 1061109567
25 1061109567
26 1061109567
27 1061109567
28 1061109567
29 1061109567
30 1061109567
31 1061109567
32 1061109567
33 1061109567
34 1061109567
35 1061109567
36 1061109567
37 1061109567
38 1061109567
39 1061109567
40 1061109567
41 1061109567
42 1061109567
43 1061109567
44 1061109567
45 1061109567
46 1061109567
47 1061109567
48 1061109567
49 1061109567
50 1061109567
51 1061109567
52 1061109567
53 1061109567
54 1061109567
55 1061109567
56 1061109567
57 1061109567
58 1061109567
59 1061109567
60 1061109567
61 1061109567
62 1061109567
63 1061109567
64 1061109567
65 1061109567
66 1061109567
67 1061109567
68 1061109567
69 1061109567
70 1061109567
71 1061109567
72 1061109567
73 1061109567
74 1061109567
75 1061109567
76 1061109567
77 1061109567
78 1061109567
79 1061109567
80 1061109567
81 1061109567
82 1061109567
83 1061109567
84 1061109567
85 1061109567
86 1061109567
87 1061109567
88 1061109567
89 1061109567
90 1061109567
91 1061109567
92 1061109567
93 1061109567
94 1061109567
95 1061109567
96 1061109567
97 1061109567
98 1061109567
99 1061109567
100 1061109567
101 1061109567
102 1061109567
103 1061109567
104 1061109567
105 1061109567
106 1061109567
107 1061109567
108 1061109567
109 1061109567
110 1061109567
111 1061109567
112 1061109567
113 1061109567
114 1061109567
115 1061109567
116 1061109567
117 1061109567
118 1061109567
119 1061109567
120 1061109567
121 1061109567
122 1061109567
123 1061109567
124 1061109567
125 1061109567
126 1061109567
127 1061109567
128 1061109567
129 1061109567
130 1061109567
131 1061109567
132 1061109567
133 1061109567
134 1061109567
135 1061109567
136 1061109567
137 1061109567
138 1061109567
139 1061109567
140 1061109567
141 1061109567
142 1061109567
143 1061109567
144 1061109567
145 1061109567
146 1061109567
147 1061109567
148 1061109567
149 1061109567
150 1061109567
151 1061109567
152 1061109567
153 1061109567
154 1061109567
155 1061109567
156 1061109567
157 1061109567
158 1061109567
159 1061109567
160 1061109567
161 1061109567
162 1061109567
163 1061109567
164 1061109567
165 1061109567
166 1061109567
167 1061109567
168 1061109567
169 1061109567
170 1061109567
171 1061109567
172 1061109567
173 1061109567
174 1061109567
175 1061109567
176 1061109567
177 1061109567
178 1061109567
179 1061109567
180 1061109567
181 1061109567
182 1061109567
183 1061109567
184 1061109567
185 1061109567
186 1061109567
187 1061109567
188 1061109567
189 1061109567
190 1061109567
191 1061109567
192 1061109567
193 1061109567
194 1061109567
195 1061109567
196 1061109567
197 1061109567
198 1061109567
199 1061109567
200 1061109567
201 1061109567
202 1061109567
203 1061109567
204 1061109567
205 1061109567
206 1061109567
207 1061109567
208 1061109567
209 1061109567
210 1061109567
211 1061109567
212 1061109567
213 1061109567
214 1061109567
215 1061109567
216 1061109567
217 1061109567
218 1061109567
219 1061109567
220 1061109567
221 1061109567
222 1061109567
223 1061109567
224 1061109567
225 1061109567
226 1061109567
227 1061109567
228 1061109567
229 1061109567
230 1061109567
231 1061109567
232 1061109567
233 1061109567
234 1061109567
235 1061109567
236 1061109567
237 1061109567
238 1061109567
239 1061109567
240 1061109567
241 1061109567
242 1061109567
243 1061109567
244 1061109567
245 1061109567
246 1061109567
247 1061109567
248 1061109567
249 1061109567
250 1061109567
251 1061109567
252 1061109567
253 1061109567
254 1061109567
255 1061109567
256 1061109567
257 1061109567
258 1061109567
259 1061109567
260 1061109567
261 1061109567
262 1061109567
263 1061109567
264 1061109567
265 1061109567
266 1061109567
267 1061109567
268 1061109567
269 1061109567
270 1061109567
271 1061109567
272 1061109567
273 1061109567
274 1061109567
275 1061109567
276 1061109567
277 1061109567
278 1061109567
279 1061109567
280 1061109567
281 1061109567
282 1061109567
283 1061109567
284 1061109567
285 1061109567
286 1061109567
287 1061109567
288 1061109567
289 1061109567
290 1061109567
291 1061109567
292 1061109567
293 1061109567
294 1061109567
295 1061109567
296 1061109567
297 1061109567
298 1061109567
299 1061109567
300 1061109567
301 1061109567
302 1061109567
303 1061109567
304 1061109567
305 1061109567
306 1061109567
307 1061109567
308 1061109567
309 1061109567
310 1061109567
311 1061109567
312 1061109567
313 1061109567
314 1061109567
315 1061109567
316 1061109567
317 1061109567
318 1061109567
319 1061109567
320 1061109567
321 1061109567
322 1061109567
323 1061109567
324 1061109567
325 1061109567
326 1061109567
327 1061109567
328 1061109567
329 1061109567
330 1061109567
331 1061109567
332 1061109567
333 1061109567
334 1061109567
335 1061109567
336 1061109567
337 1061109567
338 1061109567
339 1061109567
340 1061109567
341 1061109567
342 1061109567
343 1061109567
344 1061109567
345 1061109567
346 1061109567
347 1061109567
348 1061109567
349 1061109567
350 1061109567
351 1061109567
352 1061109567
353 1061109567
354 1061109567
355 1061109567
356 1061109567
357 1061109567
358 1061109567
359 1061109567
360 1061109567
361 1061109567
362 1061109567
363 1061109567
364 1061109567
365 1061109567
366 1061109567
367 1061109567
368 1061109567
369 1061109567
370 1061109567
371 1061109567
372 1061109567
373 1061109567
374 1061109567
375 1061109567
376 1061109567
377 1061109567
378 1061109567
379 1061109567
380 1061109567
381 1061109567
382 1061109567
383 1061109567
384 1061109567
385 1061109567
386 1061109567
387 1061109567
388 1061109567
389 1061109567
390 1061109567
391 1061109567
392 1061109567
393 1061109567
394 1061109567
395 1061109567
396 1061109567
397 1061109567
398 1061109567
399 1061109567
400 1061109567
401 1061109567
402 1061109567
403 1061109567
404 1061109567
405 1061109567
406 1061109567
407 1061109567
408 1061109567
409 1061109567
410 1061109567
411 1061109567
412 1061109567
413 1061109567
414 1061109567
415 1061109567
416 1061109567
417 1061109567
418 1061109567
419 1061109567
420 1061109567
421 1061109567
422 1061109567
423 1061109567
424 1061109567
425 1061109567
426 1061109567
427 1061109567
428 1061109567
429 1061109567
430 1061109567
431 1061109567
432 1061109567
433 1061109567
434 1061109567
435 1061109567
436 1061109567
437 1061109567
438 1061109567
439 1061109567
440 1061109567
441 1061109567
442 1061109567
443 1061109567
444 1061109567
445 1061109567
446 1061109567
447 1061109567
448 1061109567
449 1061109567
450 1061109567
451 1061109567
452 1061109567
453 1061109567
454 1061109567
455 1061109567
456 1061109567
457 1061109567
458 1061109567
459 1061109567
460 1061109567
461 1061109567
462 1061109567
463 1061109567
464 1061109567
465 1061109567
466 1061109567
467 1061109567
468 1061109567
469 1061109567
470 1061109567
471 1061109567
472 1061109567
473 1061109567
474 1061109567
475 1061109567
476 1061109567
477 1061109567
478 1061109567
479 1061109567
480 1061109567
481 1061109567
482 1061109567
483 1061109567
484 1061109567
485 1061109567
486 1061109567
487 1061109567
488 1061109567
489 1061109567
490 1061109567
491 1061109567
492 1061109567
493 1061109567
494 1061109567
495 1061109567
496 1061109567
497 1061109567
498 1061109567
499 1061109567
500 1061109567
501 1061109567
502 1061109567
503 1061109567
504 1061109567
505 1061109567
506 1061109567
507 1061109567
508 1061109567
509 1061109567
510 1061109567
511 1061109567
512 1061109567
513 1061109567
514 1061109567
515 1061109567
516 1061109567
517 1061109567
518 1061109567
519 1061109567
520 1061109567
521 1061109567
522 1061109567
523 1061109567
524 1061109567
525 1061109567
526 1061109567
527 1061109567
528 1061109567
529 1061109567
530 1061109567
531 1061109567
532 1061109567
533 1061109567
534 1061109567
535 1061109567
536 1061109567
537 1061109567
538 1061109567
539 1061109567
540 1061109567
541 1061109567
542 1061109567
543 1061109567
544 1061109567
545 1061109567
546 1061109567
547 1061109567
548 1061109567
549 1061109567
550 1061109567
551 1061109567
552 1061109567
553 1061109567
554 1061109567
555 1061109567
556 1061109567
557 1061109567
558 1061109567
559 1061109567
560 1061109567
561 1061109567
562 1061109567
563 1061109567
564 1061109567
565 1061109567
566 1061109567
567 1061109567
568 1061109567
569 1061109567
570 1061109567
571 1061109567
572 1061109567
573 1061109567
574 1061109567
575 1061109567
576 1061109567
577 1061109567
578 1061109567
579 1061109567
580 1061109567
581 1061109567
582 1061109567
583 1061109567
584 1061109567
585 1061109567
586 1061109567
587 1061109567
588 1061109567
589 1061109567
590 1061109567
591 1061109567
592 1061109567
593 1061109567
594 1061109567
595 1061109567
596 1061109567
597 1061109567
598 1061109567
599 1061109567
600 1061109567
601 1061109567
602 1061109567
603 1061109567
604 1061109567
605 1061109567
606 1061109567
607 1061109567
608 1061109567
609 1061109567
610 1061109567
611 1061109567
612 1061109567
613 1061109567
614 1061109567
615 1061109567
616 1061109567
617 1061109567
618 1061109567
619 1061109567
620 1061109567
621 1061109567
622 1061109567
623 1061109567
624 1061109567
625 1061109567
626 1061109567
627 1061109567
628 1061109567
629 1061109567
630 1061109567
631 1061109567
632 1061109567
633 1061109567
634 1061109567
635 1061109567
636 1061109567
637 1061109567
638 1061109567
639 1061109567
640 1061109567
641 1061109567
642 1061109567
643 1061109567
644 1061109567
645 1061109567
646 1061109567
647 1061109567
648 1061109567
649 1061109567
650 1061109567
651 1061109567
652 1061109567
653 1061109567
654 1061109567
655 1061109567
656 1061109567
657 1061109567
658 1061109567
659 1061109567
660 1061109567
661 1061109567
662 1061109567
663 1061109567
664 1061109567
665 1061109567
666 1061109567
667 1061109567
668 1061109567
669 1061109567
670 1061109567
671 1061109567
672 1061109567
673 1061109567
674 1061109567
675 1061109567
676 1061109567
677 1061109567
678 1061109567
679 1061109567
680 1061109567
681 1061109567
682 1061109567
683 1061109567
684 1061109567
685 1061109567
686 1061109567
687 1061109567
688 1061109567
689 1061109567
690 1061109567
691 1061109567
692 1061109567
693 1061109567
694 1061109567
695 1061109567
696 1061109567
697 1061109567
698 1061109567
699 1061109567
700 1061109567
701 1061109567
702 1061109567
703 1061109567
704 1061109567
705 1061109567
706 1061109567
707 1061109567
708 12
709 12
710 12
711 11
712 11
713 11
714 11
715 10
716 9
717 9
718 8
719 7
720 7
721 6
722 5
723 4
724 3
725 2
726 2
727 2
728 2
729 1
730 0
731 1
732 2
733 3
734 3
735 4
736 5
737 5
738 6
739 6
740 6
741 6
742 7
743 8
744 8
745 9
746 9
747 9
748 10
749 11
750 11
751 11
752 12
753 12
754 12
755 13
756 13
757 13
758 14
759 14
760 14
761 15
762 15
763 16
764 17
765 18
766 18
18
