10000
84933
1647
40306
172780
90621
15898
73757
86879
166089
93095
105790
143072
169469
144828
60171
14515
168623
63934
45687
194589
132147
62417
77816
107939
25758
19227
154691
4874
41286
114625
171597
136983
150591
128807
170122
88400
138527
85427
30065
129656
27706
33930
33589
37398
58021
151312
145677
63470
62326
181227
108204
99525
43649
65279
48648
64480
183899
26610
11670
709
9690
78249
111627
141175
65682
63625
67292
24701
155993
194614
73022
23834
46275
24021
72422
135445
119782
38221
174024
164978
39894
8769
16539
72630
114728
146070
100498
41447
6193
117234
113251
21320
146055
118778
81539
108640
178815
86611
15335
36914
44269
63201
96900
25413
141094
5898
81743
59421
128383
170034
142588
33535
133134
12735
29954
161137
120744
119382
96596
189430
168096
186268
81385
144213
195534
185141
2804
42705
108804
132550
70635
63985
66457
163445
105923
121401
187873
12711
7601
81326
19442
109569
59370
155670
46240
181031
42402
15796
146497
73919
128656
22287
117672
158126
183143
78698
196845
62296
4958
57420
125858
40163
62824
133561
46366
46579
128443
142198
199926
136046
77388
125641
117438
144249
78608
98933
151499
132088
37756
134017
101362
133265
120260
180336
79433
123689
16799
158345
38309
13348
56576
51024
172954
170088
2078
175114
188029
184025
161708
138172
73251
159966
134944
86956
5474
156313
176943
183965
29839
39410
16014
90134
101565
6796
185906
29467
65731
123789
20943
39473
4982
140441
84124
103069
101290
182230
101708
199012
147444
94249
150486
82443
146474
17910
35885
107480
64800
126627
154247
63630
555
74517
120921
56500
115617
50416
18264
111374
129558
26010
15353
174177
30112
47735
192753
156658
187475
123757
187508
1159
102533
141793
110201
93923
64841
760
161459
131085
68343
28822
10840
50313
95457
181280
100638
141660
116190
11453
192120
83211
92739
3920
78364
139035
88035
8830
149246
131793
64917
111022
106261
124659
92782
199747
91157
6980
14018
16994
187442
161931
74022
9777
55651
101260
97136
165973
157339
189452
98036
59187
9616
186768
102984
105263
165367
2461
195135
25775
139909
189305
81137
10199
60079
143912
78896
196045
141034
83118
1107
152310
15914
157266
69743
17654
42022
146072
194328
103219
121809
193669
79587
29330
17570
171487
196006
39415
196684
127721
144309
42440
75205
129002
119461
152361
160450
143717
31052
16449
136504
90785
160126
87218
175643
158818
198481
138980
129378
180013
5912
161274
50945
160776
189611
138522
3820
69558
113053
149352
84569
63038
7043
23370
59197
174499
181170
103653
87950
153708
108544
196509
139135
188061
53057
133208
58309
2619
181643
151674
43863
23052
138610
97386
109225
96659
10700
29323
80751
129623
160045
109570
46688
59547
36778
181813
157359
1126
60057
40841
191506
97532
82958
156066
169023
65762
150430
128998
48745
164062
195935
125882
15557
34675
109157
133122
118154
98599
53190
199972
89196
159232
147286
35461
74655
193410
89258
56457
88090
94962
179800
30038
18000
99605
97140
30673
182520
35504
5652
157150
115333
83913
62731
194723
25773
136355
131697
141956
189221
191941
106969
82215
53665
38579
19800
136433
174936
145586
49411
184263
178046
27463
147568
61261
166983
175351
145011
128424
198121
52231
16418
90559
189850
120765
183185
173109
77069
17116
149206
150511
198584
147243
154756
33235
127440
117486
63411
134726
77834
112106
48949
83693
148570
140324
162401
74540
127927
152226
32972
61801
128980
115047
72714
164744
16296
94714
190064
153199
197734
47135
124051
80323
46596
30811
115785
94824
65591
64371
24871
124228
36916
183788
136128
188220
4016
95883
138348
28788
97696
169366
31101
115538
176312
167760
59338
56379
156911
130688
12903
68947
134648
155242
161322
135552
96522
168403
82215
156902
189592
142528
85108
85035
185560
165686
148261
111476
199295
106683
66831
7973
143042
99090
183752
166309
133205
131010
38692
125782
191343
112143
28344
196512
111812
104638
18202
88422
25032
109012
9118
29645
17841
134999
179866
185083
68980
33546
182690
37077
96902
87988
108875
105920
98780
111960
157931
187616
194283
48637
124886
50267
188968
27815
30242
50453
161480
24091
57187
28148
104767
18911
11950
9181
20996
157686
111961
155380
83978
78247
166072
127327
192839
95797
123808
84163
38000
157031
37735
69060
166778
144193
175138
77256
117274
65992
24996
107444
44357
113538
36228
177004
20080
110514
109015
13910
63055
181535
89201
64278
54233
166092
64615
81363
177921
83456
56399
86127
115005
122943
144573
152786
36802
105550
79430
135071
58053
83378
192128
119484
143867
62897
75967
32269
44697
135886
149465
67384
133204
55184
103970
139298
112288
89979
119151
137775
37812
66324
107798
144069
168003
90720
170091
173640
174531
92964
22596
143454
94889
2726
6261
72172
34538
4905
89683
142615
137851
168564
71028
16515
75281
61707
188140
37654
109473
4147
100304
66292
176735
124913
76214
119043
37378
191562
158643
34472
142333
158467
129050
85831
20678
120098
122306
35334
191251
168234
14272
102282
153047
183074
198248
132727
16776
93646
4111
143219
183514
27891
112267
94434
28612
1366
158512
138538
1082
128061
39315
37744
186160
130795
99978
107417
128477
191399
182505
189449
90228
58037
189318
22373
22315
136602
74037
8148
55031
1371
187595
178425
131341
137021
190686
151865
141154
38277
176130
14139
190442
11321
78092
54498
5148
195612
27154
192595
56108
169141
11305
22260
189902
21128
50980
18218
143160
66138
157786
17306
1951
48112
192672
100392
24313
11919
160074
37498
101432
41085
18989
32244
169172
198525
133855
145404
45249
68374
95284
34743
142260
147916
135233
129033
181153
2660
65436
71768
198079
93923
144345
79369
22913
57423
12430
144000
165021
170219
12559
119011
133768
89470
197425
107542
78903
144715
126282
85759
168863
45081
57774
133827
159605
171692
17651
66503
133293
198665
12333
107375
83134
29430
89905
56033
21339
148662
157909
176769
127355
110992
150957
76853
123089
144519
20367
53218
185171
77858
175631
82860
20726
147173
98114
94841
80559
184789
35134
158701
30195
65080
37719
112879
74934
102225
107810
35809
182895
166951
10997
138219
119953
141373
23524
68208
26515
157402
150597
101078
150248
192642
2348
28737
57222
123642
9326
8663
36834
37831
141857
170557
2417
93999
4825
167063
59176
59189
108268
9611
111739
106976
100334
89918
57313
155316
138292
197332
134093
74166
43988
51059
195638
162667
30114
76352
57935
42968
89524
12255
152014
107587
78686
94262
92072
187503
170101
64681
120658
192419
39439
172638
85377
85539
68608
42106
65641
7731
3870
10209
162945
193755
60924
106361
18173
42973
190770
13543
36113
133887
5906
194255
150643
14535
2868
7319
99096
108024
181098
108964
71733
57945
6411
91098
35519
166638
168171
94687
21995
152124
190240
86552
185774
13128
13694
192425
119100
84824
9498
66040
3340
115759
151434
161129
37713
185300
105186
183266
31489
94155
110712
77512
130898
31448
87968
11007
116471
120963
173615
106989
178790
32270
174203
58871
13715
135615
164696
93185
46581
119900
101020
36785
10304
118120
168219
12652
16552
4714
76522
187542
50020
181606
193631
155093
159207
120161
154190
85325
122919
72864
128716
93604
133785
63592
144815
81471
33714
102911
122891
30082
142247
159400
145654
165715
61229
163754
137668
94039
139320
153289
118090
64050
19519
14730
107486
87690
24181
98546
191253
2244
21585
131783
21314
89796
139462
15372
110076
197296
31434
43784
5016
108141
111250
123838
90793
190623
92243
24949
71303
19372
194561
107633
11588
110840
90451
145463
120567
77353
180093
9613
93812
118564
89907
142454
94417
163469
183275
170681
61730
159306
58075
184857
99709
33792
114166
39901
197558
147283
79538
170185
68962
128617
105092
109858
109975
183911
120864
163438
159529
72305
26813
158384
145837
123437
107535
99119
161273
4223
61642
183342
91937
67854
46308
67828
6011
171068
63123
28933
121819
136817
76426
25126
19863
84240
14783
1628
120450
194815
98535
183085
78644
64162
53494
162460
86079
124959
129507
197424
182074
58074
82146
102381
16122
180858
5415
42968
2706
117282
75496
159478
140698
100023
117659
67340
49188
110623
11379
76896
15815
51583
32870
172981
10455
65404
44457
132946
38058
98810
111408
91962
65428
12831
176178
116788
95339
128143
19043
152069
104707
25392
107255
102832
198833
2407
136869
1851
14283
856
25440
91116
110181
83881
159518
61830
126420
75006
172372
1616
33582
126398
26295
195470
46471
147276
157436
151173
92021
44365
154647
138106
165900
45287
154879
19379
197409
186879
104552
37171
130506
193529
4294
42881
85211
108412
135759
133153
121770
177770
73080
59287
48011
99883
27574
68778
185107
172514
182718
94175
107352
83828
194053
175481
163246
67400
38528
125758
175211
25792
118052
56820
108067
34692
12005
10015
95275
129783
171769
24708
190297
62463
183446
143848
120385
28545
184495
51344
132024
120289
85114
76737
88148
107588
104428
40001
102314
46289
123642
75731
124301
89707
115608
766
167636
61304
146749
80518
193172
154844
162717
31792
11681
21117
127084
184001
164880
113215
78048
159870
44470
167305
31727
82285
47721
188414
164492
100113
173822
187459
144941
64433
86345
58302
32454
160721
132703
192660
166606
192950
148629
163562
30841
31717
182721
3620
79227
31844
9400
126631
88651
142134
145165
140122
169884
59106
14808
36448
117284
72875
105387
105950
51480
68568
162653
43899
152109
183981
9282
15706
108568
100719
2544
51616
170126
112419
74043
122483
13636
19983
35257
84216
193006
37174
11581
2772
158467
97951
51807
156907
129014
131086
176561
153315
166909
15496
161162
159776
14541
84690
45503
27336
191899
37233
185380
145984
197212
133227
95118
134828
23237
116867
26450
77618
120651
90688
102726
63927
171170
187558
61631
82335
961
90106
146769
166160
80731
22913
182289
116207
24870
111808
151572
21408
100567
148604
112496
168585
58979
130683
187450
1742
37631
104321
110405
52821
181856
79634
194664
144963
66491
192501
148536
88508
126852
105070
20105
152486
161842
68995
179760
94950
61816
176951
68419
167584
109837
126993
179158
99898
74724
29716
129982
26649
691
187335
132369
29665
186031
4782
16675
126392
128716
72910
104650
194755
38657
68908
57818
123878
70402
156366
41
195910
167875
16631
8330
116746
111867
89390
88213
27733
78365
144374
16476
8525
71775
18006
194294
152790
87414
197074
50552
17558
150103
161520
175413
123698
91255
22515
186436
177166
126667
40033
58106
88784
167239
17728
50155
119068
90274
1364
95916
100313
86223
23714
134803
157546
164228
94511
4276
174196
183607
12416
194469
124829
169243
148250
166457
109834
182950
18755
57160
116575
84748
144446
54244
101890
99332
116050
33380
193048
184002
57987
193309
70469
155450
148694
166755
84079
32163
196432
71755
27963
155632
184758
70699
4941
26135
36110
138839
166795
152333
68315
99620
144154
56263
23844
199656
199006
155002
135085
25655
47677
32667
31547
68903
71323
140255
64787
29387
151326
143994
181050
40507
177259
177954
130422
66250
121702
111629
199946
151949
196661
95470
88317
32217
149885
31931
31059
100612
95074
57065
176081
106530
62922
109101
25404
12809
2330
47932
197017
88653
96182
33290
186990
136324
63748
72846
166910
183106
80104
165755
190416
24220
193224
82952
104488
145000
70345
178984
124747
173370
12752
157521
50046
60839
25409
57016
142470
126149
181505
194706
164649
20648
135031
2516
125866
131494
165382
194994
86800
139731
159763
136163
123039
177924
127173
145178
117660
155087
2751
150734
78348
20040
175718
50226
119476
48837
133216
164284
136985
97561
195346
84769
46401
31772
41377
107606
19888
72033
6705
31696
5930
52349
70951
42628
89974
65605
187050
33510
140632
12751
160413
31981
192726
171503
81702
70796
139379
172539
63913
193401
174326
17991
167500
152937
127970
126249
9075
33297
56958
133748
98693
86374
75086
163200
153636
154397
111255
60319
110840
41643
21982
64872
138020
94212
98729
141936
155598
100255
37691
68939
9562
174703
113819
85518
64174
46059
69644
101774
13999
100294
29973
161313
177474
141622
28218
177244
116747
161456
164865
149138
80175
89385
181421
94107
76820
6613
20932
146633
22687
93611
118156
118515
54517
195230
136905
82861
826
195109
153088
46605
58964
147187
40246
61095
181799
65918
90544
124177
43354
177083
17075
134047
94223
8031
158469
126310
32814
130847
119465
76540
92378
174448
47526
159093
171640
45831
79680
141734
8367
43928
19260
25701
17570
178201
150943
85126
161462
82880
1326
125407
199762
142144
195375
24452
107097
142799
36325
188810
168432
5474
195543
54407
69757
37550
181705
180687
34405
44904
109184
153912
112972
154500
133505
6678
150041
172985
78353
63038
72046
95354
82742
154566
132019
154750
140979
167170
85067
123256
53519
74631
46747
168414
65422
158443
36554
186213
9781
51651
66491
136322
124937
62370
170131
108969
153871
7135
82232
152081
12493
85711
2191
79086
55494
152454
136957
173044
102529
144921
129382
6745
181634
28574
130288
156563
33358
19689
163391
61269
171306
180111
34937
121301
186779
84646
179779
72392
142887
55298
22081
25826
88081
162489
198745
85274
79712
162143
144176
48164
10968
160201
65322
30900
142014
55245
145645
178112
147479
21631
136798
89342
74792
79733
124641
198817
89846
156419
184860
48927
153799
101566
35955
43949
177503
14780
132364
44480
93250
51921
67404
76940
63159
145170
45399
126344
32898
19605
92691
54375
124905
148207
54949
72544
76207
108211
11313
12710
198618
49144
18077
16495
182128
68243
143566
182384
75893
14104
84776
44510
95214
91228
166417
77038
74464
119541
100013
27029
39056
184055
174819
106823
136259
18743
111637
161979
25855
131339
166443
6052
186376
105799
83592
153464
108962
156481
61138
87020
116756
30989
64109
20086
134562
138432
639
8648
76690
90544
108973
84890
81959
77297
91
129760
10279
120152
174511
163535
187800
96059
8397
13595
125758
92655
66204
152763
96542
104135
24382
27170
107773
173530
66331
62086
60320
177213
17366
90204
58572
143876
140501
15513
151111
163524
95036
145522
19284
155283
56817
44060
157306
37957
175897
74059
165821
38511
129240
35894
147810
93799
97876
15248
494
193793
165042
99343
131878
156435
84566
190953
170384
188913
196774
112593
48943
134896
30343
48765
55434
197030
91165
94306
108709
47015
49869
190772
142213
98441
94078
98026
52847
114720
88723
133879
97448
108481
139954
86866
137910
113218
157695
14318
79324
33719
3552
191617
97057
41270
30458
136897
155209
77971
106353
153761
179929
166243
36203
127830
130774
189948
53709
108375
66629
118322
102971
103704
49388
79514
68443
37069
60238
72714
53137
115245
167090
85526
123971
40427
153436
136788
61590
189437
92241
69528
19439
139224
66966
101623
2482
177393
52912
51783
26564
19069
4517
48220
158156
51313
134200
37900
109037
69186
37552
62123
153420
189924
143953
161038
163280
30414
2848
67531
12955
58483
161634
73718
130005
166089
186012
23653
183585
89350
30867
191148
111717
167005
111821
164064
106309
34691
154830
157975
184168
171119
114074
21797
41264
18645
69304
108832
55237
15786
174188
60123
92554
29730
21564
197806
180580
170867
196459
85739
168058
176083
65023
23402
2095
5109
150334
177533
156712
35791
42156
164283
34508
165590
127246
191672
122173
101055
143081
193418
158051
94782
25410
73477
124833
22858
56734
106366
137821
49558
8643
141643
37819
81433
94069
127360
189473
155270
153272
189683
142196
81939
102995
199800
27672
39925
182538
111780
102067
21409
19362
32461
70698
173196
10785
156167
14049
160235
85706
182888
77950
146482
104292
116228
64230
93208
58803
47792
66813
126416
195836
156482
156521
83920
117380
190350
129998
142798
132944
144489
138130
194301
68837
126633
50394
188947
118921
18082
88971
148997
63359
106154
78793
142983
108686
59413
26105
23056
173818
52984
198658
120595
62920
183465
20231
93255
18877
2941
197805
47327
54110
90567
92827
161361
38321
24158
62579
193234
172665
176727
180061
49431
32829
90181
39548
190229
60993
130560
173302
147009
108298
165850
126767
10576
128093
63210
110029
74614
194431
141892
59381
104746
37750
80958
26316
64863
134277
73196
6262
95371
132211
122084
127384
17891
78852
42746
134553
6684
61117
4995
173404
9451
60579
168917
121606
168645
193403
54980
133949
10527
185739
24677
45734
31277
1494
122830
57894
109734
20643
48147
69281
151357
22006
193674
171645
76648
17748
84871
36574
41372
10242
58464
190570
107278
52869
178472
124934
39923
22051
112247
184982
131968
196127
45215
8896
66922
77952
122103
118505
167525
198730
4116
150645
156264
197122
33737
11978
79910
152813
38318
171788
138069
150032
148181
78050
153642
2800
176341
59502
79514
163667
82690
83736
80666
97916
69746
76291
102559
79538
20153
96021
61726
136953
87149
118834
184587
43670
26978
171904
198301
112463
23341
68068
149383
116583
162020
21634
49791
39844
6299
99776
144634
117516
61415
147331
86190
108643
104606
12463
25933
109102
190036
82090
25103
56754
111775
3352
159912
103348
45715
159584
89037
16313
175941
27556
99250
49479
85579
196940
167181
13218
97273
88763
173076
48206
15589
92439
33402
144594
132515
180804
144309
172210
57544
139112
178106
161459
109290
194344
56766
150619
143325
153704
126517
138925
127543
21646
40214
193840
133452
198782
40597
42088
51185
62942
108710
167386
6780
199635
140735
116043
71809
139202
186453
66560
2325
148879
156573
98750
160718
164000
28428
102987
175681
87065
30103
121898
122497
56736
133299
59938
145189
164058
149653
143223
67074
108459
35505
166574
144364
75193
81726
79308
60408
107497
153135
126166
80763
25503
97338
127250
34443
110529
153236
107395
68605
108531
135858
98416
182949
127452
187977
38557
65880
164254
68878
169487
41899
177313
100341
197131
120820
172040
159349
86486
72712
93753
94657
76214
188346
52888
62416
125230
198882
47179
48725
120197
171090
72375
140678
185535
25313
149248
198040
25761
177379
154444
132096
143664
78894
88832
141875
150577
2902
199616
185061
33514
167281
178482
66061
125342
27666
171130
136990
193876
15121
22142
113999
54672
70976
135779
19859
87511
138614
117261
140064
31790
37768
138787
3563
102298
186186
46343
176809
122208
1745
56929
31247
164294
147826
64084
127633
46608
101507
50245
89062
103811
78297
165018
78721
118819
64200
26296
28057
119672
117605
198724
193761
83268
62405
59490
131343
19725
84414
158840
149848
102809
169381
79530
23601
108459
98317
31134
49935
78410
53005
141497
90598
160058
98746
28768
61165
24256
64104
71799
163031
163937
12652
34787
66331
184355
41308
149963
164524
156745
6156
136914
56192
113818
100049
38173
27596
164186
3585
139858
112645
26574
128049
7318
72864
81019
153844
130830
38098
117798
74913
187294
23759
37332
179597
87468
108942
112523
124363
101980
52098
171406
75827
29204
96481
9444
161815
173561
196129
126161
82894
31087
42293
150490
101229
188444
31059
187396
91783
56165
152431
129045
77043
134190
157120
78992
60678
13917
11130
41404
133012
37399
1361
5405
46898
132992
36732
111159
198902
89982
154862
142546
142580
85685
143965
133680
154178
3339
26238
48343
158643
62821
186886
129548
117791
48296
28970
29845
11736
198200
30623
5814
15413
36730
11225
3828
85579
36117
63375
105876
25454
100652
3828
56411
129523
132132
152511
79438
105456
14435
166115
72435
45177
76430
188246
175565
5347
47114
68493
141795
77892
20731
56893
185337
134000
99015
70426
121876
35645
93650
65115
116793
47871
193410
143220
144301
45835
193916
67737
42934
45815
102181
127616
82839
22871
29793
162911
72279
197696
116309
9705
126074
33736
7271
38932
62661
97668
161148
156948
180029
28167
126201
144416
110631
85352
88834
12652
192777
158204
100669
25900
30438
55831
45391
99159
97157
49742
69660
162080
104362
178807
90761
39037
129882
135526
135357
177188
105370
123120
134299
93000
127343
186219
12041
166238
72990
114603
98027
165469
37933
136710
66983
181945
53920
134864
26658
12006
86715
178398
50368
47771
146373
137414
108199
86603
127747
63772
34491
43885
127544
4278
144995
140980
44266
63208
150657
158550
182751
94087
54909
190344
35674
129577
15162
137918
1698
74722
18782
77679
169147
45255
72973
120143
10666
2158
84909
174738
197108
130923
112035
79855
82527
155156
84179
72409
150638
151229
104035
106118
62120
64188
33976
13035
189393
183652
151542
26493
49902
20045
147907
37105
177988
126985
56003
9851
93208
127407
94492
5458
118959
44948
57907
177257
162063
161932
130605
113847
62651
21228
86766
157487
7098
38665
112667
190727
171344
77689
145435
134644
45826
84561
106129
45227
179989
72613
191074
111969
71567
107786
71797
102347
26739
89941
138349
142045
147016
55068
141423
25486
174994
65459
87393
69585
110805
20400
127144
129437
179672
36263
26473
17445
76000
29358
180488
108447
75760
157017
162219
117312
152910
13053
62774
74813
152256
178992
182223
44746
167882
138758
65755
192222
106545
49300
115390
188717
79482
115696
2654
93611
13482
24622
186720
149326
160198
169828
71720
13323
137300
190886
71452
105624
66007
10249
36832
78759
191510
28515
100506
100784
62549
195720
12463
1831
124505
138062
138308
83841
72103
134857
112893
127154
100228
135886
31360
56049
198262
79603
89201
165361
154944
98188
28982
70632
179305
97646
144180
176587
154805
99951
166863
25615
10601
87396
181037
12393
146378
9376
82354
65998
126557
18682
90373
175219
104424
5639
110217
92620
69038
147355
139299
159248
32054
111627
11449
191218
81476
171245
132592
182824
127709
99285
149740
41511
115398
87000
5011
43684
10820
128588
64202
104468
84828
182661
139381
101868
158804
188121
182650
63393
5872
182492
186046
120743
133236
78947
76005
2997
154343
57604
178645
197374
158478
71635
307
29368
69484
134502
74339
140312
110919
186449
103115
121171
99109
40809
44751
192030
142857
1796
83477
141870
125690
145142
175554
75192
100924
153492
30011
28720
93844
11828
152100
94733
65479
36267
161570
164546
44763
102668
32924
119941
67155
76078
144308
150476
35638
148646
86098
119178
19976
26248
103577
22773
87246
184489
144751
197441
63181
26079
50809
33317
46922
180798
147675
39381
62026
171995
20859
184005
150163
100364
96061
31596
18344
112869
85447
67261
112784
61244
155070
99630
7695
118693
109190
140852
2154
133045
199557
33092
114598
50050
53024
155987
119945
183392
188155
141654
152278
161444
155260
69505
36052
181028
100424
104843
158150
134517
173891
55015
73587
183722
87827
64331
158879
31194
53660
162924
10000
74842
182084
76480
108617
90366
119280
140538
182096
37531
104772
19855
130091
17031
190183
130038
97054
198806
181179
139619
59502
163485
90152
48586
72288
6002
78225
27426
54457
17129
189019
6046
87742
120920
149612
194676
74805
184019
137449
16601
51105
21231
64311
52418
129417
110210
79674
40484
18033
101408
7640
13876
127390
3039
107765
96998
119893
33107
117879
146033
77979
57809
65219
71496
148278
183727
107965
15650
163049
90369
115467
49586
75835
95453
77010
77550
42864
4183
438
164939
44109
148292
110237
102846
124183
108282
145196
35004
116819
161165
193863
102009
74567
61714
177300
41772
126774
134687
157623
64648
102183
3272
184471
135492
22686
50275
13014
148179
101216
156164
103644
41195
61874
19008
87180
51713
13145
122221
68684
153546
138330
21855
63360
133179
12667
25772
188622
85448
149504
90024
61659
162280
10605
161448
119627
76430
121161
13186
18756
96945
30424
19594
44394
167492
38816
139350
124195
46205
132964
71354
162260
161873
7147
15115
67170
169141
133944
60255
148209
170846
121874
2314
44647
60608
38141
4002
174312
92946
166526
95675
101082
71176
51354
28714
72546
29462
90455
123460
52964
35250
376
14752
122694
143569
168068
158544
91053
89576
56063
138667
21373
180652
41646
114053
119004
185426
57622
58356
159662
15503
75068
11852
54169
16471
76965
44322
115970
20065
191127
124620
72590
170080
160085
87646
70625
129611
132518
92974
118880
24085
186126
171344
157234
120436
91986
100953
156090
173213
95607
110239
135005
58692
65091
24118
140034
107680
86265
16244
102220
77221
72736
31597
6688
161031
158011
68278
139556
167613
17681
134565
125053
185082
196454
89998
85392
145972
74432
187590
181761
94560
19298
191395
149430
146931
175378
47929
2963
195554
63382
74910
63038
86498
20850
185126
190876
96615
45483
75175
138833
102888
164934
36788
83331
116440
137480
88549
1943
145198
74166
158668
96625
72221
69909
35840
60087
88347
132971
83094
195917
27421
54204
153569
151321
82776
142733
58873
6912
110849
160291
40112
183911
70092
161475
138269
140466
94704
130546
191380
80326
17120
170486
64171
159306
188306
123602
82998
161761
136316
41613
124747
181233
100113
135467
39422
73502
44743
11953
95844
152590
25235
29860
57683
1445
52777
141385
40287
84298
43520
191909
90717
126559
157772
118014
87075
57612
97665
98008
25990
121076
120341
86072
172057
57981
23934
51747
54515
189707
73263
177566
20457
16196
100766
10542
2126
20941
125888
122200
17146
27274
143369
50402
172991
70753
99760
154128
7988
166839
125417
121830
75054
159600
29224
104235
7616
55730
197859
78051
54658
155106
23760
149844
195974
192356
134818
141057
18851
178142
76751
98609
187373
85620
158860
88679
186426
161420
18830
156714
57310
112779
31049
185982
196783
56853
155892
61480
43777
104144
155906
125421
101417
178145
70698
177747
44349
124204
149727
198045
167313
190615
52695
116690
152122
20871
183751
45366
188238
151072
86500
104142
16033
83208
151075
109663
139849
192484
82168
94830
152794
63448
73306
83904
120169
114762
183357
62555
78284
191198
96597
168386
86167
69434
160984
8124
30688
8323
97723
148429
124475
71069
38323
40698
19773
77166
151285
58376
73916
97051
113142
77373
70924
14600
171563
17500
25347
152859
195721
34668
195125
179129
49924
111152
72759
156806
112658
139247
18271
163432
182633
181357
122561
35139
89852
72240
165490
180349
28161
7803
89032
75963
58989
154260
7000
150177
97973
163265
119925
35285
23181
139270
138806
160700
22124
75688
124784
160698
111110
185836
3447
100789
49423
100503
108256
7314
198205
177646
125760
66357
25158
63094
11373
51588
109725
62517
9212
178660
149368
55983
51265
191801
49227
62057
41873
44841
121229
104616
47809
47448
26418
5937
118119
23148
78318
36361
180632
59082
187000
173173
29543
100566
151171
103803
146412
134134
180805
24415
104185
49935
189107
3750
3621
42885
169922
149013
83140
198270
25191
60273
162732
8351
177495
106751
156081
121548
135047
25924
148585
148971
9131
84486
111975
109600
26810
109577
188867
141202
107815
141074
27535
76387
177320
110693
107170
177339
129522
176714
58641
109693
142970
63363
83312
14350
176309
134358
74516
93141
197592
30217
87058
99253
95576
17631
100096
128275
68329
187615
180019
163606
110018
187981
167167
110113
150998
125038
62585
191065
124443
55496
48822
191460
64454
13598
186188
53735
18828
192951
121680
155079
156770
96662
26453
114984
151357
89218
121395
151343
159698
178879
68476
101251
168469
142034
56967
36743
29437
33344
17256
118945
70589
6735
191541
99509
88780
130882
121154
157929
68765
148704
47460
119841
174950
3501
145649
124164
75548
132781
66750
38133
42547
76200
12702
7449
87266
15264
58088
73046
116829
68635
85233
32401
17816
117407
196172
34158
36490
140399
117969
38356
33766
67154
166354
172197
101154
132556
102630
185609
94707
141346
87330
39843
157006
42905
85081
148504
91816
83382
144034
191183
67446
71423
107346
114026
24172
112824
195389
33297
129857
52453
163512
47975
157288
144205
198489
111122
140503
124660
162932
114807
138500
94495
173983
116730
30370
115988
94061
6208
86183
13590
72182
182128
85383
155244
48204
85805
176697
110554
51526
113117
114033
996
7673
29732
166755
53585
147257
152936
192006
105574
150043
78413
125325
158566
31733
104442
160942
197527
56795
116178
57438
114303
36258
124538
112402
186466
74848
8344
31743
53637
16681
197265
19610
176813
9875
3466
198744
117471
122098
101863
182253
120032
157851
1869
98256
164469
147556
121379
99828
161828
119329
171468
189135
45809
79271
189997
99670
133473
109260
33261
1150
16505
48037
84719
169212
132798
121285
101272
149637
127989
53379
105998
117581
18339
37556
69878
181707
117198
23532
42485
86642
61050
6528
163695
34489
16235
11462
188618
38035
189288
32722
197098
11638
164534
64889
77557
4567
85784
131409
94224
179307
77012
131950
82527
195815
111600
5414
190472
99199
154671
22861
44784
41002
82136
61816
103675
120219
154287
109501
50191
139913
178361
170160
126417
43303
44604
143015
23973
16555
161019
60022
175729
20810
101308
70322
14553
178425
163013
76017
97731
141677
76698
2823
47124
21147
24192
101833
100208
107383
181436
183629
64509
113336
124307
78375
105248
141649
88523
128429
51389
24888
11815
176371
137082
41314
67246
154063
5756
48068
167843
144020
12967
194771
17293
80922
157601
139332
120560
167539
107599
164364
121298
113398
162133
150495
123126
93432
111896
194484
50531
109773
22271
65150
118684
67466
153581
182900
87208
152900
48392
157641
160843
46417
118900
167027
112074
104966
83415
167911
115690
193655
26966
602
134960
192697
168853
75840
77730
176417
136314
38032
74436
196485
66153
176189
161242
188345
134665
161854
10219
67603
63805
70022
6971
77031
89194
170379
117455
94603
165430
198146
76589
94355
158214
48800
20568
191252
87550
183194
72023
141988
8196
195365
145070
186711
158461
70262
139873
63426
151693
191425
115895
6715
126490
145788
196661
176726
53321
146077
89310
48937
113022
106199
64888
89352
30111
154784
15881
186568
23761
38829
63317
12287
131640
133171
14433
148417
6778
195559
182834
32740
78267
189181
50317
56700
62241
65068
887
146718
74641
67303
30965
126816
134255
181285
139533
147030
83553
12633
31299
155285
147596
120633
193244
127411
116116
84986
164381
137093
5919
32657
121995
161758
2258
193842
163307
98518
143313
85972
33410
180031
20738
53803
78166
111408
22153
108971
11947
95741
83916
197898
188165
141180
171440
156158
179371
66945
145946
191674
69346
160865
198702
132596
99501
71730
134737
119905
61202
76936
42410
28981
66455
140665
157852
60647
70847
185305
70540
82283
29073
69437
116833
44213
71313
87227
135294
83196
189252
126887
54280
47539
158960
6679
70949
158736
63832
42527
40250
194888
114690
117652
140140
141072
23668
143244
43167
187677
134258
193307
161208
173539
11521
102934
2910
88537
31910
26195
185972
98610
37926
186983
74591
51109
28359
113189
5254
4133
9356
1444
62668
109608
48956
44281
82454
140579
195866
154040
86091
149451
149485
11062
170829
68885
175545
8585
80836
91062
16836
186821
197203
191522
169617
149119
85600
105744
11046
97997
60111
12467
46345
145859
195014
131649
95934
143351
137706
140015
8842
96637
139552
164403
116274
131690
6540
77119
86523
198420
145747
69451
57898
77135
112731
61835
81285
186992
189385
26100
47055
69197
51906
65658
41871
183867
31082
102676
132105
84557
39975
157749
21506
11866
146525
186771
68671
40695
192883
165923
100806
114552
104907
88538
44570
4338
171725
6381
86082
108667
75996
138193
41409
115431
171293
138170
53598
28747
116919
137247
58717
1469
3341
178483
160452
31505
132740
129772
48278
82077
73603
161920
107993
96949
130605
101730
53971
64558
105511
144968
57672
64414
28887
187239
508
186201
81698
103475
110710
189749
129132
37475
48123
111622
99164
13483
134222
152481
51156
120895
89141
31516
24572
184341
80822
88139
43319
199010
180821
134340
1962
163164
45014
149083
182012
23670
79360
74021
89360
144357
24792
166904
53451
56160
128993
94632
153235
111643
31521
140170
175373
105290
41950
60532
44766
67172
135516
18170
90090
136348
87519
85106
19543
198888
110638
27056
85193
84733
135245
195657
174822
181393
94018
16467
193107
120470
59472
41378
56500
159172
131966
40588
187951
63439
189839
12901
164649
12395
842
40898
73350
183375
154547
87481
149932
60142
164623
139294
134528
121598
100707
176391
105702
125621
152693
168136
167492
154310
120520
123254
78078
41703
117347
52775
161722
165964
11082
165295
90653
33324
165506
184228
69195
12475
190352
191258
116842
150317
50937
108070
52767
31736
60674
178590
112398
138578
178737
20950
88925
63278
58954
33251
52017
176322
59921
45147
177198
67075
42701
77010
40314
114790
192002
189790
139257
174751
150966
180563
78226
104165
146156
170310
45799
130027
196842
184973
17696
158952
166070
121724
163360
196367
55252
154089
107981
108246
110089
44328
164747
93298
103066
156238
139840
28184
179148
23089
124305
130493
165092
66341
168098
167318
118696
93696
45401
195159
144987
7894
196058
94007
124868
191100
187212
197417
26215
13704
39697
144612
56521
107534
23953
175195
160623
166115
89455
155332
58911
109789
168209
186964
195996
105040
75099
92224
175789
62418
134195
177596
137621
2423
127934
36671
73627
113877
186720
84860
126787
52351
49343
120298
104211
70413
99520
138492
20494
7121
193479
28840
3514
55842
28218
109475
72477
49493
186237
108514
140219
3645
155255
175898
13976
155506
149514
197248
77627
180806
115230
38345
65129
3216
20822
170089
56613
11748
46424
188311
159221
169944
69000
178374
111135
20608
144332
174764
199591
183666
78985
63102
168657
12994
9763
48497
188964
180421
91200
94970
102437
102289
44101
167246
192407
46778
84566
102946
4480
175381
150873
96042
186214
86008
146930
2077
169676
22584
68551
21358
87545
26920
171773
158035
61553
68255
189369
147585
148729
161970
74527
49581
183639
169844
180692
68428
2446
15741
183679
122195
72293
182815
132995
148663
11679
43569
195717
172268
3459
138312
97772
197545
101781
1911
26970
102625
90266
166422
175863
188426
67735
91831
28198
22233
106002
74865
10509
168515
150798
21528
75344
59581
53074
95554
87894
84860
110114
51523
42817
114741
122819
11697
183161
180764
138298
126624
69025
167528
181452
65445
104926
132236
153150
31574
40919
172222
90198
14215
140015
118708
177816
125325
164555
167265
151816
64318
9425
11834
132717
133550
176038
156918
22859
132723
128943
177417
165544
130337
149136
186216
42311
54541
55343
87431
182510
161677
99632
115804
86051
192949
121209
199453
8426
28251
12911
189821
174984
134291
63030
105394
176258
187762
90612
91825
133277
145166
32014
153711
174302
89211
159016
85280
86155
173263
97704
3963
195687
136286
6387
37876
114169
123389
50989
139583
92549
48834
193596
197074
127568
182081
108996
112354
95135
102031
108779
124516
189688
156354
156822
158733
111518
45359
146026
90578
195544
115817
93131
53288
150057
79111
10270
137412
160216
16734
82698
126874
108905
39874
173234
194017
78881
32136
59643
173580
26950
199429
134732
114321
129883
104015
86983
132389
196839
98683
187540
182461
167790
118813
177174
25294
47540
152458
5107
126797
177600
145623
143823
55214
93143
76314
193616
126760
21052
172328
58779
85934
28213
168276
39957
179767
49928
82038
151202
113398
24185
122720
152871
35489
114956
127401
22667
122157
14792
76517
16624
102927
197554
159210
116990
72764
186189
61068
58904
27048
8287
20129
130148
191562
2670
14524
94151
172821
60093
160181
96421
49984
115027
142046
122980
132734
88116
191374
4072
42821
120293
1562
61975
178186
119596
53462
139158
4802
166732
95319
153865
64098
7692
173362
187734
91678
30319
166909
70498
142573
167548
134029
65553
79874
38519
142710
172297
77076
115301
191821
189806
196694
56971
99111
99687
29182
150511
162650
96022
159937
164500
198331
2147
12436
30849
18077
9521
175788
111994
149912
141734
143165
154052
59070
182310
41854
180900
17254
183511
15394
64351
135332
149598
133600
38138
16014
128735
30443
168251
41528
35712
57401
1702
107063
100646
133631
174591
176609
136373
39026
73421
137099
198675
73671
38932
187272
198628
15475
185946
13807
28110
51050
82722
4309
82038
4835
120946
169805
43905
142097
197264
67567
47827
60394
117440
20621
106514
136996
128903
83774
148706
149874
33834
191703
193385
108490
107054
107371
138188
12320
84184
9105
161455
155499
73198
42078
177016
4191
46259
92326
61899
148144
78318
156990
107214
19349
47523
113340
149414
4737
168279
104948
175288
177578
134607
165052
74856
176453
56465
70567
114204
124039
149216
86605
143416
130725
40067
51136
121634
122516
24317
47639
5759
84296
115669
70055
199603
131896
37839
152900
138788
47575
39536
156419
115255
147932
19070
117178
65936
35642
81084
56509
117461
16103
48625
159969
173482
140056
34464
6844
126070
137730
69712
73570
53595
55513
197
96745
166593
73876
91268
127909
113227
51175
71507
80363
9375
162950
139765
111505
186657
60967
50225
13355
152311
123264
129226
85070
60614
167364
127879
40080
19954
81193
196524
187718
199137
77284
183870
88195
154744
168873
194051
53854
190299
42927
123518
113196
81200
171626
110774
182721
54619
18190
33582
5170
31810
178193
59501
7189
89482
129000
13303
78334
188951
73417
108049
61506
116944
47783
92481
439
149207
106360
54154
173617
105748
17264
11891
64390
124650
55814
60863
35146
129214
92654
53429
60818
51318
104476
102681
84404
185207
129158
162992
62468
34214
193314
176639
105176
82599
133219
108684
64324
155488
64319
3418
67805
197365
189035
30448
88057
102156
68443
147346
187948
16394
101318
78213
65035
10580
162400
94862
81964
160398
156445
116914
132451
4829
118260
145334
106566
85736
55064
109984
93929
98066
195647
155955
172450
180480
161694
130358
58821
23896
71018
69101
63975
59007
92568
72541
125917
135386
75548
28619
23613
99085
147885
42749
124828
130430
127870
95862
16846
95313
111494
11709
185384
16940
184312
98710
86207
9396
6602
57670
180713
3085
180593
190354
40571
152413
137698
127999
100681
162313
57106
21522
3176
197301
61494
182929
103213
31623
42818
147519
5294
20132
146413
118115
50111
15024
148650
32897
94262
192209
189168
56222
139495
26795
100594
79935
142312
116644
32806
175657
132301
139489
38977
41954
172715
72583
184312
93038
73560
169402
109887
84241
129128
99423
94541
5010
188080
53853
161046
164405
111622
76951
142094
31103
8766
25458
182187
72182
35886
40852
155298
179549
61674
65890
118761
175675
66119
47233
160179
189331
47515
192853
10933
181356
105978
78660
150630
50634
11642
95282
19706
30194
125231
133061
83749
132586
17262
133858
81310
112309
180173
112877
16792
19290
159328
54029
193929
114716
116925
39716
51494
123842
128695
171737
144932
174992
177446
158225
139640
156235
49116
17329
154135
90553
88433
69853
110198
2397
29111
5371
65545
21694
48837
124336
140295
149087
55855
39520
46947
103879
68107
98160
163283
36538
130029
170119
120076
41341
174506
101384
174723
167766
156056
12953
171693
77192
191627
187166
67455
158169
161881
43773
164462
162831
84886
126491
197870
17134
82903
177372
171830
80059
154546
186662
170041
19131
36667
194397
33517
74611
127688
145896
194567
92521
178477
152297
163132
45216
148543
29384
48449
116063
184020
199336
89163
54890
67840
7151
169935
143622
17176
168001
119681
56504
22194
105604
183256
119749
92963
130205
196423
194162
35966
178864
142276
116165
136410
135715
110277
22145
70284
163611
181629
75181
49640
21116
53410
76685
130499
107180
121896
197286
162867
130575
3782
177149
134348
72075
144688
41880
123363
13189
160858
196026
72974
67234
68923
148010
2785
132486
79366
99180
40690
150038
164145
86661
125973
22457
185457
149690
123935
77714
35515
37200
103462
177670
173124
11660
156350
60988
52481
133876
109628
160983
192230
8907
113142
103292
155050
170712
129537
74385
150016
85343
156720
195067
184862
172005
90907
82847
108154
128111
55444
62625
142215
156354
78130
172327
93115
124196
176073
80469
92234
126937
46511
111377
24491
100005
49464
159232
1874
10959
81977
102278
151091
146843
153992
178377
136645
22862
5561
72942
113083
111790
124898
185497
133131
181246
20311
32304
20266
113733
98605
166935
18317
178054
84346
55220
155305
139848
108626
144492
113523
45327
9355
36
6943
5536
169593
99712
154340
188737
74097
45670
93301
76533
107977
196282
141961
144579
64917
124578
116307
47854
128107
161731
171401
153661
111775
146689
133792
87796
105990
152066
59341
167640
82102
13354
49477
142831
66627
46176
10300
197948
94658
153479
153833
138502
96457
118468
116799
136400
174188
22013
65333
9249
135105
109591
89406
82429
63644
185654
54224
37801
104786
95168
142688
76074
150969
1498
141859
25478
9702
130984
141390
146496
178412
5328
100245
46047
16098
113719
13551
184167
36060
118337
63311
174429
44144
125012
179500
116486
121650
150933
165113
188775
18296
28968
43948
48198
152150
100659
124922
89894
136225
71642
122136
121358
121327
53187
83259
110146
121108
173651
162264
88967
47398
165743
195939
118818
110329
96763
9299
10776
6114
119132
83291
89838
189495
182073
54065
77738
171212
92148
19338
93327
153846
179317
194651
36644
80651
175135
162201
34093
62175
83992
153337
30511
83912
9285
103984
11247
162330
25930
84658
33011
169386
125965
82294
112382
150222
188146
192751
150871
52122
59871
124884
50370
52068
30649
87320
32324
13568
190308
47345
9762
124611
120454
183316
13921
117955
71236
124534
177094
57428
18498
57675
112727
144972
18662
140426
190423
63679
152597
40486
29581
186946
51635
150
7869
76075
73702
101261
7468
157902
170194
198913
146335
112128
85085
86503
184219
191639
102892
193076
70438
175207
38115
177821
196803
192326
60073
88663
26809
43144
44704
13526
114124
82435
84144
159249
76097
5514
114491
130363
164061
6709
5673
87563
68454
28950
76893
107188
35359
107908
139005
22188
185231
190164
62318
123432
149817
152217
13908
168733
172708
89771
182997
184640
195412
73884
132629
131781
67406
17859
169658
121955
92120
6773
116393
177293
148725
76293
161350
10361
52972
37258
157047
188317
61440
11673
76705
112876
180728
181958
32168
193820
58648
102630
196978
67042
159845
69391
192356
174130
183781
25429
183970
167683
140699
101197
69522
62473
158158
88973
135320
40312
191233
151210
188763
24262
20411
167223
132541
37097
158336
111883
147558
32788
14677
108347
121593
35197
143679
10586
12316
97369
145988
115328
53427
3292
67815
177727
32676
87805
164847
45230
58132
17136
198368
131490
33319
46249
147135
90734
9347
32094
147665
186474
35788
50693
128219
156776
136360
1553
82531
165119
164796
88504
76140
123971
48621
160495
126909
46602
10847
15659
112154
47656
39160
133024
63047
119859
192604
44165
166732
112703
30833
56909
135659
106337
189404
6831
121962
65519
132161
112030
172367
126781
155270
71888
47901
157728
129744
107770
198363
176302
38851
86929
68941
199035
145605
81034
67064
121821
162746
75418
109473
9768
166216
116469
34702
27889
147604
39058
186818
108110
173507
115748
84676
166163
100921
21281
31960
35926
18331
65662
14018
107627
65744
50608
130826
12775
47995
166956
173618
68704
33665
153063
39296
147306
191305
127638
94778
11355
170550
185198
13539
120263
180589
192355
132674
18115
169300
35627
82395
20901
79696
108668
45299
172353
106950
197513
189007
30060
175898
27016
164532
34108
171634
44782
97128
116998
13298
106544
89326
83421
68544
33091
1229
1048
174017
191579
156361
171276
79641
61807
124583
24333
199534
94834
166700
19504
166629
106458
177054
141322
69410
148509
150976
63153
83915
50414
93209
168442
149316
113539
97260
81785
79347
189904
62272
76995
37693
144524
29401
177709
135367
47979
129020
144589
136373
177505
159151
76600
114924
56997
32821
67073
167251
122730
124949
24320
185869
126374
50194
73799
190656
195406
160179
39213
168336
141335
103868
35974
49123
161398
26930
116200
197533
193184
80603
87335
63397
166986
25530
108185
25949
181928
102230
74129
1069
116849
150642
128679
7160
194904
95701
96365
176804
33107
142723
118010
13141
52823
125889
15843
37873
82969
191316
46076
47965
180046
180546
41178
161469
20395
41614
77523
92151
127141
31359
57979
105776
31152
11993
67047
88588
89987
183841
65773
178417
148113
17948
154721
31172
180688
109263
31960
78505
127670
193856
159144
15366
4662
148914
168614
105151
198917
65452
156005
42362
183514
120050
49661
31196
68585
89544
92864
137417
72679
36918
83205
36263
107528
10814
59232
133659
147202
37542
127335
4873
120075
47860
93102
134167
12950
189035
49162
170154
197657
193042
125457
157158
158281
67821
148056
65137
41499
8961
183474
69040
65795
124691
152886
118023
130232
106153
95097
143196
148461
64902
55694
69907
93977
26865
88845
139602
142767
74606
65480
129534
188005
45889
13334
114299
125872
1713
141964
135599
84741
196931
84989
69183
105817
196154
21696
131663
144545
118045
149866
58885
152017
61935
197199
41222
68768
47223
57924
13878
54337
23993
54623
183803
60074
113978
132084
127993
139665
28479
182489
9686
172713
73549
162785
113463
57256
160298
146852
48640
56834
164889
36212
53079
174062
169505
90472
70817
43424
31622
45077
161602
75212
109453
183631
104288
67497
141115
85803
66592
62890
117013
18751
60966
146309
157729
62879
148888
72239
141923
96736
147803
164829
158303
40280
15699
16708
109852
42715
198694
160985
141150
90175
59000
141393
135338
22232
193071
198688
179398
158075
66352
172157
105525
132478
132447
189467
142014
9717
176610
94576
150052
161333
184094
157681
109294
194772
9143
169107
38560
53863
2323
134667
21887
151425
198231
117070
96657
6137
131879
112400
85145
54436
86889
173384
74525
187798
198593
96873
93923
66532
74006
197034
3567
199652
72202
34366
60934
56874
152709
43995
53293
98827
156138
104502
147369
129949
23070
120580
187328
39604
3464
179386
79797
163558
53195
191500
105871
71687
142028
24945
54354
161324
173042
80285
133763
41707
51616
50820
45799
106264
2747
118428
154371
193801
166569
197850
91228
165714
5007
169587
163256
38728
159826
25308
40859
6785
53974
137610
121737
9873
188544
142962
52041
191693
31607
183560
34527
103755
111390
175939
174161
61279
197915
47574
64162
8159
179538
143607
104153
160799
13737
197531
93305
82421
12484
39671
71625
2677
187338
162880
169549
176436
51358
148971
92106
150791
11429
173037
167365
138756
194181
15611
2372
76992
142499
61833
12234
139983
80803
160205
69342
81478
38892
24189
117059
42106
36768
187148
186304
88961
39783
180528
75417
189296
1956
194334
39892
171163
101052
66379
70132
138839
65750
113707
105791
106873
77268
31733
21371
75031
80542
186204
142636
146118
133719
130903
179607
3417
56293
186905
99329
8615
37165
191768
191023
179845
28179
134857
40166
22535
82300
140961
73260
181442
159695
193813
184708
67020
14639
186202
52661
41977
93314
61669
118339
178398
115372
53738
127859
131793
67027
147615
88266
175014
150107
135290
187341
135923
161771
160558
28994
77260
196006
143665
147372
4358
172785
101112
49362
79863
158770
36280
84856
176563
61646
155046
63587
187600
161834
189622
102680
183586
95658
122015
116317
178046
114931
170516
89269
2682
30188
156236
69671
37354
16696
192186
177334
194660
8508
174292
8681
161211
120863
177103
9668
4551
55364
7136
139468
18586
19856
179324
184902
186252
36009
76439
119608
117615
146356
49384
38501
52378
142870
124002
45652
993
73011
112955
112137
63386
108401
24425
9161
90201
10164
28703
8089
109427
83746
61779
20094
24574
63968
21050
108158
16398
150418
6089
148892
97913
193374
60660
136223
113875
137577
182962
65483
181425
153815
46966
93413
195305
170766
145783
149298
56079
31859
72232
129911
164729
22122
158143
141881
86075
160857
181937
71422
134314
184996
132275
43274
8924
198961
151610
112929
2469
161253
13434
134218
119514
118372
46186
190985
167057
172948
24061
113188
119775
192218
97514
27230
74775
63578
8164
35326
76752
181562
139937
178887
192031
52959
61526
28096
11800
136301
80376
104749
6992
71050
7804
115155
27613
138075
70039
132279
83731
92996
75581
195871
25799
135978
191973
175758
39375
157876
106114
88779
197759
191877
88842
145945
131693
178691
41459
170879
196461
122066
165360
140801
129300
178520
197943
169765
21176
199994
173500
55086
126253
6172
160502
81762
9160
71716
55129
169415
105887
121846
49817
76257
12295
25401
78573
54453
133715
7439
112136
131912
164123
71712
99552
145247
58673
31439
87978
37631
66412
182402
194523
166638
160864
83933
20968
182319
21603
176838
67398
126601
115977
138018
135145
132928
178535
153493
48264
118489
174803
42117
155286
182617
190113
21719
168521
38149
92775
92143
54615
163875
131769
49907
164723
163894
159916
74376
158995
69125
78102
31890
5420
152340
21707
145143
90098
192296
27361
43739
148572
86214
165164
110564
95390
147443
150145
180599
152044
28853
81974
117880
55804
69967
190943
76877
50563
163464
9426
193883
157367
116516
7395
122886
71243
185832
118183
66868
46004
22873
36212
115402
104553
170876
50846
65772
89630
1303
179898
9600
175815
172525
92446
174058
22619
177349
44958
17616
100109
168355
86992
87511
30035
144268
68808
83428
29475
41157
197211
182683
195888
131795
181791
55521
130159
84860
144169
6685
146135
86787
99980
132082
123420
25455
176351
143301
16946
129028
130487
7677
80464
18439
142439
11260
7209
91901
189958
53482
197171
41899
20201
10346
179684
918
143652
161762
37039
177284
117452
53943
179466
29561
173623
113613
48041
76345
176569
146249
58563
10635
89576
108754
58444
153267
42456
67595
38648
118839
150366
32025
153085
178906
193168
49571
160721
152546
185026
161228
100455
136661
76233
62585
174389
28727
5051
105361
180336
168205
42284
193974
13645
18140
10098
176656
75584
161193
11489
161090
171328
18041
123726
62962
170944
11538
128463
12868
37943
14520
95160
35230
136728
74671
1887
147173
172569
33342
46296
55869
98927
156009
186616
120396
92495
10230
194901
190135
30254
89832
5507
17954
19777
144581
147736
84083
86268
53907
79464
188815
23766
118294
141064
70746
142274
85203
195534
47226
14135
39311
51534
178003
139624
149263
107805
147020
106635
87512
61585
76743
110997
138352
83070
198060
171771
186266
63290
169054
167537
51229
43865
50242
98734
14077
29169
23679
162597
81343
47189
140728
45773
40616
153501
161298
62617
155965
138459
20596
118015
129604
144998
22529
110004
135360
7315
86110
27245
113656
10421
199601
187551
124848
72868
166431
138559
23405
30898
199564
86978
4020
11958
5087
176092
6410
86917
17274
118148
134709
6066
132101
109741
48120
150100
189475
144333
30042
46720
154937
40409
137951
164362
159278
93958
92428
104327
180325
84041
159526
118541
137091
89751
187250
146096
95342
5861
50550
175429
151883
137703
89141
52770
162431
51924
126582
164892
83950
162271
154109
326
26814
87870
109391
139767
63443
147046
15857
101444
26771
154572
92968
84225
93475
176869
180794
134019
153703
104806
52522
41311
96901
60292
155455
153067
182946
197939
132477
7612
163170
168746
2281
192613
77483
90204
101128
30398
107233
171711
176095
126617
188395
161608
49075
146445
37932
28396
80778
105838
135241
186976
190696
182738
181160
55257
89553
95565
130286
47628
143308
129525
143359
75437
26653
93278
176193
72691
44106
53853
18201
168657
41622
86216
14251
158077
72135
23539
45469
53293
71907
78643
164308
181204
87854
42718
46196
154408
125421
91848
85283
52253
151205
166279
3397
173930
101979
69487
65153
99075
75412
57877
37177
157660
136790
108623
117589
94315
115109
57265
35320
77350
173509
84241
192200
103744
81789
135363
73961
49391
171921
132764
66433
152616
56135
38514
162421
27552
88674
185689
61481
78283
148584
31591
48067
2784
144287
125552
143527
115027
173963
109129
29756
180120
188145
129800
190308
140645
30614
155841
115591
182383
56127
171209
9352
58092
135473
76662
135117
89614
65010
91869
194746
130893
175365
18833
100789
16477
3249
69673
97187
195955
42490
100538
20072
142147
100069
50200
132202
18180
93687
61336
88206
116585
159413
132879
168312
68584
61989
25875
54926
43574
76106
19833
123572
3784
139115
177685
19729
89555
77772
127996
19399
153420
40562
150019
23422
199527
73826
186304
134297
128411
170849
120328
72702
186907
141173
155694
33233
154654
145953
174922
91576
45911
165868
128878
18008
111484
95450
133937
48021
75330
83312
2535
172501
33374
171827
51366
21565
89605
28840
28866
14001
7083
137941
105041
18199
95303
122813
161062
21267
93772
139431
2457
156171
3761
18199
105532
141796
153065
97170
55974
19523
15530
4637
97516
69772
54249
27645
167778
197220
105883
190776
144157
115186
18677
60305
168883
174489
90795
97359
156152
111166
8692
57718
68801
5959
60995
97227
190692
11993
161999
165779
160053
195353
17419
82579
157577
135659
184557
138384
41526
165685
132714
100432
165329
109403
77303
129686
161773
36804
86665
3497
164642
12370
194132
186573
125954
75693
30863
107975
139876
196280
105005
30045
58652
91736
55397
93778
163776
69748
23210
39852
30564
78255
140658
190577
43101
89582
137202
41189
170561
113175
56543
194509
39333
130703
145262
24174
142364
142843
189140
138765
135677
66047
101381
110575
170141
52993
188792
103642
93455
95845
135648
38354
86187
115345
17523
135515
56259
18922
124967
102972
166766
88468
148591
92793
116481
77813
8961
147095
122255
52658
85649
129180
78000
71215
53206
170123
88310
5330
32324
70251
45752
174848
90383
113472
66378
130333
12398
49103
42562
56911
14228
90717
71796
113786
20855
65839
43702
183236
198412
182858
189148
98898
126920
13940
123195
197769
125792
45296
42088
37901
161993
22341
27002
131907
13943
184567
191747
1554
107041
149195
29594
117597
176442
193990
64467
77833
64185
65709
19204
155069
19153
46790
168513
174619
190200
170516
7775
24203
60067
169118
111796
135408
6663
102952
25812
190704
216
96759
3221
79343
145293
197392
148235
128851
124762
149752
5899
134017
82803
25077
133803
169950
127182
85002
191103
104270
29857
165694
48540
161910
48095
122581
128536
123261
180862
62804
90440
66629
67635
138752
127295
121782
17970
15134
115540
179443
49266
125556
55388
136034
94247
86917
105963
190312
115397
199448
34518
180777
53058
94129
78899
39307
1044
137365
156246
88370
131502
168649
117716
147524
194950
8658
101827
104614
106961
147574
12535
181756
43779
115320
168070
31212
113555
130911
168324
73307
22517
91439
186502
192109
78237
9197
108258
155912
176961
13470
93228
194000
182999
30663
187322
72044
170834
116781
154336
153150
125416
17814
66739
179566
181902
12869
89033
49247
20728
11201
121206
188215
1053
91342
195279
57370
79857
36977
27434
71406
161960
154991
189339
55576
149881
9166
114616
73276
29335
51793
60565
199168
127608
190527
174856
191369
22993
22364
98853
81723
138071
49261
1089
44476
138303
18935
16753
63664
62077
118079
188555
12925
128328
5066
106084
140680
173908
76382
98640
33462
121045
105790
74660
126699
101313
153393
111925
199820
20877
162299
62809
56640
177966
130721
20453
6634
187673
95656
39213
30191
67971
14294
76358
161782
89313
73838
109765
88802
145895
118455
51776
19288
12748
192053
171980
5758
93443
191340
148028
156089
106435
57060
183079
185070
142527
14175
144674
26241
37037
49891
86657
57368
194370
110517
103193
25175
128051
121563
57600
72676
10100
110681
34314
190180
28988
49268
64076
9211
146111
186993
178396
186767
48049
169109
171982
38469
16584
30885
25784
130433
24121
151271
178798
114409
55802
139358
180293
45281
75838
174801
33043
25040
20346
6404
95212
166168
102245
164412
195686
161441
179443
48318
61013
135758
156056
47439
66510
134341
93899
89461
60647
160810
26495
171251
91380
69795
7402
45968
116107
25045
53249
169360
16255
125476
71801
100344
173224
34294
59271
123149
153688
197296
171424
64596
169511
84854
21241
29843
106215
105390
95878
115085
116015
171644
11646
153737
81235
6086
26580
102667
155305
4401
68478
216
116101
103585
82801
42869
60412
60028
96034
142951
125988
166631
67974
43827
187857
155399
25426
75807
11673
195520
164795
147055
43856
129207
134645
144808
177099
71570
33911
159758
135712
88374
102324
153193
80739
120968
16674
73467
123114
32748
80950
92426
69769
64584
61733
43228
39253
54720
51172
21748
142244
38586
72872
24793
59274
54043
177318
106703
127132
57032
136658
156827
124976
5797
129315
183234
119643
727
24588
17034
113328
51269
124228
7926
115526
126034
116350
184269
117874
70627
50672
134419
70216
173342
182543
118029
44317
81000
196879
91520
110151
133862
64423
8369
538
72060
60491
134757
192555
68624
197423
84706
53840
70022
105610
165291
39005
100804
93775
85319
113320
71471
118964
158522
168389
48811
128558
149129
74505
154718
123826
158713
52362
167533
169269
82896
188956
13308
190188
159249
4116
126769
196171
44931
189320
52849
184329
12714
461
151328
48665
127370
153590
131812
150769
101290
47835
33313
146631
143759
80142
180797
175694
117116
37606
121245
65788
112951
47543
131302
54917
197190
108055
128444
174240
40621
40410
63748
23745
3057
173525
179621
79580
6039
131102
77378
138280
160868
70921
52736
119384
98909
175084
192709
70946
102920
191707
176054
98619
67048
35627
49016
64088
72580
148722
60207
135854
104480
119428
48769
45298
18113
117047
17490
73561
149100
185055
33416
73175
143206
100881
140552
138978
182069
76323
52790
100400
30172
10217
93752
1780
168738
112121
166899
75748
124555
70823
98635
170485
190748
98696
139750
64284
109914
133618
55785
54158
28106
170553
97336
84223
97778
194162
192761
135078
46101
45491
95953
151862
183738
18064
77796
186278
2789
43807
190807
190249
93083
103092
132881
75573
131937
107044
85685
60479
152124
156677
179305
190652
86897
83500
6929
151073
89542
8748
76883
176866
80255
160860
171988
121398
45344
109969
180152
108560
99824
38686
157733
49255
90164
109722
153343
66414
48815
190426
138604
126811
121319
23154
152145
8803
93858
102775
171923
73531
121827
160127
75670
71640
79985
169758
73984
169199
167120
2602
196981
140020
172101
92791
18907
18206
66901
46106
56471
84704
179910
23337
166093
10160
64347
130040
158243
199491
14427
79004
108286
171470
146698
5483
61378
142982
20269
177337
175445
30112
47177
41564
2523
116369
73955
50024
33210
177549
95232
110066
180951
1931
104102
154768
52503
25918
63000
89622
76446
178909
136477
29018
141265
72219
143801
155056
197655
9326
170353
130285
147859
92747
157770
9895
56362
185703
1290
86130
70403
179830
191028
85540
4225
110255
71183
110545
71945
133509
110366
88462
38017
25903
77480
172081
110798
165856
131505
51854
29269
175758
86591
74746
114874
157550
78613
126987
94051
151029
170425
62165
52724
66776
106673
16302
196947
67724
81601
27114
13861
182789
181678
6687
56718
70906
177085
18336
177268
83678
199859
162117
16444
195560
60693
133472
6922
99659
116073
28360
36164
93181
175154
148690
133582
162739
142135
104529
185678
26338
60604
102685
93737
35263
57862
194056
25092
125502
163930
132457
176195
192470
79357
90069
112524
38074
10293
162335
101955
151072
139397
45918
26638
47870
46452
69415
91282
143559
88198
160334
97907
59825
180928
186280
165719
77553
138791
44555
109794
8955
72896
133643
19131
149382
65937
26557
139780
15622
57565
93111
55845
146479
124331
142030
75585
19319
181247
24149
144766
22420
61662
122915
189184
130425
67853
145485
11629
80156
58513
107175
163754
183666
44015
4614
89691
117679
36269
33919
65830
13962
136527
77032
139184
131895
187161
70870
170141
160426
25490
44701
173075
120793
88574
111570
57975
198458
174819
52618
143405
139072
180228
132187
107611
93473
100392
37402
182949
66642
52754
106074
187569
31240
57417
178162
20452
121463
32977
85431
35426
107222
98479
50365
140050
51992
49960
187289
4694
68980
40450
148449
177750
159453
101632
178601
96372
156809
47465
182022
98776
133229
180801
191182
33701
17278
41677
83541
1665
1265
3026
84593
152593
87291
178133
22006
84281
46864
150875
178105
189599
76839
112938
3600
180135
123059
88581
136399
8823
180074
140467
53836
27188
44097
173240
48219
78658
9133
152601
195153
98183
180259
129499
82180
141544
119000
53124
184136
199625
179905
45463
39859
22928
173139
186139
111065
164578
114626
83667
106703
141859
44548
108870
74219
78457
54287
183544
118401
85832
58774
115823
169382
103094
152719
148590
151280
148968
176815
33723
194036
5890
125611
199196
48325
81258
63800
162069
128954
187525
111690
188075
48488
41464
22168
37539
163811
193318
194709
80898
88256
64439
129527
112013
126356
38670
91828
1866
90933
56081
26175
77948
173112
87397
129934
114986
136241
12718
185878
111320
66613
98834
137867
164171
75481
119157
51620
150984
27699
120893
188564
8340
5976
110607
114322
119733
182811
174607
37585
75566
101524
120035
118215
49478
178453
27184
100137
54273
196469
95706
36652
118756
129096
51847
33925
39476
192676
126556
132777
164534
73117
42109
69709
187311
32649
62992
75557
141221
60156
118969
32040
153948
88011
33183
143817
9497
83851
134244
90366
138657
25938
9008
34876
182073
4277
148582
157176
9126
76744
132588
171111
62189
95136
155494
142526
13844
132819
95162
146802
64223
31605
51468
40311
154642
163803
190019
158020
84596
30043
36482
197580
42441
184073
61998
183173
195543
182906
141101
128165
150561
142596
167652
25567
17070
39356
189048
164904
58497
72757
80717
76151
68321
103879
21065
175872
34834
32900
22480
142584
5273
10947
167432
19859
197499
120728
24790
180487
70206
16281
192734
54922
163685
64346
164486
18959
130359
179888
128371
160588
109944
95473
82953
143350
196589
9266
165614
167298
92763
122118
179526
182436
176967
155204
92471
48147
64054
11649
79590
126722
141038
30928
137272
141736
178610
180617
45777
139832
19721
98878
190998
62120
150007
100038
117294
166701
79489
68278
102652
47548
42476
175137
66277
113098
141438
99487
70992
199436
124794
70082
45280
131254
148711
22881
80762
150975
31816
73232
186820
170138
134052
143653
18723
168573
30655
149620
137852
197470
20383
187347
48499
45808
65735
1494
149357
61289
49853
168658
130449
94846
100167
14428
32578
122915
22953
189067
148966
74255
69352
156337
123809
47605
36681
87781
143321
175116
78609
84283
194611
168263
82501
102089
196947
16796
3434
84579
74463
110912
163270
84126
28091
7528
190237
146000
30093
107529
61940
176269
113274
103832
48400
81899
163431
72138
52086
51454
121912
83795
175595
175387
105106
192298
156661
106392
115612
112002
151639
57545
111161
182097
171736
110019
182287
161100
123644
172700
156290
192360
12488
84905
16632
134362
9793
21821
127637
32855
128364
40175
123072
130259
114190
81044
90715
152389
83757
59584
137166
192224
98061
127176
47420
14875
106995
2626
55499
163561
103844
148930
57183
8384
170661
25181
108190
122197
12987
20841
75309
182685
169771
98618
153904
66509
113275
62822
61773
7706
52910
71105
5353
183608
5131
7136
63656
144030
69014
174489
160944
1087
51732
101952
136934
150225
116043
113323
82606
180617
163006
155630
165038
6428
109876
19806
16458
199039
153328
114513
164264
145319
149305
117083
90029
193737
130963
83921
102845
18521
108867
67209
24446
192974
153486
1623
197653
19995
114042
125969
32038
38390
586
113867
172055
163412
82437
79515
24077
168555
160943
86037
89004
32365
10380
41870
174618
178642
123748
38491
166268
171150
167417
187218
79414
160598
99921
186632
180142
798
74930
97105
107656
37212
171039
122306
84266
198406
156959
64240
54649
180175
132150
188977
79001
20013
134633
197466
44848
94613
149629
29823
117091
117180
73528
117877
30934
153046
137949
175313
77423
167898
183539
82601
126547
108860
24189
141138
160102
111728
84482
160927
144590
101484
35398
23143
33263
157285
44110
33791
159215
137232
38368
103035
18611
41442
63615
90288
50911
85648
170802
189236
19929
131599
130685
17307
89094
10580
109924
38714
30986
42067
161071
171687
148235
129283
156320
103158
123310
37207
123069
54141
9367
85701
66507
53264
89196
23682
5328
181828
140114
148547
117904
70447
107181
145981
165328
169637
189987
183205
41045
13372
68760
94447
53028
148552
58546
167890
99138
7326
106262
154433
7604
97236
157736
85683
80128
106750
140494
21019
61034
108786
163117
105711
153591
19715
34793
199012
133612
179529
58024
3311
107982
154454
191503
46853
95074
94786
71490
24410
135277
126879
58791
14501
103733
94852
180962
188249
146750
66757
152857
93741
52172
113272
22705
141140
55910
53745
195663
78468
95697
5125
114647
39410
102928
34890
177006
27539
16041
174548
128827
144924
7778
79865
168737
17345
106494
10253
175941
28281
75268
148773
72462
148983
72568
152599
43871
114994
11295
50871
74653
97501
16959
119131
144622
179246
74779
150551
192439
61466
196473
105472
181725
21142
34143
171820
138116
44695
124049
122223
13137
191377
13972
135390
126571
97083
160109
152015
140725
148872
150689
116631
164757
41071
138294
111113
29807
188259
132591
131132
184233
121754
4627
4613
189543
62345
86758
151672
51728
9829
176108
172394
124487
136995
7917
69617
182129
131832
68971
58849
87668
28312
171820
168975
62005
81850
150518
115025
73048
199121
91340
192891
170435
137171
33653
55075
127579
118966
30965
75357
97413
34157
50001
117246
165797
47726
171278
26780
167328
34221
106289
62603
7516
162721
64704
154336
133502
157182
87615
199217
134571
166840
28018
184915
52167
22342
181728
34329
171640
147739
4557
171739
7843
30957
159486
56555
132268
41201
36665
117536
13944
48860
82433
194254
194990
50275
77469
136907
63153
42875
91217
2475
45415
91736
43809
60419
113460
66737
46484
111721
175934
130489
43311
50097
45353
131175
199221
60081
90140
65070
149228
129341
187450
93444
193370
58858
16680
125342
10051
81998
41932
144433
124652
128061
96267
170801
119706
66381
54986
79765
151570
120210
104493
98129
50521
174625
189593
86873
27828
58384
142837
103331
130409
145203
95908
69925
16572
2464
23435
162834
86834
2923
65681
185888
49360
63849
122969
183555
50395
51824
15048
31986
66776
189076
30148
109537
184204
162858
9074
3012
187773
78856
123767
2834
193519
121090
97847
191550
94118
46446
184984
84222
63401
62112
132670
9288
68349
149358
132559
137231
195237
82987
187056
76296
34535
179887
30341
31530
24073
193548
16052
131753
56910
63641
48418
69945
181501
54251
79731
6609
187226
42837
195149
178084
37482
108462
4885
30185
73779
54347
13807
21907
181688
198976
175617
122072
33727
192930
181679
156589
134670
75655
52319
192774
79273
120003
84342
21786
154581
29100
117464
83421
80599
89878
70187
35395
139892
171734
27412
158722
34802
153218
191607
193360
102804
160942
84538
65440
40865
50031
130178
112680
54620
144027
60851
175645
153740
131398
190451
60916
180341
63238
38310
10721
145693
84399
119539
150363
124551
189718
185084
111125
506
85969
149481
38598
164921
70004
39581
35873
120587
