100000 100 719935261 65025151 29283 100
534495588 203517479 691458926 871350619 209038565 108205376 658999616 639857944 28402416 997813526 718231262 130361712 842456084 966495158 804922298 82553442 759706949 548236976 531602155 741721264 151106138 506040729 768701865 59630687 882430095 293115017 528078291 703021886 849242371 405467806 960344169 612280151 993780539 37308535 359450642 974958975 108394397 776579769 575649687 970111948 48857589 233475214 141134950 247187481 428893173 299152929 951611664 4062853 486209454 44714786 586246091 440974321 110498328 649552202 331781361 34943108 526882191 322119372 992188799 401051179 902829138 192813288 443383191 72140563 71860997 199445085 448899838 324885550 623311666 559299057 188413855 997833651 836144577 766916844 120274950 823013276 807544195 336290202 73437669 651156521 720009643 214474189 157410963 905891421 401281106 571096408 196046216 782506620 704336115 332864661 906290915 265521812 189409006 610261728 378965476 669703409 69383173 205431066 894767986 483463846 
28632 45
40550 44
9937 28
48939 45
19859 92
7210 18
22475 66
68103 89
77415 6
24748 91
18953 55
20372 34
54723 38
23111 36
403 11
24169 16
386 27
49548 91
18801 16
3949 5
30762 26
29214 47
14808 50
95776 42
13332 61
41565 83
1228 23
11595 78
13755 42
65539 37
7524 56
21127 78
76226 7
516 49
11254 66
77328 54
50707 41
15100 59
46571 97
25358 64
27444 95
23721 68
68203 51
2638 68
41570 76
32337 67
61665 47
41308 39
17759 96
81755 80
40144 15
29737 91
22342 100
4661 57
70420 23
9826 74
26848 56
68131 25
18768 68
6762 26
5264 42
58350 5
70450 92
18926 89
77963 48
8311 32
61783 59
93248 68
40095 93
42212 95
32214 43
10736 85
13472 43
52938 85
9215 19
53671 36
26668 56
82694 23
40810 73
10619 79
43329 55
91808 7
50636 1
19722 23
74436 29
14248 13
29923 96
65854 77
84124 36
21558 63
41501 69
13032 40
17284 23
99843 47
23292 54
23278 51
8125 59
22654 85
17745 47
92654 39
