100000 100 207579013 1361956 1 100
628145516 376140462 883515280 186969585 762888635 326402539 98152102 158176572 63158539 127860889 9580638 570870044 646139319 178509022 484027666 61263304 841082555 558212774 940563715 28145276 579113528 496147999 925801172 837151740 72056820 656585275 285845005 902071050 403573723 727123762 9467290 296231662 631265400 899374333 520690249 798571510 491747709 799313372 643215695 789204466 614608448 162733264 456517316 555253431 806956091 181457954 528156706 751354013 158398859 152040410 743974602 458000642 39638897 164556873 882264704 205461189 877444309 167035008 785986538 300206284 732553407 775142614 132099860 896205950 555144412 457641318 21100014 590064713 506507263 909420687 489726669 57189917 793692316 210461042 901329638 537850352 29523791 614794871 570497239 905203769 706091347 904237001 118054686 337246324 307178252 150625749 896162463 644505508 271356542 1738703 865692962 226102988 593986003 122173997 807688147 583502197 468916697 747545898 468884928 620479531 
49807 52
28802 41
55574 32
70656 52
79205 59
13151 46
64235 49
79578 64
13141 4
1 71
23324 91
21609 35
1 87
89446 53
68684 17
33758 37
73463 67
45614 11
7994 46
23317 98
85074 75
59178 21
53616 44
82038 70
19775 58
51175 67
53115 85
90134 40
30074 77
60111 87
1 89
1 31
70406 5
4810 83
27065 59
55136 22
47267 78
41856 87
43615 48
72653 35
1854 83
11362 36
35558 56
1 37
70279 1
27977 53
42796 3
88796 9
27688 41
64063 18
70567 8
86289 53
5877 37
66876 38
41309 80
89408 63
51166 58
79699 85
46644 66
35253 13
10540 80
73645 25
64231 25
33323 14
47659 54
92501 65
37018 58
82009 9
85508 32
6550 47
18703 15
68754 88
62734 14
16994 22
6073 80
70247 67
65925 54
63284 60
54608 40
97264 84
65787 22
34199 24
69350 62
72874 2
44814 46
1 96
1 61
34 2
89498 15
45624 12
60618 70
78419 66
1 65
62934 62
12237 48
14476 89
134 18
13804 46
56961 81
92821 89
