100000 100 877158307 315880984 48227 100
945750678 457789764 567620021 417744147 486920812 741374576 712322604 337881216 232024163 625334837 228659372 374780448 896148802 614637702 749607355 838090677 341882355 505891480 25846085 47866249 663399938 868225384 578599195 68309226 909455905 899835955 828907376 286127782 141013671 177048316 419971419 887718291 86160908 728329 900959575 623709450 950088558 45045606 186275270 159930215 43613455 47630176 646284137 806684810 746109653 644455692 689625065 697895001 665416905 639175103 974569554 230843708 869117336 950087315 554842003 661211807 755207445 696720104 138328319 147883892 35723957 22698719 648626895 132490415 318244882 66360800 309782686 578653127 915639144 62504214 992507371 177880380 695781915 727140847 198647963 447026955 602264367 478416029 897043316 833825595 403974607 88246936 555243683 935568981 410509255 169733401 169872439 167658979 637288457 32210847 9633443 250994424 642353452 504020590 323657536 853996712 33601512 983987467 574539465 200793739 
44626 61
2158 7
53830 63
8075 19
55461 84
31230 20
1772 96
96776 16
47664 35
40632 27
74674 6
7433 15
22761 84
74186 27
71811 67
74235 72
2069 77
98407 96
58727 50
98328 10
46201 86
76663 82
70608 25
23366 27
22655 63
20756 46
62787 76
25685 22
11611 90
63229 67
27861 32
39568 20
13249 71
33394 93
10171 14
62188 58
94443 21
92136 39
99559 40
37681 5
46627 71
89165 23
90710 85
36163 34
32317 72
95191 34
20333 56
36376 82
1843 19
59256 5
86165 16
76657 90
89719 30
29350 93
17062 86
95165 18
16855 80
62367 98
39276 74
95812 95
34868 61
23901 83
17980 70
62532 80
41771 42
89945 24
90039 72
99605 33
67827 73
72669 100
59225 91
27422 27
72250 31
34713 97
15589 100
39234 79
47100 43
46462 93
18767 26
66878 26
26280 73
83661 3
45441 67
39275 69
59728 28
29864 70
54336 100
45331 50
47573 44
84140 45
13706 84
79737 5
49904 92
46135 71
32403 81
25750 63
12541 30
60432 100
70248 75
78996 35
