100000 100 1 1 39987 100
830806269 86996030 717457945 29765741 17291397 457371150 417417963 344673871 347298313 770461424 411445696 394111991 527964264 35686820 617699431 556202663 45205506 244266641 141130611 602641545 711208251 971021888 230688953 541675303 293438204 16274399 391198166 60349935 773288241 87220159 534967974 332088506 95589196 44530134 583207886 112024123 696094401 778523709 739057972 656726671 445528456 20805042 283376770 636586421 371544222 258909209 263469990 930014738 166477444 200990453 410395477 500132588 809071038 433744367 23887234 459367152 340378453 146827094 148899820 214780589 50752853 517571228 40465039 727008023 146936145 252586709 304508461 924128261 444190427 389963069 327207631 155369139 219376140 109379503 216802877 242131008 941556226 729271087 270969480 683877425 630773596 711280224 41376897 977471212 774087360 1495053 217053759 386771006 30374740 294599078 883648925 530247126 39013704 659288505 454014649 50050504 768827469 914603645 638362231 689821963 
91369 56
47256 96
44530 78
22114 57
12347 72
27643 9
97240 36
79227 6
43856 70
83320 64
94655 52
39587 31
93795 2
5072 37
85730 39
5710 24
70540 14
29461 72
44364 92
1356 34
94775 58
12994 4
54140 69
5695 66
14388 22
87423 93
30089 72
96189 65
39752 44
15899 85
31896 30
5080 12
45034 51
65509 87
72345 99
35341 45
1124 92
82231 12
7623 42
54546 54
92823 87
64373 55
51688 79
18829 84
13447 89
75516 15
44204 43
40972 48
10498 8
57465 32
20300 88
45297 34
13707 15
37993 15
69753 97
31971 34
5393 63
54058 57
84030 27
57080 19
47700 58
44709 9
20913 97
13241 56
55847 75
34097 36
66025 8
14711 30
70283 25
18204 97
50283 3
59326 11
63750 15
1142 47
15842 25
24586 65
18422 76
27076 99
26245 96
48554 43
23030 15
35366 85
19427 81
34570 70
3322 42
43320 69
76266 60
47263 99
93356 44
36916 37
91931 94
37631 20
41359 48
60191 11
94783 41
88706 44
14817 11
45381 92
18244 23
3631 40
