100000 100 1 1 67974 100
566605850 482121381 268047228 979050246 954863901 44705513 353828927 726507851 147939927 153044707 239976046 454567077 669303751 509440906 610893762 90545555 530721536 206017548 149410248 69294862 433642410 262401607 121157218 716858109 367536127 928574289 503221316 694197953 637796686 196062193 541902711 944166827 879843451 34925859 518617561 182485889 281398908 500448409 428583835 186966269 86717662 475954486 941458370 483124301 865885758 260291473 201048231 680522644 992329425 53990007 422772855 795669351 623271132 273702760 667179443 635511633 445550908 4458263 484426673 388876880 555849696 502041072 472567577 278147926 548728906 298133644 821702249 345602505 812486162 741070907 68521585 373499395 738613603 991840130 49823447 14293458 285769596 218051224 931965590 749260026 605098800 72419306 292626552 523950510 504397158 410672282 548760479 966744347 562380186 570470649 18562049 841322461 935590490 349078801 920051430 992045703 372269513 99564829 399296364 908413471 
61515 16
96114 64
45876 26
96432 82
53509 95
41134 6
95012 13
43886 56
70776 66
81051 7
89638 82
37054 9
93538 53
84858 38
73604 44
61473 20
82561 20
39397 43
13112 71
80378 36
14263 37
70592 95
69032 100
19695 27
38035 26
94752 3
70060 12
52908 84
96511 54
19107 16
73065 31
94156 89
32388 57
87218 87
32824 85
38724 15
90296 5
71157 76
15230 73
57111 62
46877 45
18121 56
18538 96
81702 67
84905 31
84585 32
76097 75
73085 23
27776 6
54483 19
38785 93
70112 43
45822 85
95011 94
1882 23
71526 38
83943 75
68891 18
77162 66
91178 29
70132 35
72892 14
5757 21
7319 41
74383 82
80822 86
54919 95
68692 65
59028 23
80701 25
86355 81
71464 15
41344 10
62715 82
73304 42
70517 89
50582 21
90689 29
53894 36
46203 63
51564 47
70774 95
38410 77
53674 63
70489 69
52017 6
32017 6
87806 42
83855 66
56100 39
81796 7
17482 62
20236 63
23356 8
52319 54
25319 70
21461 67
42271 87
95486 71
4237 88
