100000 100 950940311 969821017 29521 100
477266539 788764317 929362923 547516907 612871886 73347924 508014426 932764660 956544810 506408661 146094895 92385040 733868788 361056565 349039910 973122541 233819475 233116638 246617842 852102863 527772068 512064013 600462009 149209101 101357558 59513170 502865813 636081297 210753934 391440916 652758549 558128732 709244260 329922570 323075258 628067584 303078564 453733059 905045115 490479139 162864942 166108703 996619585 688528899 152711190 266242771 215073388 470579180 562674213 285687529 996392780 25679556 753828950 254125629 865225640 705877376 85386842 452092674 944934971 14057388 49335573 223835707 643672882 684564967 97423134 145700930 65924270 570780260 44241219 34120005 33514312 920410474 457423619 308535748 772782217 826442197 36158225 267504404 358669679 402397587 187210712 794200031 431163115 870144551 130131954 753444001 915208805 487338282 290463408 40822828 938650165 272842949 517159061 165903398 36577834 202092601 128744410 733111686 109626377 906153047 
1018 42
83930 53
89175 36
95513 95
6198 89
87505 5
16240 48
70396 15
62598 79
5997 71
21475 16
93686 44
76567 94
1292 32
7856 98
54231 54
52176 18
6454 42
7796 73
27602 30
15382 25
60443 61
587 26
27076 100
2091 13
14463 1
59785 35
18686 50
45055 50
99161 24
54231 61
52303 26
61536 64
89208 5
2369 50
35610 6
14189 88
1994 5
40715 40
98222 78
20485 69
69229 50
3094 4
2370 54
96481 66
37772 46
16570 57
48805 37
1719 69
14125 82
56598 46
28252 34
26246 10
21413 7
41445 70
48128 62
17677 77
28853 32
19914 43
85500 54
18047 60
88308 97
23565 62
38510 18
10673 5
83419 54
54561 42
18882 10
30957 59
28038 92
12293 6
26164 3
46246 56
5961 68
77899 3
12459 84
3637 23
70542 64
14258 33
14669 25
9874 74
80402 63
78223 89
27733 68
215 38
83172 64
1735 28
20406 44
1545 52
24273 15
16691 15
203 35
42107 99
90406 66
11522 43
7332 8
67351 56
23156 13
61593 78
20059 43
