100000 100 552803021 922010194 91220 100
858077054 893060100 917923502 162912474 319136937 26753451 792239141 251128590 559422331 771439652 940993040 531539895 825004564 972327815 241398384 806939107 455978233 360704376 351257834 402425703 131989905 331394970 310634824 49065815 568191143 717600277 404945400 142891151 807624939 533187096 256528012 749223982 406913393 459879505 808498744 130643990 144931889 636931959 537346647 387941741 181416069 195473089 926490854 888147742 36162989 685364332 799770375 952605785 933463374 509278264 989670272 71197454 286805487 765320683 13095226 481601143 376681851 25279436 81617346 815211916 578700227 68104491 898340811 714807693 546925817 532204757 567916970 813712507 922817589 245015456 399008729 785354654 420257267 356251364 714302324 287128065 23761555 172780286 552476863 575051505 342249688 182930895 189372830 347298946 706924650 382790971 34499612 848593418 14611540 347602348 199127269 908471972 389148038 49582220 735569355 166606766 776875348 894016207 399583301 821768011 
92374 1
4251 11
98434 51
64176 50
65163 59
95427 61
94366 16
95894 23
64889 11
88567 6
91613 66
77076 53
81320 40
99333 57
8645 47
58661 75
96893 76
3120 9
17057 34
97289 36
93059 35
94438 60
94184 62
91548 61
41170 59
93294 6
97699 92
91525 21
96775 94
90389 88
92656 64
1244 12
4115 86
16928 92
16803 23
1676 71
91346 36
95527 87
39750 49
44879 63
38369 28
95523 45
94544 81
18785 49
14606 28
95847 39
65007 44
21072 78
97437 36
19474 61
90786 86
54643 15
59561 76
55092 98
83762 82
96657 99
84563 55
96601 6
95005 45
92860 59
97918 8
16751 87
2337 81
94478 89
94021 86
93107 59
18377 34
31061 29
89934 40
99888 79
68112 5
98197 73
97110 94
91368 19
95770 33
48494 72
99837 46
94429 90
41856 19
48444 80
97387 14
99155 8
95109 49
95790 91
94611 29
98773 99
49114 45
96514 10
96381 96
93189 18
96205 94
98720 44
60287 55
15671 31
93254 67
93975 15
49826 32
72338 56
93893 40
3035 36
