100000 100 215314911 485080977 1 100
45485873 501109497 170942917 134029468 550582205 168502399 256678712 786612558 736676065 403440300 100196372 33910391 871816771 19626830 700344728 809881682 551988955 733000233 29021846 321339720 928437624 724233584 928848888 420463225 701917498 782660176 950388022 990232636 841475607 980693349 141001953 527640214 847144279 250037058 436704540 157500869 515909144 462599405 440199197 264439481 767911371 982393952 72296625 480440213 311888052 867216650 64621236 879917107 36803181 131408972 59435933 88452765 641920613 68691453 123683569 43133844 459901018 488075494 887677643 770692878 494482659 305369926 654936154 727121072 62155239 416245584 783793250 56766551 252790567 260956072 540574650 823165589 142077616 966173673 677797837 478184748 218213738 30506274 703209241 573841301 633009036 103322196 579009971 575484796 207658277 717812982 406656449 399675713 19106452 895483250 247177215 938130553 224692497 811497381 74449978 421429355 301501219 372645731 937408984 580572307 
61058 73
10770 55
3937 75
42521 95
42213 34
81017 47
71545 43
58688 54
93438 14
1 26
83609 61
988 19
90548 85
1 23
43483 96
65190 72
94958 45
20779 82
33937 74
95122 12
24051 85
66469 74
1 70
44261 49
79920 51
1 75
1 84
62245 16
38333 86
40755 4
3388 30
93777 93
12257 35
87562 7
78085 2
786 54
58933 82
7829 84
13427 99
68690 70
10406 45
38976 44
97629 21
88812 98
79582 51
1868 66
87344 80
60963 55
82756 94
1 99
25774 97
91318 72
22594 63
90767 59
47929 26
14804 22
6664 90
37254 58
93520 96
93612 89
58447 57
16745 64
80344 32
1 73
1 100
52333 60
73375 24
61243 78
1 77
49688 66
19708 45
68952 76
44671 58
1 47
71674 4
60612 19
86506 56
6447 89
97462 76
81870 49
58462 69
72027 85
33510 7
60797 97
40614 74
60212 32
32412 29
64235 23
99797 70
84783 4
58891 88
75792 96
22535 22
70691 6
1 98
37057 24
75046 52
44610 28
1 71
72058 10
