500
253484933
463401647
466040306
780172780
189090621
382815898
292073757
119686879
18566089
298493095
958705790
353943072
921769469
382944828
952060171
179614515
529168623
923463934
498845687
808794589
363932147
164062417
124677816
219707939
609625758
934219227
619154691
118604874
729241286
971114625
251771597
184736983
522750591
981928807
496770122
352288400
888938527
287085427
69230065
814529656
896027706
742633930
214633589
746237398
266458021
363151312
267945677
413863470
766462326
288381227
457308204
642099525
683643649
625465279
526448648
256264480
52583899
866226610
448411670
939400709
272009690
267878249
106711627
898541175
926865682
10463625
604867292
73424701
957355993
211194614
437673022
441023834
174446275
272824021
921072422
181735445
460719782
133038221
307174024
773364978
718239894
362808769
319216539
632072630
840714728
823146070
406700498
525241447
872006193
413317234
898113251
473621320
111946055
688518778
189881539
434108640
231978815
905486611
498215335
747836914
841244269
332263201
417296900
378625413
153141094
329405898
926681743
628659421
484528383
764370034
451542588
131633535
290733134
130412735
392229954
960761137
506520744
401119382
476696596
516989430
725768096
696586268
750081385
486344213
720395534
630985141
433802804
37042705
38508804
321132550
355070635
59063985
789866457
111763445
354905923
711921401
674787873
949612711
652007601
298081326
798219442
694109569
910459370
635955670
923246240
712981031
128442402
488015796
288946497
659873919
476328656
207822287
386117672
8958126
961183143
626478698
831596845
704662296
125004958
335057420
484725858
143640163
448462824
35933561
738446366
42846579
407528443
921142198
635399926
43336046
137877388
561925641
925717438
345144249
616478608
244498933
616751499
912132088
495037756
351134017
851901362
934133265
892320260
713380336
980479433
68123689
78416799
31158345
969638309
310813348
480856576
335651024
104772954
199170088
405002078
733975114
276788029
716784025
710961708
153738172
962273251
486759966
264134944
921486956
475005474
677356313
140976943
83583965
130029839
181839410
730416014
658290134
824301565
39806796
446185906
163429467
288665731
314523789
462020943
647639473
776804982
781540441
117484124
63103069
636301290
191782230
336701708
904799012
416347444
626694249
569750486
216882443
403146474
955017910
633835885
703707480
534264800
218526627
44354247
567263630
762400555
99874517
727920921
641456500
344515617
585850416
994018264
344111374
34729558
93826010
44615353
314774177
124830112
16647735
806392753
577556658
175187475
224523757
270987508
337201159
628502533
139341793
650110201
633493923
415864841
165800760
551161459
111931085
891268343
100628822
132810840
14850313
420095457
85581280
462300638
374341660
844316190
524811453
737792120
72883211
626492739
155003920
397478364
372939035
273888035
456608830
778549246
306531793
641064917
236311022
80106261
179324659
222692782
154399747
652491157
719406980
738014018
113816994
25787442
261961931
570674022
30409777
40455651
798301260
170297136
592965973
589157339
888789452
258498036
202259187
161609616
690386768
576902984
854505263
891165367
822002461
702395135
447025775
884739909
833189305
895481137
298810199
556660079
834343912
256078896
792996045
702341034
646483118
541801107
292152310
158815914
525757266
542269743
918617654
966642022
651146072
852994328
473703219
819521809
419393669
324679587
217029330
741217570
919371487
332796006
920239415
20196684
128727721
63744309
407242440
799075205
486929002
889319461
498552361
134760450
846143717
175431052
931216449
974536504
106090785
362160126
57287218
661575643
380958818
340198481
128538980
68529378
464980013
451605912
662161274
202050945
177160776
970189611
384338522
367403820
226469558
824913053
38349352
793884569
282863038
92207043
704023370
498859197
597974499
760981170
215703653
97887950
551753708
675908544
798396509
871939135
340388061
613853057
691333208
582458309
690202619
817981643
763551674
394443863
975823052
275538610
746297386
872509225
969296659
262210700
836029323
207480751
155729623
95960045
382509570
590646688
7059547
757636778
2381813
927557359
994201126
897060057
547640841
995991506
452897532
566282958
558156066
656569023
988065762
2950430
80528998
4848745
664364062
625995935
730925882
943215557
787834675
62509157
581133122
454918154
255098599
412853190
363599972
853889196
822759232
754547286
863435461
163874655
87393410
235489258
497056457
347288090
335494962
554779800
183030038
687818000
58499605
702697140
439830673
815182520
793235504
807805652
752557150
605115333
664883913
926262731
376394723
402025773
985536355
578731697
929141956
383389221
968191941
268106969
642282215
218053665
950638579
506019800
900536433
572574936
822145586
811649411
779384263
915178046
600627463
289347568
709861261
404366983
666775351
149745011
575328424
684398121
32652231
955616418
955690559
381989850
42720765
179183185
673373109
289277069
133217116
358349206
623950511
291998584
354147243
