500
933
647
306
780
621
898
757
879
89
95
790
72
469
828
171
515
623
934
687
589
147
417
816
939
758
227
691
874
286
625
597
983
591
807
122
400
527
427
65
656
706
930
589
398
21
312
677
470
326
227
204
525
649
279
648
480
899
610
670
709
690
249
627
175
682
625
292
701
993
614
22
834
275
21
422
445
782
221
24
978
894
769
539
630
728
70
498
447
193
234
251
320
55
778
539
640
815
611
335
914
269
201
900
413
94
898
743
421
383
34
588
535
134
735
954
137
744
382
596
430
96
268
385
213
534
141
804
705
804
550
635
985
457
445
923
401
873
711
601
326
442
569
370
670
240
31
402
796
497
919
656
287
672
126
143
698
845
296
958
420
858
163
824
561
366
579
443
198
926
46
388
641
438
249
608
933
499
88
756
17
362
265
260
336
433
689
799
345
309
348
576
24
954
88
78
114
29
25
708
172
251
966
944
956
474
313
943
965
839
410
14
134
565
796
906
467
731
789
943
473
982
441
124
69
290
230
708
12
444
249
486
443
474
910
885
480
800
627
247
630
555
517
921
500
617
416
264
374
558
10
353
177
112
735
753
658
475
757
508
159
533
793
201
923
841
760
459
85
343
822
840
313
457
280
638
660
190
453
120
211
739
920
364
35
35
830
246
793
917
22
261
659
782
747
157
980
18
994
442
931
22
777
651
260
136
973
339
452
36
187
616
768
984
263
367
461
135
775
909
305
137
199
79
912
896
45
34
118
107
310
914
266
743
654
22
72
328
219
809
669
587
330
570
487
6
415
684
721
309
440
205
2
461
361
450
717
52
449
504
785
126
218
643
818
481
980
378
13
912
274
945
776
611
522
820
558
53
352
569
38
43
370
197
499
170
653
950
708
544
509
135
61
57
208
309
619
643
674
863
52
610
386
225
659
700
323
751
623
45
570
688
547
778
813
359
126
57
841
506
532
958
66
23
762
430
998
745
62
935
882
557
675
157
122
154
599
190
972
196
232
286
461
655
410
258
457
90
962
800
38
1000
605
140
673
520
504
652
150
333
913
731
723
773
355
697
956
221
941
969
215
665
579
800
433
936
586
411
263
46
463
568
261
983
351
11
424
121
231
418
559
850
765
185
109
69
116
206
511
584
243
