500
13
7
6
20
1
18
17
19
9
15
10
12
9
8
11
15
3
14
7
9
7
17
16
19
18
7
11
14
6
5
17
3
11
7
2
20
7
7
5
16
6
10
9
18
1
12
17
10
6
7
4
5
9
19
8
20
19
10
10
9
10
9
7
15
2
5
12
1
13
14
2
14
15
1
2
5
2
1
4
18
14
9
19
10
8
10
18
7
13
14
11
20
15
18
19
20
15
11
15
14
9
1
20
13
14
18
3
1
3
14
8
15
14
15
14
17
4
2
16
10
16
8
5
13
14
1
4
5
4
10
15
5
17
5
3
1
13
11
1
6
2
9
10
10
20
11
2
16
17
19
16
7
12
6
3
18
5
16
18
20
18
3
4
1
6
19
3
18
6
6
8
1
18
9
8
13
19
8
16
17
2
5
20
16
13
9
19
5
9
8
16
4
14
8
18
14
9
5
8
12
11
6
4
16
14
13
3
5
19
10
14
14
5
16
6
7
11
9
3
13
2
1
4
9
10
10
8
12
4
9
6
3
14
10
5
20
20
7
7
10
15
17
1
20
17
16
4
14
18
10
13
17
12
15
13
18
15
17
8
19
13
13
1
3
1
20
19
5
3
2
20
13
17
20
18
20
10
13
20
11
19
20
4
15
15
10
6
13
17
2
1
19
2
7
17
20
18
14
2
11
2
17
11
20
16
13
19
12
16
7
16
8
4
3
7
1
15
15
9
5
17
19
19
12
16
5
14
18
7
10
14
6
3
14
2
12
8
19
9
9
7
10
10
7
6
15
4
1
9
20
5
2
1
1
10
17
12
9
4
5
6
18
3
18
1
20
18
13
12
14
5
16
11
2
20
18
13
12
9
18
3
10
17
19
10
13
10
8
4
9
15
1
17
8
9
19
3
14
3
12
10
6
5
19
20
3
11
3
5
10
8
7
18
13
19
6
17
1
6
12
18
6
3
2
10
18
5
2
15
2
17
15
17
2
14
19
10
12
16
12
6
1
15
10
18
17
10
2
20
18
20
5
20
13
20
4
12
10
13
13
11
3
13
15
17
16
1
1
9
15
5
19
20
13
16
6
11
3
6
3
8
1
3
11
11
4
1
11
18
19
10
5
5
9
9
16
6
11
4
3
