500
84933
1647
40306
72780
90621
15898
73757
86879
66089
93095
5790
43072
69469
44828
60171
14515
68623
63934
45687
94589
32147
62417
77816
7939
25758
19227
54691
4874
41286
14625
71597
36983
50591
28807
70122
88400
38527
85427
30065
29656
27706
33930
33589
37398
58021
51312
45677
63470
62326
81227
8204
99525
43649
65279
48648
64480
83899
26610
11670
709
9690
78249
11627
41175
65682
63625
67292
24701
55993
94614
73022
23834
46275
24021
72422
35445
19782
38221
74024
64978
39894
8769
16539
72630
14728
46070
498
41447
6193
17234
13251
21320
46055
18778
81539
8640
78815
86611
15335
36914
44269
63201
96900
25413
41094
5898
81743
59421
28383
70034
42588
33535
33134
12735
29954
61137
20744
19382
96596
89430
68096
86268
81385
44213
95534
85141
2804
42705
8804
32550
70635
63985
66457
63445
5923
21401
87873
12711
7601
81326
19442
9569
59370
55670
46240
81031
42402
15796
46497
73919
28656
22287
17672
58126
83143
78698
96845
62296
4958
57420
25858
40163
62824
33561
46366
46579
28443
42198
99926
36046
77388
25641
17438
44249
78608
98933
51499
32088
37756
34017
1362
33265
20260
80336
79433
23689
16799
58345
38309
13348
56576
51024
72954
70088
2078
75114
88029
84025
61708
38172
73251
59966
34944
86956
5474
56313
76943
83965
29839
39410
16014
90134
1565
6796
85906
29467
65731
23789
20943
39473
4982
40441
84124
3069
1290
82230
1708
99012
47444
94249
50486
82443
46474
17910
35885
7480
64800
26627
54247
63630
555
74517
20921
56500
15617
50416
18264
11374
29558
26010
15353
74177
30112
47735
92753
56658
87475
23757
87508
1159
2533
41793
10201
93923
64841
760
61459
31085
68343
28822
10840
50313
95457
81280
638
41660
16190
11453
92120
83211
92739
3920
78364
39035
88035
8830
49246
31793
64917
11022
6261
24659
92782
99747
91157
6980
14018
16994
87442
61931
74022
9777
55651
1260
97136
65973
57339
89452
98036
59187
9616
86768
2984
5263
65367
2461
95135
25775
39909
89305
81137
10199
60079
43912
78896
96045
41034
83118
1107
52310
15914
57266
69743
17654
42022
46072
94328
3219
21809
93669
79587
29330
17570
71487
96006
39415
96684
27721
44309
42440
75205
29002
19461
52361
60450
43717
31052
16449
36504
90785
60126
87218
75643
58818
98481
38980
29378
80013
5912
61274
50945
60776
89611
38522
3820
69558
13053
49352
84569
63038
7043
23370
59197
74499
81170
3653
87950
53708
8544
96509
39135
88061
53057
33208
58309
2619
81643
51674
43863
23052
38610
97386
9225
96659
10700
29323
80751
29623
60045
9570
46688
59547
36778
81813
57359
1126
60057
40841
91506
97532
82958
56066
69023
65762
50430
28998
48745
64062
95935
25882
15557
34675
9157
33122
18154
98599
53190
99972
89196
59232
47286
35461
74655
93410
89258
56457
88090
94962
79800
30038
18000
99605
97140
30673
82520
35504
5652
57150
15333
83913
62731
94723
25773
36355
31697
41956
89221
91941
6969
82215
53665
38579
19800
36433
74936
45586
49411
84263
78046
27463
47568
61261
66983
75351
45011
28424
98121
52231
16418
90559
89850
20765
83185
73109
77069
17116
49206
50511
98584
47243
