1
1
1
1
1
945
945
1
199
221
706
220
220
2
666
681
1
1
3060
534
765
666
1215
1871
829
1871
1708
85
1215
85
665
621
1727
763
763
800
959
800
1539
546
1608
66
154
942
827
942
151
104
19
662
662
2583
1241
695
695
4542
2
1357
2
1129
944
3861
1320
920
880
1230
817
817
163
7404
920
1230
163
363
1338
278
907
278
662
175
1490
175
175
932
1423
303
1345
278
537
1056
1056
5167
278
514
537
278
422
67
67
422
422
278
879
2440
749
278
879
430
569
569
1353
2406
845
281
699
14
14
14
134
456
3752
334
110
2290
291
291
278
291
291
278
1094
7961
195
650
868
195
195
836
1973
1232
22
992
238
2198
5318
5878
999
568
1592
4832
611
2532
50
2613
50
325
50
477
6691
1059
233
1026
933
4478
1253
1803
3297
659
2590
1056
1646
1646
554
3135
2590
378
2590
429
2501
2586
1219
2867
515
429
1547
254
1408
2043
917
2530
306
57
306
2707
237
245
1144
87
1251
3391
306
1523
2760
1536
368
466
13284
57
3325
341
2340
4013
128
4930
681
1868
16907
420
4779
2233
681
681
681
8818
1321
1321
1321
692
55
510
1391
4449
1309
2983
917
3476
1379
3805
47
47
47
109
109
29620
349
832
1553
2358
31
671
2246
267
5485
250
4642
31
753
1231
3806
43
275
275
14865
43
216
4138
216
693
20613
1269
1657
1269
1269
1197
988
988
988
166
75
166
75
700
700
246
166
246
1246
2777
8
4602
870
870
180
412
412
142
142
845
295
295
856
53
9840
555
379
995
321
130
130
54
130
139
139
1403
938
68
6
6
7960
68
6
673
932
54
234
1177
54
3098
1314
592
380
244
63
1112
418
2010
2654
116
631
572
136
3598
136
789
545
545
1240
545
1240
44
1264
755
892
755
44
755
622
298
475
1809
298
258
59
59
475
599
350
350
1805
478
911
1888
1162
276
1215
2887
7585
276
648
196
196
728
648
467
761
7821
467
653
919
485
5446
919
5185
2165
1512
3783
271
244
571
244
627
676
676
271
1632
1119
902
3378
323
3654
2896
323
2508
256
256
1725
5768
1187
2488
1508
365
149
2508
992
734
734
114
114
2020
114
1113
601
1863
1686
111
442
3270
53
18964
16090
1490
1490
6511
22225
498
216
216
216
257
216
257
257
257
498
1604
608
1911
1559
34237
608
2029
1371
2029
2467
753
11882
849
2467
849
849
191
1094
191
581
584
216
4455
1859
941
941
177
177
941
177
516
488
516
516
635
300
300
774
2213
334
391
855
963
963
963
1490
308
855
195
671
1536
4847
403
10903
2532
403
4256
403
686
686
1089
201
1089
2412
430
729
13866
178
1804
178
84
84
84
56
56
2713
56
2216
145
3564
145
905
8536
15119
2149
207
1816
12
1056
1132
238
2030
2705
238
5
5
3496
1095
5
36
36
650
15301
650
16
16
16
4159
1867
614
614
8311
2946
681
357
11200
146
535
146
448
567
134
63856
924
12111
126
473
535
1686
934
52592
1192
1192
1192
2483
1840
227
1402
396
336
1
703
710
16472
1
1
207
207
998
207
135
10558
755
207
236
135
1854
268
268
8
1910
8
275
111
371
338
164
2480
2047
168
168
72
3478
2436
2241
2809
1144
604
1771
39
2089
51
51
93
1628
2902
8764
4786
610
610
610
479
1450
72
39
89
89
2616
774
1802
1073
1073
1073
5805
1433
1073
1836
1871
584
8575
383
383
383
1442
5665
1608
5871
30
30
525
30
926
1083
7935
945
1179
67
945
67
1664
552
26267
1374
303
303
414
376
414
102508
385
2515
385
6051
85
553
2793
3051
1534
4049
2257
2173
758
758
8647
43
376
427
5155
43
20
4566
459
393
608
517
1388
1388
20143
1330
16241
1388
1423
2790
1423
1423
1007
836
7345
417
1832
796
1832
816
816
4278
7032
13804
816
1370
617
7246
903
506
2649
2719
325
325
325
26
325
26
1435
3222
197
197
649
197
197
832
3156
1396
1396
344
1149
1279
27
43
7198
1904
601
2653
6438
159
159
211
1904
379
2157
406
614
406
957
1542
933
371
371
159
371
371
676
159
957
676
371
583
583
371
4177
371
57
4012
667
57
1451
720
6737
1134
1134
302
783
105111
5675
1068
1068
1648
2829
565
565
919
419
919
6853
4356
138
54
54
138
138
138
463
379
407
670
635
2170
155
9476
2176
3460
91
800
91
257
768
39
1676
453
941
3108
1671
4651
2472
457
3336
413
457
895
457
457
457
895
895
457
895
84
435
398
529
1267
557
161
161
161
2373
228
2265
228
1291
777
1714
142
777
271
354
696
1606
2029
36433
136142
686
1196
1863
686
686
2533
3498
768
3065
393
1826
4540
1256
787
1256
1536
604
2395
1587
2437
110
7658
275
275
14090
275
285
285
285
812
232
232
2435
527
527
3158
668
667
920
697
70
11561
70
1263
70
70
64713
269
255
2009
341
221
529
783
783
831
2313
97
37
18879
321
97
9040
1281
663
834
882
2513
1755
676
265
676
676
679
2676
1554
620
251
5623
256
256
10785
214
214
4137
1196
2431
479
479
479
1555
525
2034
895
44881
170
133
3057
133
669
3666
835
407
407
465
465
619
160
164
2993
301
986
215
1765
5763
974
240
1509
240
240
373
582
582
63
1045
63
300
300
8414
517
1603
458
458
1053
786
79
6267
522
787
5575
787
541
128
8516
945
945
327
792
327
792
907
907
384
894
1540
129
539
539
638
539
638
4578
8538
504
504
118
2334
2628
1140
5841
930
550
331
331
3937
329
1088
640
10534
3704
908
268
268
268
268
106
106
3423
106
1017
215
348
215
12131
100
912
912
57
2604
5472
57
57
428
57
57
930
982
1043
1043
1807
930
1807
2413
1417
619
908
908
2413
619
529
529
962
2798
6045
11664
1064
1064
1407
1852
1852
71
792
1326
1743
2112
3514
71
293
10387
684
10387
448
684
83
568
2865
678
296
243
296
71
71
71
71
1015
1278
2119
784
784
784
1785
2545
592
759
2118
2542
5840
1180
882
1239
453
704
1937
94
94
453
453
1814
39148
1715
2230
869
109
586
2841
1695
87
284
284
1231
944
1603
1114
642
272
272
1114
1114
46
103
791
791
1315
627
627
1912
5324
221
252
364
1164
913
52024
2304
1546
1141
639
139
363
363
157
428
1759
382
4878
1966
8862
390
1073
1073
2025
3528
1024
6172
14
753
753
1732
47
47
3097
120
1447
1921
3097
2736
5507
1832
7010
6923
913
2536
913
3903
1880
277
531
121
197
1974
1262
121
399
399
1651
1352
520
1169
1921
121
5368
486
486
486
442
11005
486
1442
393
185
393
454
129
1210
861
861
1842
1842
617
1301
20
717
1314
13793
717
189
1314
1336
10894
38
161
161
2304
2220
717
1704
1103
608
149
4178
1128
1250
3763
32
2510
6841
924
132
190
7036
372
950
228
4286
372
2201
302
302
3838
411
1750
524
1496
35
35
1435
114
148
914
862
63
1939
641
1167
411
503
3687
503
1485
1465
275
12
538
12
737
12
958
12
1910
1735
390
387
21625
299
2567
958
348
3245
1543
1902
671
822
1280
1817
657
822
657
209
657
366
4345
174
174
304
482
388
482
308
308
967
3629
920
2822
73
73
25
235
638
25
876
638
915
6524
638
5394
2622
601
327
238
762
3474
706
164
164
253
706
253
285
285
164
18
818
18
18
18
4571
3822
733
256
8585
833
762
567
567
579
8052
660
683
3643
2649
2649
216
15342
4539
7152
15454
808
344
2104
808
2104
344
721
2604
2247
2247
2604
721
216
667
750
8454
216
497
721
1554
1554
1330
392
649
649
313
649
313
12860
942
1270
14964
1250
2118
1568
140
28213
1158
3
640
537
123
123
123
2476
339
123
837
339
2338
375
339
289
798
1093
1332
1627
1332
1332
1728
105
2143
25845
105
5209
2244
722
2646
2434
202
514
202
2645
231
1732
505
1064
1117
256
256
327
327
856
350
350
350
3539
2660
154
254
287
287
8164
597
249
297
1145
249
741
741
8692
297
785
7169
2063
651
291
291
48760
651
1527
855
151
169
1431
257
169
628
1923
257
1988
257
185
6757
1112
529
529
529
23
23
21
1204
1774
625
625
625
26
3070
26
1294
676
331
108
108
1259
282
600
902
932
10
5972
847
6305
540
1474
658
658
658
1344
146
1941
932
932
548
1404
1404
1404
4778
1404
1912
2380
2445
1528
1912
653
3460
653
2477
1190
924
1606
2875
3386
704
1303
1568
2556
1109
365
1109
3451
2034
7030
2449
4701
3413
8
4226
8
8
1000
5411
605
8683
8
482
1000
482
10252
1423
502
365
1403
138
299
138
559
559
461
461
461
578
10007
486
160
1434
769
935
340
276
748
340
330
55
330
434
1739
987
987
3030
19
576
1450
577
577
1142
161
577
1537
1537
809
333
161
333
676
1454
38
480
401
1581
401
7311
1551
2390
463
463
1602
519
1231
1592
215
215
1025
82
82
238
877
350
2027
2027
927
2027
952
1707
2027
150
66
298
2091
66
822
2203
1054
1485
1485
250
400
451
400
2450
2450
960
323
3036
3036
909
1641
2028
2028
5974
673
8186
1056
1060
973
741
294
294
28
28
4128
13986
2684
3825
1058
104
104
267
71
71
267
169
1102
2092
753
71
71
148
256
5064
34
34
34
22582
210
34
34
720
34
34
1378
1580
1639
7851
1032
1162
485
1802
1162
1592
2667
3168
992
211
3956
275
275
211
374
211
374
68
488
1236
3353
1259
173
2122
1711
3405
3450
70
70
867
135
508
655
369
167
1234
1235
26
1235
1728
697
167
1613
1752
1483
3290
166
299
299
166
19288
166
1122
1122
2884
268
271
101
419
271
1354
271
869
753
1088
753
541
1088
1589
221
790
3337
24491
943
1654
968
651
651
546
860
1326
1959
826
316
2754
316
439
1049
306
901
511
916
561
235
541
824
1028
163
1165
1386
290
290
364
2070
1101
290
186
364
1101
530
309
309
1101
290
394
1005
394
1101
378
1565
378
1565
239
1703
195
195
6683
723
239
239
239
239
892
239
1418
22
22
1081
6765
1483
1081
584
326
672
672
75470
604
672
258
1324
692
56
258
175
56
373
373
523
195
195
1347
580
564
1080
259
259
259
180
641
641
10870
2
506
601
3737
443
443
482
482
286
763
504
763
763
1244
2074
1244
2283
978
978
553
1897
2581
731
1883
2438
335
3664
1103
1252
1103
1201
1201
1103
857
460
460
1355
1103
1196
1196
5900
6681
1711
2464
2091
2750
744
744
744
744
2707
825
1637
732
2966
247
732
732
247
1147
118
10879
7894
960
696
4700
2567
5336
515
5853
90
1457
5058
363
11579
223
236
918
223
464
553
1053
362
6432
902
2489
4607
1139
3266
2626
5187
1986
821
821
2539
530
81
105
126
126
544
544
340
591
591
871
1074
717
345
1599
298
298
787
134
134
870
134
3182
805
1834
2354
4213
274
274
2039
274
268
268
430
274
486
852
4083
648
852
1648
30245
948
73
948
172
3261
903
8412
8239
20802
303
83333
177
2106
1792
788
917
788
917
1002
4564
9396
556
921
3255
881
291
291
3809
1152
291
6283
2429
1731
2466
1273
1823
1823
1248
126
126
126
1823
2248
29
1983
5178
29
614
5178
29
29
4124
978
399
1195
399
31
664
664
69
64
743
69
69
587
587
34
885
1305
69
69
75
1858
560
1511
944
1646
318
675
853
3396
39
746
746
746
530
3520
746
3995
17
280
17
594
824
40843
1030
1924
1395
159
1965
2850
5450
123
33
1527
33
2038
512
5588
521
358
1146
2450
887
887
1841
1562
145
1008
3000
1008
1567
7889
1350
1471
813
38
38
558
835
216
558
2374
216
216
558
99
558
133
133
133
2032
666
876
69
1392
1681
18394
69
45
17876
45
45
154
154
334
334
1111
939
1694
991
2982
4585
839
1888
1282
3790
2601
839
968
138
378
397
2018
2417
265
1275
427
10996
427
770
511
770
84
745
84
106
770
770
1966
4719
4055
499
302
302
4761
499
1503
499
499
4466
19
19
4812
132
2882
132
132
132
132
2964
132
276
568
1323
2401
4223
6486
375
6629
6629
1831
532
375
1208
1341
90
256
868
868
130
1341
1312
97
3007
97
580
232
131
3142
616
131
653
1036
130
130
1342
1231
1036
959
1147
638
340
340
340
997
1747
654
638
654
935
836
975
356
725
725
1395
397
2745
1252
1295
2789
1765
3049
277
2554
3853
754
393
754
393
1056
14262
27946
2050
13082
848
462
4216
1039
1702
3350
627
627
588
588
588
627
1186
2691
1186
3237
74
3237
3575
217
74
394
37
290
290
897
284
3652
1174
758
245
961
15261
290
280
280
280
280
116
86583
332
280
280
364
116
1801
168
9465
471
810
159
159
159
2413
159
1762
1762
159
1762
725
743
743
743
16972
1386
177
2117
28
547
88
177
177
1172
1432
891
2870
1992
169
169
1272
169
1272
169
169
169
1992
297
2180
169
17034
797
197
39
465
33
147
147
1008
33
33
1971
152
18675
33
362
362
152
835
159
7325
152
469
338
47290
1848
1855
1848
825
405
443
2869
443
1045
675
405
405
1381
134
1417
26179
778
439
1259
442
442
439
1722
1389
1722
9
9
2491
442
1704
9548
400
534
1704
5521
1371
154
154
14
7437
421
421
421
421
833
421
19171
232
1653
390
228
925
144
925
7000
516
637
8559
122
122
2086
290
261
2485
1976
595
624
1465
2552
124
18734
24
24
2684
24
124
1275
583
5813
438
2022
6
6
263
6090
2060
372
76
2608
76
76
1893
310
1893
419
291
1684
291
419
376
291
291
291
666
1165
994
957
309
309
1164
2610
1031
4564
7196
897
5939
6353
897
469
897
134
1100
1100
965
520
498
520
1240
520
520
682
631
746
875
875
682
590
40008
130
590
1197
160
1563
160
1512
30514
2495
263
932
1265
1633
1962
371
371
254
1157
254
2227
1739
1311
1308
1308
4489
954
8
4818
310
444
633
717
4900
1153
1389
1991
1389
3477
39
39
269
590
633
590
590
2333
10314
2333
2333
3467
1598
1383
2043
2452
1670
2544
2544
1104
14199
743
743
435
435
743
895
10
3113
708
1699
992
143
932
5249
681
1263
715
1134
2592
2797
868
1502
279
118
279
840
118
1565
175
184
184
184
7446
260
1809
2332
341
3525
786
2071
983
786
786
426
786
2144
36
447
493
608
787
787
787
198
2214
482
1158
1137
2954
36
2168
284
4805
284
1357
1357
1788
4879
2240
358
358
956
3856
956
329
902
3618
329
329
329
329
6276
669
982
92
138
638
181
819
819
296
48
48
571
296
154
2755
622
11047
2928
949
823
505
565
505
768
153
577
153
510
510
1864
554
3927
387
3205
1395
6258
1306
13797
905
1085
1649
1591
1513
1841
785
131
5050
2971
131
1746
131108
3891
5603
663
739
739
9438
814
814
8205
2862
5086
78
3157
99215
2795
836
684
836
807
38
102
38
102
102
534
222
222
222
989
222
222
1493
262
1406
1406
1406
49884
715
715
2351
494
7146
541
480
156
1285
52
1656
423
423
1656
1936
1986
96
731
19951
92
92
141
239
141
62
141
626
232
232
2639
118
963
239
855
129162
774
774
1652
1268
2523
1053
1053
858
79
79
79
663
1651
42
817
1599
1830
923
2295
1358
492
2295
3341
11742
492
947
159
492
3942
947
10
316
911
741
559
911
1922
1694
2124
124
714
551
647
886
857
459
886
1018
2694
491
75
929
929
309
10
75
163
1988
44
3668
4512
111763
129
1069
1232
1590
19816
686
10046
57
1066
10888
1066
1066
1066
300
1307
987
1558
3274
380
2409
183
2409
1066
480
1053
2090
26
607
480
26
10931
192
26
2672
774
169
6455
608
2672
614
591
591
591
503
2320
640
1592
7394
758
758
2066
4233
4150
384
384
3702
1306
541
201
3153
31036
107
2098
107
1806
1806
2528
192
192
2710
1368
714
1368
1254
554
36525
59
384
384
1579
541
1012
281
575
282
1130
1130
439
2863
1287
2161
211
35
588
35
35
113
35
113
113
104
113
235
818
818
818
1163
1163
4808
1000
1104
1745
11895
856
856
3834
209
391
295
423
2360
3556
966
1131
966
85
85
1411
10523
9
2014
59
59
865
357
3517
2731
122
19528
122
176
2973
1268
299
299
299
38
5379
583
213
178
213
2596
2741
1465
207
2344
718
1341
258
140
21
21
662
3934
295
170
170
113
113
113
170
1913
225
2264
770
486
170
668
291
170
2811
1442
9991
947
1174
177
177
730
2446
1300
1026
466
1981
332
2696
466
11456
133
133
72
1641
3597
805
72
33
102
33
133
838
1407
1864
622
3188
905
905
978
6635
332
332
1171
591
630
630
429
4
954
954
954
1262
4
954
1440
4559
4
15683
4
2139
1391
837
158
2185
158
837
1564
901
13584
26275
1077
1077
2468
1737
1077
2554
1930
1471
2468
7963
4279
637
2071
1360
5300
2341
502
634
255
255
647
634
634
982
1232
617
617
610
180
534
1135
1135
2951
3772
6694
850
214
214
634
1239
1239
1239
431
212
316
908
401
401
1387
401
3412
5916
439
1387
1498
20946
3000
3055
21061
99
848
580
11567
1969
5192
152
987
1462
1139
12788
1161
1323
469
1171
469
652
5935
469
1323
835
621
1177
621
1204
165
40
165
75
75
52
139
52
139
52
139
575
52
52
2012
4449
52
1977
59
4190
59
1977
59
59
383
630
383
839
630
756
679
756
679
1121
3
154
1075
3
3
1202
154
490
12
187
7272
857
31960
295
2310
5890
43290
490
922
657
988
116
887
288
456
1850
2480
456
148
150
150
150
4994
80
80
80
317
453
1500
61
61
403
61
845
957
957
5405
514
398
1505
827
411
411
463
40
40
940
39
412
39
39
39
310
310
39
542
735
857
384
735
279
279
279
1184
389
279
1753
389
1184
811
1335
811
554
14
197
13460
2456
4660
6873
1160
161
3181
1587
1271
219
1086
77
3228
2491
219
12403
1015
1015
1015
141
1015
997
713
713
387
6766
719
713
713
1256
1256
188
188
111
930
23
1699
809
631
796
859
75
631
1313
3104
1697
1697
1925
2615
3009
3188
3527
843
843
1224
467
467
1342
297
1968
297
816
297
200
200
200
297
200
467
200
721
755
1101
467
618
618
618
16
1587
750
16
16
16
503
16
452
886
351
351
351
667
1237
667
916
1327
1534
3175
1545
1597
502
740
502
502
74666
246
579
327
579
579
327
246
246
246
246
246
1
1
1
1
1687
22
146
1
22
671
22
173
22
249
362
249
249
9
805
2579
1370
661
928
1104
1104
110
168
168
37403
3001
263
263
1306
263
909
411
29421
349
411
469
342
66
1332
736
2737
1296
1135
1135
7747
1135
1944
989
2296
949
2333
1274
2800
220
823
2152
1814
59
172
959
1562
11163
1
2598
479
389
1
479
696
696
781
859
859
859
908
860
51
51
1229
389
2649
603
389
4191
2222
674
2222
1309
391
2491
1158
1490
164
590
1751
1180
55
108
577
369
149
55
387
149
387
469
1594
911
911
286
2331
621
621
481
436
415
3315
2809
436
436
597
2326
1022
1357
3386
34
3386
873
1005
873
167
508
1525
508
508
96
305
4775
305
33
806
703
2713
703
171
3188
2141
2779
1312
4397
2141
225
1844
34
832
220
832
220
220
3769
370
370
3769
57
676
188
72
633
338
412
412
174
1255
174
824
824
470
470
248
1777
840
618
840
373
923
1762
2164
240
816
138
683
683
2351
683
833
683
683
833
311
138
784
175
1753
1322
1667
204
1224
2566
594
109
2042
210
112
2107
112
112
112
112
112
329
329
286
286
4491
532
95
25215
40
40
40
193
193
8687
1500
355
3668
800
1342
790
2580
658
4957
318
8932
3005
3005
836
3373
720
11717
174
174
174
174
174
1362
2408
2408
927
927
58160
6265
18
126
8476
992
283
1293
2836
3232
1072
283
2087
6247
741
741
283
3951
433
433
404
433
1351
634
2128
1141
560
616
448
537
458
458
458
74
1666
5518
968
896
95
397
1856
139
139
139
227
882
152
227
1295
152
152
227
4284
152
152
4105
131
201
297
38871
201
297
248
980
5268
50588
479
3485
4701
479
479
2350
835
896
638
101
1498
101
851
101
10529
101
943
6924
266
531
1002
128
65
476
266
2425
625
142
142
531
65
1941
531
11740
347
516
347
481
299
481
8066
14320
1605
983
1916
1931
2112
14585
661
122
122
4177
661
113
1475
661
507
2304
855
669
678
447
1514
1916
3142
27
27
315
315
1442
7656
1501
1501
2020
1781
11
623
623
694
509
1234
827
1328
1987
356
1529
1132
404
416
2633
622
416
81
81
405
1317
861
581
581
53
1386
1386
925
1302
49358
217
28
475
218321
157
1889
2718
2290
93
656
849
93
295
3916
374
734
734
1679
5330
2931
1679
178
178
733
752
178
3735
24
1144
701
1295
701
1575
1575
144
980
1548
478
7081
4026
225
4565
8655
2565
9281
1606
265
685
2389
608
1884
3572
656
294
294
294
3984
396
8189
225
795
2022
225
4281
66
66
66
3777
3039
1022
1767
739
219
4271
2572
238
2765
434
19555
2572
616
2572
475
434
890
2572
1101
674
1321
1550
3088
1202
12886
3770
123
1272
152
312
21500
45
221
221
8523
710601
152
45
45
18941
6279
672
1119
1119
1711
250
24964
8
250
250
645
455
8
8
978
1711
978
145
2338
1253
376
376
959
250
780
70
446
3318
258
258
605
8303
217
2684
422
250
385
122
344
122
122
270
250
200
97
769
1042
250
200
2430
823
446
446
446
2258
1584
2418
928
150
27
150
30
3115
2564
2581
553
265
12
265
265
359
6719
106
474
29493
4
269
572
1006
352
352
1191
1012
134
572
2335
572
1581
572
3283
786
1395
1275
1542
768
175
759
795
395
395
150
553
1395
150
972
4199
602
602
1986
395
7772
385
602
986
50
2554
4043
686
2126
601
720
803
317
2126
747
2126
2267
2126
2834
2834
1367
211
5967
5609
477
2834
3301
1565
603
337
603
603
14129
2834
333
333
2390
2390
415
1408
587
435
11213
435
1475
4393
296
10450
435
435
209
6319
209
8145
209
209
216
216
216
9464
268
216
307
136
167
167
1857
1556
617
617
1888
576
1888
2811
458
7
7
7
7
6923
7
7
2033
7
910
2297
2350
7
1406
189
1450
4535
767
767
3635
4204
1435
1235
9812
1235
302
302
5455
155
302
2350
302
3789
302
653
1610
5439
32
32
32
976
819
819
819
976
118
819
1356
3192
1356
742
742
8959
1356
453
32
32
32
828
871
943
1300
1916
351
945
1166
1300
1300
2030
1169
2137
1276
288
288
1273
863
288
1276
1273
485
288
288
485
1492
1159
511
530
3137
1173
817
914
914
817
528
2
720
720
528
3918
4067
2
593
2
539
69
3501
1133
1133
1169
539
539
152
7095
632
539
152
424
857
424
2206
433
2206
2206
2980
625
558
152
1483
3280
330
502
4845
3283
1904
884
538
538
838
838
838
962
603
962
838
914
914
2956
3456
707
10564
726
970
2125
1547
2166
11
1701
736
1274
8712
934
2520
621
801
611
71
363
551
1488
71
757
23
4126
6809
507
644
163
3482
351
2430
370
559
2548
452
370
2842
2186
458
458
409
5755
14
1535
409
441
597
327
327
358
1191
358
34
114
680
114
126
1049
1568
633
894
2241
1432
56
255
1426
1426
490
1966
1519
2103
56
2826
44
5939
166
600
933
685
24
964
137
964
592
4154
507
176
3651
258
176
507
258
258
1901
2726
961
4039
961
618
513
1062
1062
7293
1833
1081
504
14956
504
494
864
1058
3195
6785
1386
497
569
30
30
30
231
30
231
393
231
231
783
1656
783
338
783
1761
680
1194
949
2535
2535
521
2495
949
331
357
538
1103
1631
1531
5487
651
651
651
700
862
862
821
821
542
542
6178
3206
374
374
188
690
10750
704
188
690
612
612
806
188
518
188
719
1840
6576
973
1163
16
16
6848
1146
1988
415
12663
3570
117
539
539
632
99
1008
2030
2600
19
19
4526
65
260
260
260
345
345
1865
994
458
99860
781671
604
383
427
1837
1106
293
1106
14873
4590
19760
1027
2372
1314
1314
1160
560
516
560
729
729
1167
2153
1723
4802
944
7068
761
4802
568
568
396
396
396
607
607
5123
684
693
800
10152
2764
1317
2764
130
191
8028
713
3979
107
107
1104
176
176
23
776
23
15522
330
158
1059
5330
390
158
2655
2374
672
672
145
54
54
54
220
5319
216
90
1401
540
623
623
1119
1355
2279
2202
29
408
648
215
2202
774
5672
1477
1728
1477
2505
2505
335
1691
2505
2963
247
275
1096
954
252
1504
16009
1220
1871
419
1088
295
2928
455
5747
1052
1865
1970
5740
4845
181
91
91
2914
91
91
42867
91
361
46
46
46
434
2356
4
584
584
237
717
164
164
551
164
670
386
954
1829
185
683
2940
4741
84
657
396
396
84
84
922
39
84
106
6427
102
1651
102
102
775
4227
1888
1551
2224
2683
5400
10324
2683
474
132
4278
537
482
537
515
852
1143
1696
104
104
104
1696
1751
81
81
81
81
362
1567
664
3833
1562
630
1251
630
4477
2
206
206
2838
3590
5896
1958
626
1454
8029
4911
7294
1242
481
143
165
818
4885
522
10032
967
706
706
25414
218
706
1871
197
364
837
303
364
1
364
364
590
590
978
84
192
1514
11404
2052
5738
2
1897
610
6153
2378
639
545
811
811
3855
2072
1292
1228
2663
2663
697
2410
697
1258
3180
132
704
5070
3666
836
398
509
1203
486
641
3987
486
641
486
572
128
128
514
514
514
1489
514
1727
514
1233
282
2238
2542
1726
883
2134
150
633
641
650
650
1607
907
699
699
699
4521
426
480
1878
480
1878
4166
1920
480
2679
725
601
480
480
3344
559
1049
559
6555
399
1846
6110
498
1010
1010
6934
498
684
684
1452
9868
39
615
6811
325
381
1252
407
128
325
407
498
2399
306
545
306
2166
545
678
3641
3152
262
308
1630
296
3384
977
366
650
58
58
684
159
380
380
876
4520
339
101
986
101
126
126
41750
502
502
502
217
1687
1922
293
1038
3854
178
178
23
345
23
5780
1870
823
617
198
412
1064
1602
2126
1361
17559
99
198
99
198
6565
1538
596
445
8972
877
596
468
738
847
738
610
781
1987
2072
1209
1971
907
2185
1024
2185
4729
3541
18440
479
479
479
33
33
33
159
33
33
479
159
1050
163
1050
163
159
2797
2729
163
198
1310
714
1479
109
2604
109
225
109
1578
850
1103
850
119
119
808
1064
388
1357
130
130
156
130
130
130
156
18128
7791
130
130
156
160
13832
428
616
1351
616
703
616
173
173
7834
10160
400
400
803
1447
1520
143
676
1888
821
5904
1243
6536
1243
2310
3158
93
411
644
322
644
2092
322
322
644
625
1037
644
98
736
762
625
736
1315
352
1132
1858
1858
683
773
2544
2074
339
339
1679
1050
2338
296
38
1010
1010
98
849
1107
1107
987
1327
1050
1107
880
98
282
282
354
691
14
982
832
832
271
1045
25835
2371
3135
1312
983
1312
1359
995
995
1211
48
3649
48
4430
1834
2237
234
43494
265
265
187
892
318
446
519
387
1246
519
1246
1060
642
2202
3344
1069
4089
1683
414
100
539
539
539
715
3182
715
614
451
563
278
971
2686
1133
1271
1271
375
2831
13021
305
829
305
305
305
305
652
201
305
201
307
930
1168
1592
460
150
150
460
150
150
177
177
664
1246
476
660
1296
1158
3025
1901
733
6311
666
733
666
293
121
3885
121
121
5859
17914
1053
18607
7898
886
3432
3523
886
7943
312
312
7078
312
1752
126
17
1879
1282
2100
4703
436
436
42
436
4357
562
436
1546
4357
1546
383
1900
1252
116
515
71
1558
6131
6131
496
496
496
496
980
325
1212
325
554
380
325
46
46
19654
313
46
46
46
390
2324
637
83
1881
917
581
1942
390
390
1518
1518
390
1943
517
29503
604
589
1517
565
610
610
610
564
11057
710
49
49
710
3742
32
430
664
118
64
118
7
32
305
32
305
305
32
32
121
849
148163
1457
722
4452
308
317
722
317
574
646
1228
4116
47
2684
1931
1931
47
47
142
1019
176
176
142
750
1931
333
32
1273
304
75
32
75
32
3876
695
1449
695
134
297
229
509
580
509
188
1059
188
240
112
2244
112
509
591
1141
286
631
240
286
286
286
286
1148
240
240
240
286
1845
286
233
866
856
233
233
464
233
443
233
535
464
1332
847
224
928
1528
1651
6
6
1567
127
999
2172
1260
1260
232
1755
731
232
423
119
119
3122
423
423
30520
638
4129
693
5
102
1726
832
832
863
573
3735
167
411
668
256
810
660
1485
627
685
907
1803
433
433
433
521
860
59
59
82
1096
793
556
357
357
1092
187
187
421
366
556
1665
366
2391
415
285
2758
597
795
729
729
729
2033
2033
729
729
729
4518
1126
1126
8973
1129
355
78779
72
72
3705
970
121
121
401
121
72
463
463
303
1024
353
353
540
571
2355
6517
1372
1406
379
358
628
490
2478
147
1074
682
930
682
1596
201
2182
2127
206
2696
18690
3084
877
877
225
400
225
3330
225
225
446
151
151
400
297
133
586
10056
1000
236
753
2174
1266
6172
721
1829
1675
1675
1675
322
322
322
4971
655
655
175311
371
655
6947
655
1042
4651
147
21
94
724
94
147
4651
147
147
704
2037
459
462
977
21
21
977
7119
3743
1160
664
241720
920
920
459
459
920
1304
2805
283
2805
743
743
1513
283
961
1596
24
24
24
772
1053
906
7505
1892
1442
1141
745
1141
1421
921
1488
696
696
348
151
138
1488
191
836
2100
1436
40
1436
40
1433
1608
744
1644
161
6519
2296
1358
791
1395
5412
3429
2756
4032
161
3648
3088
1894
1007
2748
1007
583
1205
3206
1546
583
1219
109
109
6348
583
19274
109
1341
1341
47
771
3212
3876
771
771
771
12350
720
4388
1076
1458
2125
646
646
646
646
2725
1262
2285
5809
4631
930
3933
3553
2144
6154
2144
2144
4617
5644
7532
728
1542
1542
18663
1435
115
676
35
6231
793
1465
263
165
7112
404
404
1371
501
501
987
419
823
197708
748
855
14345
75
75
884
823
823
3876
884
845
75
7069
678
3075
1791
1353
900
2118
325
34
12150
34
1195
268
9052
851
2850
2677
4827
1767
859
859
2215
341
681
681
4
807
743
1088
8621
681
1720
681
2808
4569
113
820
2278
85
85
85
617
72
57
617
1063
826
999
999
3070
366
366
366
836
2226
12
37801
78
5006
8710
400
1962
42
2807
2822
3501
42
2301
42
21196
5300
42
1424
10383
15016
75
1244
510
566
1244
744
129
933
1733
792
166016
552
209
1880
209
217
11424
16945
316
1405
33
33
442
442
278
1007
2110
2166
2110
3598
3658
3910
1615
988
8216
11262
199
6500
6870
22989
1622
958
958
958
1622
958
363
363
363
461
1567
31968
2287
2287
88
88
88
88
642
382
88
88
642
1540
225
299
225
225
225
16002
373
299
225
373
101
273
489
211
211
217
1187
217
2177
217
655
217
25530
206
943
1807
3665
1816
147
1816
1966
262
262
262
150
150
778
281
2
150
1263
2
360
2
1012
46
978
13
13
5577
18
18
417
151
33
12
12
1948
131
1849
578
1412
282
2524
178
178
336
291
424
424
2285
424
283
1525
2361
2332
3159
4267
330
3241
10837
2689
1243
5947
3013
2874
739
894
2144
9997
907
221
1172
552
552
552
364
1511
8615
1789
8720
2578
216
2313
216
2680
216
1844
216
774
933
383
904
676
11878
383
1496
73
356
1868
2868
7
2868
1639
2026
2675
1026
408
2991
503
584
1021
3763
1738
481
3763
763
481
111
963
474
963
111
21312
481
1200
111
474
104
866
4440
605
1381
1505
4727
97
78004
183
341
341
989
531
401
2922
26
1028
12
354
81
1043
311
784
1553
286
2125
2088
286
286
589
589
589
2
953
2
8252
2093
99
302
155
421
386
386
1883
386
2515
84
11292
2098
456
800
800
456
456
456
456
456
800
2439
1402
311
1264
1306
7329
8111
1125
898
964
592
6623
810
1516
1855
23
775
1256
1256
3193
4849
57
84
1010
113
285
751
356
356
751
197
444
752
84
14182
751
1963
314
854
854
33689
1355
987
2109
123
123
1844
123
10341
478
1361
16303
1890
478
50
50
180
180
50
50
50
50
563
563
814
6365
563
1661
62
62
1583
234
1668
651
57
934
431
716
311
738
1308
10
2108
10
842
244
10
3484
10
97
288
1793
935
935
136
1160
136
31073
75
2055
354
1040
611
351
387
821
508
611
611
704
970
1411
339
1411
1411
555
6129
352
2106
856
3500
593
133
856
462
8427
133
558
363
690
1389
1001
14927
1764
1877
1877
5383
4963
525
41
682
356
340
356
765
470
928
976
2909
2743
928
769
171
976
171
3939
2022
368
856
1513
368
856
123
123
426
181
171
4450
242
242
980
171
379
979
620
979
859
2845
1358
83
2103
123
123
979
383
383
3310
9559
2669
6554
124
332
2974
2418
389
2418
521
1362
125
125
242
1522
1391
587
182
406
297
1378
489
986
376
1379
7384
529
1793
16
12070
16
760
9979
873
244
777
716
969
2471
1951
2962
6140
2048
1677
1791
8431
1927
929
3654
88
730
730
42442
159
474
408
1298
1882
71
71
358
524
20108
2434
237
862
331
633
3506
2807
307
307
10969
5690
2741
816
5472
606
2067
21471
816
841
5151
782
1012
1332
7757
7416
1181
1181
1638
1181
1525
3407
1181
740
141
141
1068
8108
6532
178
1347
912
178
521
1255
521
7531
1066
290
53
1697
916
53
352
352
710
4438
3845
1752
352
352
532
532
10145
1297
10397
1304
302
797
1582
713
119
119
356
119
119
119
1597
733
356
733
3369
212
212
648
4022
7255
5499
212
212
212
1092
212
182171
1934
1190
675
585
810
213
585
585
4550
585
1738
378
378
728
190
190
190
63
4275
190
237
237
190
123
973
597
1653
10037
6709
1599
252
252
657
339
63
31
229
31
229
10
272
2739
15
15
659
1232
2653
659
521
76745
171
171
171
35822
171
619
171
206
1393
871
206
1374
44
205
35
1610
538
849
1223
674
1039
1721
902
390
390
1726
936
1214
1214
408
7308
2876
2364
20676
875
2364
936
709
2364
936
6661
1788
2659
4660
3596
360
1570
1219
198
869
869
1286
121
121
158
158
936
1101
394
363
1944
363
363
5385
1944
715
467
2428
1644
1947
802
802
802
394
1992
394
661
4224
1041
134
301
2598
50833
488
1395
575
4
575
115
539
2949
2957
2449
2449
966
3385
843
843
843
4
771
771
400
798
984
513
654
654
2270
1234
872
1549
480
221
665
480
922
480
200
200
3307
49569
2918
200
2918
1548
1357
2479
1925
483
3635
4727
1006
325
715
604
4
2046
4
4
2568
220
220
461
404
1539
1668
3964
1289
577
577
4121
1235
941
756
1471
1880
756
374
1235
215
215
215
374
20
274
20
20
435
435
251
39184
338
4914
438
1577
1318
991
368
128
2129
313
225
3614
313
234
400
181
1085
489
419
181
489
234
234
986
234
167
167
496
489
167
248
429
248
193
193
581
966
207
755
1708
1160
342
3954
3461
2002
2002
7295
8551
3044
1685
11589
406
9664
8701
406
8206
433
667
1136
1177
2965
483
2178
311
650
897
54
6714
611
310
231
231
279
176
117
311
311
1320
128
985
985
5733
545
699
138523
4921
351
351
351
351
60
545
1312
443977
177
40
40
40
574
574
107
909
598
994
495
22986
1202
234
234
631
2913
1599
975
598
975
598
170
2764
60
249
2012
5010
1138
221
221
645
1356
1608
60
104
2467
842
2519
2266
104
5719
1333
104
5307
104
1041
1041
1544
325
2270
9863
330
594
2693
2564
594
1023
2204
15363
167
1242
1242
3052
11158
5541
516
947
2057
947
2057
2118
1788
1788
571
571
45
45
45
571
586
621
1833
38
947
207
4742
1423
561
932
309
2866
3481
331
331
305
1184
305
591
305
167
167
814
860
522
1397
2104
979
1728
154
2399
154
2600
128
1912
959
439
3481
2383
1794
3169
404
33
404
19787
33
33
1300
1300
303
1281
2812
104
183
183
421
904
959
959
56
959
959
279
9
1127
1193
204
204
9
1182
1122
373
2232
826
826
2432
10179
1883
826
6013
580
991
403
5093
629
3356
707
583
707
1141
707
583
1231
1231
583
119
119
735
583
801
2494
808
2190
144
144
517
608
25983
13751
112
144
112
3085
112
112
112
2476
655
385
655
594644
235
235
385
541
211
976
361
316
1252
1304
361
241
820
1692
30
730
730
118
118
3940
94
2429
890
822
525
256
256
74
74
92
348
94
1176
2121
3159
2390
275
702
702
658
338
2582
338
3528
657
657
700
4249
297
297
297
297
168
300
168
46953
168
1153
1529
33239
911
2611
1087
6233
1087
279
80
1331
595
595
595
376
209
3584
443
859
110
1201
357
110
183
183
894
412
412
412
412
975
302
363
2943
727
533
533
5073
2278
7163
6875
666
666
501
501
501
2374
1199
3547
3757
645
3757
169
7675
1711
732
488
320
320
393
1507
1621
1683
370
1355
1355
604
475
2043
197
430
1687
600
1687
581
581
1563
1563
8581
1692
9199
535
182
400
400
1072
11054
1945
46680
208
3646
57
162
162
162
162
162
162
162
9542
2196
1164
3571
5545
824
2694
102
426
899
7007
56
2694
642
939
680
56
71
308
1328
71
60
7434
747
939
1174
870
2973
870
3533
2220
1268
610
127
4128
310
1095
84
84
84
143
456
283
456
456
456
50
50
847
924
554
554
1721
492
613
613
262
613
333
2932
148
148
14324
148
1113
4545
333
262
676
1019
2199
2111
1466
333
1370
1370
388
1687
1687
624
634
570
2663
570
895
253
253
138
118
160
893
1116
352
2563
1116
1116
146
2057
317
1058
317
10925
51
51
12400
1591
182
182
146
51
1265
1108
2823
283
140
140
140
140
371
1541
1065
1214
1277
2542
1303
1214
1329
3385
1214
9451
1214
1277
3881
888
991
888
1179
2846
558
281
281
281
281
10754
203
4292
203
203
203
276
2013
538
969
538
669
974
319
1227
16
16
965
224
965
465
224
965
741
2375
883
883
74
2359
777
213
76
3820
5285
76
76
76
76
10638
1262
1528
669
669
669
3061
1535
3011
2212
96
96
156200
1263
105
3249
339
96
7037
96
7666
462
462
5223
462
462
251819
505
615
1071
438
910
910
190
2431
98
288
22023
904
1769
1754
3897
504
12747
133
133
630
133
133
318
133
318
318
133
754
32
939
692
383
719
848
719
17
17
383
130
155
408
1110
2416
817
1901
1963
1113
1569
1569
791
17274
514
751
84
8195
728
728
70
70
8195
2446
413
2303
1732
690
658
287
3606
2298
616
2298
754
754
936
754
754
754
1321
663
2466
1303
2713
1963
2827
79
957
31
1061
10322
558
1631
2316
1915
558
3404
3404
70
1448
519
3446
8380
442
1814
442
442
442
4268
453
8363
1186
1186
204
298
298
467
467
467
298
62
36
62
62
2067
1460
99
997
997
997
997
1062
1086
1727
1727
275
3994
1926
400
4032
2958
2207
1657
970
457
3922
3747
80
80
80
473
816
3747
65
65
65
65
65
65
16024
341
341
341
2208
1015
11352
1015
3032
955
793
4168
767
500
500
500
597
2094
1572
778
2590
135
5403
585
1875
732
745
86
86
732
6511
732
2147
732
30153
355
1788
3917
3359
483
483
5102
4344
3595
445
121
70
121
22
22
609
1542
815
867
4021
410
1373
504
567
26691
706
3715
4647
635
4647
9649
2058
1529
4089
2058
6987
18606
2058
225
1262
914
1262
2702
321
31
31
866
914
914
4039
1547
2495
2495
625
782
2495
616
431
763
1728
920
1072
1864
358
161
358
161
943
42
42
898
34
34
5067
34
435
435
1306
31385
34
435
34
1396
34
170
1009
1018
1018
1612
529
2685
991
4468
71
71
71
71
11353
1731
1283
503
107
503
503
1263
739
4074
402
426
88
739
8421
2555
1644
1064
610
493
610
610
127
2823
1187
127
127
1377
127
10210
127
1606
8848
760
3627
259
2502
259
3006
157
80
80
305
305
554
1097
484
1097
154
154
210
975
1303
1261
2388
3312
995
2623
2623
1864
846
1974
480
1127
2035
508
589
939
758
390
3437
862
1036
1036
255
1147
1789
1789
422
422
1789
1542
849
1542
63
7327
494
840
1078
751
634
1684
5527
1684
778
1684
634
5538
2604
1580
5324
3305
6403
2343
9500
5689
10966
12816
3604
223
443
9
761
9
8810
5214
3063
704
203
42
12541
1412
993
993
1641
2097
1064
64
64
611
808
808
1135
633
1974
553
13684
1574
553
18484
1974
875
24064
583
3170
547
644
957
547
547
547
118
13120
1320
118
784
1940
784
15785
741
6204
18637
134
1879
741
421
26274
606
2096
926
1061
1104
1104
1104
6261
1659
813
1903
813
345
345
345
2854
2510
2226
3432
158
4158
158
997
997
391
391
839
924
587
92
1133
42
924
160
1193
112
112
112
42
700
770
477
50060
1160
9227
1933
297
17326
87
1158
979
811
12302
5536
4413
3007
70
8320
70
1053
957
3442
80
2528
1517
376
199
743
743
720
7
720
720
720
1604
1503
1503
612
611
951
964
964
451
451
951
951
451
451
1213
2988
1236
1236
868
1882
868
87
87
172
8619
935
8085
1550
2826
756
2847
3658
3118
310
1550
548
5775
838
1728
838
211
1140
777
777
166
2360
6130
4326
784
13118
1794
784
655
189
696
3644
6
784
587
6
587
6
822
317
7916
289
289
713
289
157
801
690
150
13959
1310
150
1480
1310
150
809
408
1310
1615
52
604
218
246
246
408
408
2085
190
190
1326
474
3450
1129
2321
3316
190
3279
3316
46
466
46
488
161
700
1383
705
417
417
84
605
608
1298
202
832
832
1416
1062
288
288
332
452
3475
2093
86
427
86
146926
1033
487
487
660
487
299
299
800
478
678
478
478
395
395
25886
395
1281
1436
117
101
72
592
901
1420
878
3728
3728
366
294
117
415
735
92
2260
3831
92
735
69
69
1020
2154
885
69
885
82
14
14
14
87
14
780
14
30
14
14
14
471
377
515
724
688
3791
659
3534
3624
1709
1098
1877
397
713
331
397
838
2557
1512
94450
2381
2381
2548
466
79
466
466
79
3250
386
18699
79
79
79
79
1285
995
560
1233
91
386
91
521
91
91
1382
436
1218
370
804
499
497
210
429
254
788
1940
499
471
499
2009
499
1579
1298
1298
1546
1568
1568
1867
2462
1144
1652
1765
343
203
1341
240
809
3474
1341
1379
1379
1982
2958
836
1832
348
495
180
180
877
877
291
291
1880
452
291
1698
490
127
507
291
291
125
12954
125
870
125
125
870
6636
74
723
676
1264
940
548
548
1400
83
577
17352
572
447
8264
1663
1261
4692
2037
1995
857
650
10
2725
24
951
395
677
360
829
2604
538
15647
829
1338
2048
974
874
6093
4347
168
118
118
13
286
374
74
13
74
2119
109
3
161
466
3234
1828
1054
1054
1951
455
703
1098
983
983
1231
504
124
1396
4721
200
1396
200
2443
200
200
1147
1147
1613
1613
103
103
103
103
103
103
1326
103
10623
350
1524
55
1524
2113
15991
2510
55
9669
243
243
243
637
1181
1181
93
93
635
635
171
18188
2085
2085
115
14
709
398
774
709
608
906
893
768
768
904
1678
469
469
182
955
182
774
319
857
34
657
402
402
461
461
719
461
461
719
11106
461
1350
461
359
359
461
609
4459
604
1861
842
20639
842
287
842
1423
1424
321
321
5495
964
956
1300
1499
1105
83
83
83
797
1440
1582
19863
868
2132
8262
1294
615
1294
986
2282
3403
2282
670
2337
708
555
260
2482
535
549
549
5313
1687
1687
379
1936
468
6361
6416
379
379
149
149
4737
1361
38
6112
38
38
38
528
951
951
3835
152
634
2498
144
144
409
109
70
70
1941
132
132
862
3044
132
737
262
262
2140
262
621
1948
262
3167
1461
476
476
476
165
370
584
584
1156
584
1074
370
1508
1508
1508
2625
1117
1117
1233
1268
435
293
467
293
467
293
100
543
3051
953
7070
588
1510
1267
1267
467
1969
611
1969
1141
4216
6106
1860
1860
1860
823
1661
1661
249
1183
518
327
1301
3244
3244
315
315
1102
1428
782
1146
3350
370
370
2679
264
429
1474
429
767
442
1063
423
2857
53
2899
3013
3569
3886
363
22
295
295
1869
330
402
1257
1869
1869
654
126
1376
27966
3847
518
182
1112
1782
452
1112
452
2852
1782
588
438
513
469
469
244
1158
12594
1652
179
179
1156
890
1525
3272
652
738
1435
10
1378
1378
304
10
10
1378
743
129
103
103
178
169
2287
169
169
819
1420
1154
1172
1154
1293
236
1911
765
3157
16586
2234
1470
562
430
5753
236
236
108
108
108
108
108
480
476
476
207410
614
614
915
614
911
746
960
1413
960
851
3342
8971
915
1413
321
513
3
1394
8017
480
118753
4563
505
228
434
444
444
2548
542
132
407
132
960
132
426
426
916
1675
2767
1086
2422
754
43
875
1668
1304
208
212
1061
4183
2278
824
2085
293
2051
398
293
293
293
2278
641
199
1240
199
1520
353
149
3922
4334
2934
5685
201
675
2607
675
446
3127
9418
1889
1889
446
601
5311
1740
2017
237
967
769
967
1498
966
2532
290
290
4958
2273
744
744
12390
1805
1805
514
846
1838
1805
65
65
279
698
291
1018
1618
11
11
206
11
1659
673
2694
752
61
61
1574
1574
2236
2590
484
585
1041
549
549
549
494
3367
573
167
560
1403
1246
560
560
560
560
560
823
560
1144
2107
656
1967
1074
103
2777
2458
775
103
1667
907
41
752
395
29
194
28833
5997
6203
825
32
974
1312
162
1980
777
302
302
302
302
5284
654
381
1391
3730
1536
1253
739
931
831
236
127
127
236
127
127
582
330
330
351
3938
979
979
2331
2392
1916
72974
28570
851
851
290
2409
168
193
1303
2723
173
290
3824
888
1821
1742
2005
1742
1821
7620
659
3337
17383
6305
1284
139
786
139
786
786
786
6979
1732
139
1133
1511
6095
1947
1728
2708
480
166
760
3232
166
166
242
133
11063
8833
1846
4507
835
835
1420
3443
326
1377
427
437
3943
4221
842
842
1903
50
1126
3151
1548
50
630
630
954
954
954
954
53
437
4621
322
430
7519
954
19184
1626
884
884
97
1401
1401
693
693
209
2806
442
1124
1263
1665
395
673
209
13156
1053
270
270
270
902
270
826
826
1636
826
100
757
81
1830
4444
944
849
757
8331
382
111
161639
597
81
81
1777
390
8540
678
944
1373
383
617
617
714
502
516
865
865
800
1213
7977
4576
1244
5236
666
410
888
63
63
1282
1143
63
547
547
580
547
547
580
172
803
172
9
131
364
378
841
841
297
297
503
867
269
2469
368747
60
60
2469
287
3060
3420
971
1735
64
250
1116
947
680
2162
529
300
529
322
300
3690
953
6840
5529
843
1044
15240
306
4726
4986
450
1531
629
19628
640
961
1570
46
46
46
1951
46
46
251
46
108
1951
3153
787
84
574
1501
1501
26
26
26
26
601
2083
815
601
1094
13
1403
763
271
271
1403
6
271
56
2753
410
1134
410
277
554
865
60683
636
636
626
974
128
1809
1772
1772
1145
1145
2444
30800
81325
2953
642
2444
485
1409
2498
442
273
1311
2244
2295
2353
1053
2732
44
829
829
44
950
950
5257
711
535
930
319
596
899
1049
596
3166
1263
299
299
299
802
1469
3010
2992
2542
232
232
232
31972
2932
410
5393
410
154
866
3784
259
87
525
167
53
203
203
530
10238
53
2587
864
1473
1047
203
1651
203
799
799
20162
722
1530
581
2435
216
216
854
451
276
2130
522
1014
1866
876
876
1903
2206
1242
3759
424
424
1300
740
2286
5541
517
3460
170
694
1867
1799
1054
1054
357
357
1399
1399
3107
2119
1307
4896
1686
1188
3871
5598
10372
1407
31
31
421
421
421
7349
11796
31
31
995
995
995
1073
64
871
871
871
871
1924
893
105
871
1007
1007
1594
105
1085
319
5107
842
67
319
67
240
842
67
96
753
2592
1719
52
8788
231
4
1250
207
207
1551
35677
229
207
658
1303
1204
1069
1714
1480
1480
984
1322
497
540
984
404
2165
437
1
437
233
635
10734
249
185
185
235
1438
55
55
529
23
26047
672
8128
667
1961
688
1723
97236
991
826
568
126
382
82
353
790
1129
201
822
290
3007
4215
696
1232
949
949
863
863
949
2631
2592
87
774
4215
5457
1055
9233
2508
87
3747
1255
1361
1293
125
125
125
649
649
649
707
4921
649
1283
953
3533
551
85454
914
1139
410
250
250
842
34804
606
842
166
893
893
2349
425
351
351
425
6087
2789
3222
2345
364
604
1324
562
1533
374
374
3768
1809
10709
426
242
85
85
426
426
467
426
109
109
109
2563
109
4219
2376
550
21
777
1279
750
202
197
1820
197
2101
3069
103
931
1410
1410
1175
483
876
1081
876
631
876
4543
631
631
631
1034
391
391
451
451
451
504
5210
922
504
901
890
76
23
922
922
79
87
79
2258
120
79
79
1029
120
136
120
951
5518
472
1016
1455
182
1888
182
1148
844
182
828
952
1133
28
28
2241
794
2199
56
1277
1217
1106
20283
54
3271
210
1656
54
3817
141
141
210
1354
978
5482
978
833
2464
943
943
1457
11100
2136
165
21
21
4673
1600
502
636
536
85
991
932
424
6924
424
424
5790
175
455
2160
826
333
333
1791
119
119
432
173
432
173
173
98
393
1258
1193
393
1167
1258
802
1193
1645
1335
329
2473
329
174
477
5064
299
299
338
477
2859
1324
224
299
53404
1440
8324
17
2075
280
358
4830
639
639
1444
1286
1286
1286
1634
75
539
17
17
248
1175
965
401
401
3073
401
8039
102716
2023
218
2652
785
785
248
1060
46
1598
364
46
46
3949
255
1118
1118
1967
715
124
124
124
1309
1130
76
955
441
7730
540
730
4622
730
10257
730
730
730
346
1867
1214
818
1214
1864
2251
1112
840
7823
510
510
3001
752
4784
46
6004
2513
924
608
81631
1151
328
532
1049
1872
681
24
524
524
524
1765
1431
1881
158
1974
2254
165
43593
1220
6688
533
77
77
985
918
1222
111
111
111
111
225
1838
3740
58
181
1061
915
13220
95
378
95
95
95
95
269
1585
1545
221
635
1454
654
8197
240
779
1454
240
240
504
40
90
90
90
1413
119
1891
88
49725
2142
298
269
5730
2371
269
269
1379
4591
3091
1626
1290
1290
1727
1445
1543
1290
913
2520
282
282
282
341
552
724
4622
5877
5253
724
724
10421
4962
703
63
149
960
360
63
3458
411
1907
789
206
837
6040
815
4646
815
453
861
861
861
913
5510
1298
913
5600
1952
913
2920
806
689
950
689
695
20026
909
695
9326
101
737
737
101
3521
249
2797
249
518
622
665
230
127
1709
518
127
1039
1822
1822
950
402
1024
960
1725
960
1725
960
238
591
2855
214
63
465
1141
103
272
103
1268
12298
1038
1207
1268
4758
856
136
187
174
1829
292639
252
252
172
1249
1249
5359
1696
1123
101640
1354
1014
2318
1466
1466
2919
43
43
43
43
43
3093
2479
4767
644
644
2008
1566
644
1566
7
644
7031
98
770
1028
137
294
129
946
1644
2386
2362
341
577
368
94
94
634
522
461
355
557
461
610
610
1311
368
970
376
1515
942
1431
37
1130
5545
549
549
728
828
6313
1060
1568
4856
1568
299
166
1260
1030
166
166
669
674
11198
1140
540
1140
540
830
110
1827
815
1041
2035
2035
3409
1041
2565
1041
1041
1041
784
1333
628
7728
1180
82
275
117
964
1838
849
2837
849
2789
1596
2145
236
3406
20696
1149
279
484
581
478
478
368
2040
2192
994
1267
994
729
806
806
841
442
22
841
1330
676
189
8131
779
432
432
1485
1073
464
59
224
59
108
228
228
153
1109
1034
1626
1274
510
1274
630
630
630
1330
2396
41
460
471
1108
745
1015
471
1000
24
42027
32
157
1353
901
1800
714
2056
801
326
1417
96
96
854
1047
96
1123
2378
17748
2517
876
1807
1327
1327
3650
2774
1927
405
405
3834
579
5963
1226
3522
3282
579
1226
1226
579
4254
2209
705
6031
6337
2292
980
806
980
17588
1517
99
379
7062
4513
1377
4013
647
235
235
672
301
235
1103
4594
1491
276
276
10811
426
518
1092
81377
418
3123
426
153
264
264
955
1800
1947
926
114
114
114
1776
114
114
890
691
691
196
730
1548
932
15097
1075
932
128
281
281
330
987
4887
781
1517
1994
1517
70011
481
1927
1927
332
332
90
5309
1207
599
7505
83
4588
5285
6641
1939
87
241
901
241
1005
1307
5247
3559
375
375
375
1330
6202
1330
1330
816
1696
371
816
1403
354
354
831
1001
137
962
304
1420
90
302
744
994
994
1578
819
214
1628
299
214
362
893
552
552
552
1009
1270
214
61
381
278
213
737
213
1623
64720
2145
968
45
213
450
45
929
929
498
498
134
34
34
134
1351
2499
3430
2206
2898
3286
2499
328
278
1127
627
278
2944
627
391
94
460
460
2078
276
276
276
458
458
11723
2063
304
304
304
199
573
40
1443
3378
1806
3801
22
2206
637
6663
2401
240
563
563
563
10
949
125
125
125
125
4478
125
1172
125
1421
125
1932
125
271
125
125
125
125
531
166
1795
1103
2598
453
211
1426
320
1892
3503
1498
1498
2538
315
2538
1498
1175
440
956
217
4071
210
10984
3769
56
1272
56
3591
397
92
21444
10711
182
479
2644
652
652
397
210
1144
1144
576
397
576
576
82
1144
1236
82
3304
9134
82
3304
800
3720
2256
977
789
114
3037
1748
166
166
1748
753
29255
1098
1460
892
2808
539
422
422
634
159
63
16379
152
2362
351
841
2938
727
727
2066
727
2712
20707
866
2525
120
735
2418
379
1375
2751
379
3297
69
69
48954
594
1302
2117
466
23739
918
259
2034
2034
999
2904
657
170
26857
5738
899
899
899
4023
741
558
558
1286
21
1507
21
21
331
108
839
839
1
2857
407
1232
1
2069
1456
401
401
793
64046
401
4078
10601
401
10385
114
895
114
458
8062
8708
706
458
176
176
1088
1171
458
997
3283
613
458
39723
576
576
1559
21948
983
6569
643
476
10224
3907
453
332
332
453
416
865
416
416
608
109
119
825
24
24
1296
119
1069
940
277
1292
2404
4535
2383
4315
761
2833
327
3846
327
5746
819
1569
3648
1622
1569
160
7564
2385
664
301
302
14101
26621
105
15002
105
2137
599
951
2610
337
808
337
2012
401
401
297
562
2012
2012
1912
1638
503
562
523
875
868
721
1782
934
683
107
80
1374
238
238
2105
34090
107
238
358
725
55
349
31412
679
463
162
162
210
162
361
752
2250
361
361
361
361
361
195
195
1487
361
361
361
361
409
278
1329
455
455
455
195
455
455
2945
722
722
3688
1471
51069
1145
604
1145
113
560
560
709
1359
644
1352
135
1210
1548
135
135
135
354
583
2319
1150
2251
60
749
60
1051
1745
2472
3686
1051
179
6682
39
714
30
714
30
1084
714
1105
73
73
1105
1084
1105
1261
1084
1084
602
2227
334
9428
468
3307
24
387
20
163
602
279
175
2440
1174
374
112
112
490
1951
5519
1232
1232
7540
311
2826
6442
39016
36
730
730
730
1108
258
258
1191
177
1874
177
1874
748
177
3795
1266
2986
196
196
2558
577
946
196
221
221
1756
276
128
111
2095
642
642
436
9457
3813
199
199
872
1147
507
1923
507
1987
75
188
75
2073
1039
1312
75
4036
1828
377
1996
1996
2361
377
20252
89
21
704
89
89
222
89
5194
1309
89
30724
311
2635
1142
1557
1345
1345
1529
1016
1016
913
499
2315
1334
1334
2699
3916
5778
315
898
953
423
299
299
299
299
744
1370
744
299
537
146
113
113
566
1570
13503
862
2174
3369
499
4655
6077
922
647
236
858
236
647
769
3820
647
429
192
1460
290
1603
632
632
760
234
548
626
8634
406
1540
1540
3612
2627
1839
1322
711
711
55
711
151
64
64
406
151
305
310
518
518
773
750
1573
1573
1573
1418
1371
37522
2663
15
1735
1448
83
676
1049
676
96023
548
941
941
1881
395
2241
7874
3488
5
1005
155
120
348
114
1867
1867
668
6343
1899
8567
2520
829
505
9206
505
485
485
358
202
930
930
12272
4193
2681
2500
930
930
3655
930
930
358
358
134
288
288
17906
3408
358
134
8571
4430
511
526
494
281
134
225
262
2871
281
1817
108
108
108
1859
1859
2810
108
430
2299
224
311
83
1382
3549
388
80
659
1079
2885
1707
152
1707
1707
7093
1707
721
1356
286
1136
760
3106
249
1920
249
673
5356
647
286
28
1074
3848
3873
692
3293
1074
434
1120
4749
971
469
2060
444
444
1379
1120
2995
2437
1120
3291
2
2
9587
5317
648
648
64
396
396
886
886
886
79
12341
273
1237
273
1513
273
332
1712
708
332
785
26
667
370
214
1807
1775
2783
4156
883
883
375
957
375
409
2012
693
957
415
471
415
275
680
275
275
275
596
680
680
471
471
952
984
3305
696
696
952
723
253
952
15818
384
998
591
325
620
5288
980
824
2586
372
604
536
1553
852
2143
742
604
1662
151
151
151
364
151
298
298
46
364
298
742
364
103
4651
3074
426
426
114
114
114
1652
1652
1652
1693
2782
5048
2878
6551
974
827
2978
30
778
1009
29
734
29
1099
1099
734
1232
1232
1099
502
469
4728
814
8410
469
469
275
1057
741
1413
116
1191
1191
1423
951
951
786
1404
939
2096
731
430
645
475
205
205
1290
911
585
3331
3814
11116
1117
80
928
570
866
570
469
79
79
79
1608
469
9
9
2974
9
45
2811
9
180
45
4180
45
45
193
954
193
933
784
1729
1926
778
861
690
787
2905
690
440
1751
1654
788
440
1751
735
663
663
735
2635
735
5651
726
726
1153
726
927
927
10638
786
735
37216
81137
1652
300
835
1217
1438
135
328
7114
1320
885
8016
1320
2677
1320
440
799
1943
440
515
515
2429
1034
675
219
547
1018
547
547
583
583
123
286
958
119
1353
119
805
5704
135
464
23028
805
839
2105
212
805
319
638
218
319
803
1260
1634
1731
631
319
1244
3888
1151
25069
6166
150
150
2295
1660
6857
224
1981
2755
100
3067
478
3941
360
39
39
632434
747
65
65
65
65
8296
232
609
253
608
608
1390
11986
268
22560
2022
922
1160
635
1726
1500
145
2025
244
400
285
285
2796
511
1825
469
10620
436
2796
47
285
403
748
59
522
835
640
16194
835
1605
996
2072
3150
1065
1479
1065
601
931
78
78
320
2052
2863
1909
842
8423
840
1663
241
241
4503
241
640
640
2013
7
7807
2178
235
133
235
2178
968
1110
243
243
906
338
338
272
272
11
5026
2930
11
3778
1058
10693
924
502
135
488
7971
1685
33
35435
203
203
1851
212
33
166
271
271
576
734
734
576
1050
217
576
217
217
8344
1393
117
158
561
158
5571
19
5455
235
2795
235
947
19
3175
527
275
1170
338
1638
1671
1638
204
183
183
595
387
2582
258
630
3007
151
645
151
402
64
402
202
202
40
40
644
644
979
1426
1442
47
211
47
412
412
412
1854
499
97
97
412
3240
495
230
1158
230
259
734
721
1187
196
196
1470
150
196
2261
23070
707
707
1235
1096
4607
937
857
23
276
55557
253
1235
795
3064
234
234
423
423
1061
1114
1114
3424
752
612
612
557
4254
898
795
1788
401
8823
411
411
497
177
201
345
1141
609
11984
2225
875
852
710
3003
242
1126
29
3393
359
101
359
359
392
7322
592
592
592
790
1239
1239
577
3126
707
787
2189
7879
216
1176
2189
355
2765
813
1397
1171
571
392
864
149
1397
5997
864
149
149
392
2027
6964
2228
231
1938
2849
628
231
628
2019
1333
2831
546
1458
629
517
701
159
926
3459
218
603
13
209
37
374
845
4397
1158
2746
1615
392
392
355
355
355
880
314
201
1158
1158
45
45
1086
1205
56
1053
56
176
1366
684
453
498
2480
179
179
179
11708
3327
399
399
985
135
135
392
2516
1838
135
4116
612
460
1252
231
1754
1277
1865
4285
3411
4108
89
201
661
874
2085
927
2451
17695
1262
3707
1262
9669
804
865
16144
13209
720
720
120
1373
668
1366
12714
585
181
1632
1296
395
7966
395
1687
472
292
283
147
591
953
499
4775
74
4775
883
131
160
883
883
656
97
22633
131
2706
651
9420
10057
378
353
353
136
1153
8842
353
643
643
642
4144
501
883
5816
324
126
126
869
309
532
532
1640
558
933
1104
172
322
322
428
6456
550
916
916
848
916
526
307
767
767
2957
680
680
4212
272
2322
272
1735
470
438
63
30780
745
339
1480
745
43674
11
227
22278
745
905
3952
241
230
230
1093
460
2797
907
817
20851
873
812
1129
547
5567
1882
359
191
4380
3708
648
1977
437
668
2000
20
5340
1084
230
923
923
230
32589
1605
871
3488
503
503
627
928
612
198
4767
268
268
1136
268
648
543
543
712
4290
30
46
1099
661
2353
46
46
23
4686
5
5
5
97
465
89
587
5381
711
173
3560
149
149
209
1192
1045
77
2305
2430
41663
2755
346
346
5728
932
744
1506
1088
447
447
2243
129
129
129
447
129
6354
931
931
1228
272
2134
29094
897
5778
8
1301
879
153
153
1396
1113
944
869
284
691
691
447
691
697
1076
1076
363
429
3090
441
642
642
5461
184044
220
17
226
358
1771
629
629
693
693
12837
367
629
358
511
717
231
717
581
231
231
399
991
343
46131
2633
2775
2775
1567
702
3109
4428
4428
702
209
199
2279
990
3956
142
36856
142
158
6021
1304
831
491
935
334
414
334
2705
125
312
131
1479
69
1786
69
69
334
2113
69
334
47513
202
125
125
155
125
451
125
125
125
575
997
652
744
1293
1572
168
168
575
374
513
513
1225
575
1476
1554
2597
1817
988
559
2727
559
3997
559
988
559
3248
512
3758
559
603
97
97
1209
1078
1708
485
485
2742
420
7883
404
1673
2102
19919
5445
8980
616
1562
1562
616
4252
3219
178
4890
378
1022
82
1319
82
178
173
25
79
79
79
1184
250
645
3717
370
381
1065
87
87
87
87
87
432
1120
1120
2674
2674
2850
432
432
2217
1841
432
1541
3843
770
6955
63
63
1013
1013
89
440
967
1476
408
1571
328
2009
1162
1162
7636
265
265
3383
265
612
500
1384
3383
1540
1573
56643
38787
905
92
677
546
5152
10575
4472
2316
593
919
559
1832
28722
3206
33
2441
46
2441
644
450
450
46
46
372
1622
6178
981
417
660
1366
1366
2503
2389
2667
3067
5538
13
1179
1065
1469
1622
3705
2558
2921
4631
2409
334
334
2409
605
647
502
605
1237
1237
158062
120
120
753
2315
5933
13380
86
109
949
794
895
794
86
86
4440
1513
986
2220
2220
397
1116
828
776
830
136
136
136
5177
904
136
293
1257
1584
202
188
22
56
1042
1076
1318
1287
685
1453
2247
951
1297
157
2358
5175
1691
1115
3075
549
2173
719
2173
11016
3915
22
348
566
566
162
62747
350
2136
914
964
964
2673
678
192
678
678
678
162
975
3749
1021
913
1151
2645
2645
8694
6764
405
1598
1746
16
7111
1333
5736
1726
410
493
493
2006
493
2006
770
81
1943
141
81
81
307
347
307
1636
947
947
947
890
2149
958
690
674
1344
266
539
1703
19
1368
847
942
1472
1390
942
17809
779
357
2504
187
2504
433
433
460
186
332
37
536
536
536
2833
2687
419
496
269
37
433
345
1258
645
722
241
334
149
149
1388
464
1234
941
849
706
937
575
585
585
766
416
2240
2525
3054
1586
1324
470
711
915
1614
1879
576
488
362
833
362
362
866
362
362
2569
1879
344
344
362
1290
1492
1778
996
56
225
2154
3602
387
387
1570
925
999
8374
667
765
621
8589
667
765
1158
8
8
2163
6203
584
10960
214
214
584
167
855
305
768
768
768
1266
454
201
1392
21
1276
96
96
219
201
96
96
117
711
1172
936
1635
187
649
303
274
419
274
1068
1068
274
613
10063
33
33
90
2583
33
508
33
274
1443
301
543
156
156
5714
3610
130
116
8730
506
506
6130
1751
389
389
1067
1751
974
498
974
1213
828
309
319
515
1213
547
547
963
963
3709
1751
226309
1722
2999
924
801
801
2890
3945
1219
2890
15189
1751
272
1184
293
209
1717
141970
293
716
209
823
4383
209
1477
1067
3526
3526
68
325
325
310
308
620
1274
339
5853
69
617
6767
254
69
8358
1108
89
79
2813
79
225
1649
1517
1005
1517
284
309
960
1363
50
542
654
1360
756
868
756
868
884
756
1038
801
152
267
152
267
20085
1139
709
267
152
267
152
152
152
3294
1387
2220
486
486
1331
1779
2931
448
430
448
1205
234
239
517
486
184
239
638
626
2053
1176
754
754
2141
754
5741
6504
824
824
824
995
754
100
100
433
37
433
433
8434
15
15
728
748
1629
728
614
37
1223
4739
4739
358
4612
358
358
8113
576
107
580
1182
668
668
668
1182
1643
1703
79
1616
2297
2297
4888
2297
1830
792
483
792
792
483
792
389
848
56
56
1296
190
190
3168
190
96
96
96
96
3168
2218
3066
228
1024
8713
170
18807
915
3523
1916
3681
284
942
1192
37
37
37
865
7864
631
1264
475
1264
1675
2208
4631
10051
690
8
23
4391
23
23
9669
23
5068
189
700
22013
840
81
305
2179
866
562
2161
2660
887
1396
1784
581
581
174
174
1441
1129
1129
608
1421
285
285
1028
1150
121
187
123
981
187
187
123
766
221
221
285
221
221
281
281
284
233
284
109
233
109
233
233
109
109
233
109
254
109
109
231
276
1376
1223
340
340
1223
340
340
2552
3227
827
2186
2186
5208
348
5013
3288
3482
5547
504
57
57
152
657
686
419
321
281
8752
418
786
39
361
361
1138
959
3555
833
2771
3018
302
1378
73
1681
2202
2070
231
864
231
1422
236
1019
8601
437
1383
236
1211
6429
118
1828
1855
501
1108
1108
56
56
56
40
165
165
765
1540
28
2266
379
379
1004
944
738
738
15185
738
296
15303
296
296
132
426
26626
159
159
1636
1144
912
1509
190
237
664
6744
237
292
1349
190
791
420
420
2171
595
738
60
905
96
1628
3829
800
800
543
4081
4081
800
260
1356
3068
3068
2804
3766
1069
39
34461
815
322
576
546
448
3498
322
133
322
322
133
4060
322
1197
297
28
28
28
297
6468
972
266
9149
1128
266
557
394
394
394
2860
515
2204
2204
670
1304
863
1289
8
565
1289
8
78
256
169
670
929
1634
929
929
929
929
2234
1815
7243
929
8662
597
6629
597
597
1385
3687
192
192
350
3043
2293
2383
43765
705
3603
15893
118
2774
447
418
3809
118
948
59
118
118
372
3889
118
59
880
437
1567
106
1007
1007
1400
11410
825
825
192
192
192
1657
436
2583
436
7884
1045
2869
1360
316
1360
3083
1768
291
18288
1481
391
49509
975
5927
2707
8138
286
759
2754
2754
15620
3455
3709
993
212
1350
993
3709
1181
1297
809
2112
2112
215
1892
1643
174
174
215
215
666
930
4561
957
4958
22152
957
1505
1505
1987
590
1767
204
204
6
204
2047
1647
1999
561
987
13
2340
4147
11557
2415
642
291
943
1648
1636
2093
2093
2093
892
418
1674
242
242
2214
2038
1065
2803
6311
935
242
242
935
849
242
190
1581
849
771
154
116
116
116
116
116
16490
44
3904
2214
4573
137
451
137
643
1738
452
181
7923
129
129
2598
539
2349
539
1592
2720
1479
25947
1671
931
628
75
9256
84
161
3042
659
590
671
44
44
266
744
20
20
343
503
503
503
531
538
267
3939
1079
531
531
1079
364
992
364
1281
364
1353
889
2875
201
1041
752
107
1168
1908
584
2795
1257
259
6324
813
1305
1305
259
871
226
917
226
917
917
299
299
957
868
2619
508
1174
1512
3623
505
257
257
957
1678
565
284
144
144
144
3330
144
978
3485
1092
284
99
476
118
476
956
184
118
417
476
68022
476
2192
2192
118
527
315
2470
2006
825
90772
781
786
781
10724
1750
786
11
1823
113
1234
113
113
714
5614
1196
1196
384
1084
1294
1081
1081
1965
2337
613
684
922
2830
613
613
2725
1241
1696
1696
384
415
660
750
750
776
750
750
115
1308
62
188
404
529
365
484
484
3451
925
39231
567
245
1338
2712
994
2124
994
483
4266
886
886
1989
1586
186
186
186
994
1166
187
627
627
627
5198
327
1923
4735
504
712
504
504
157
157
607
960
2493
5
5
3380
5
5
5
1781
1026
2940
1580
4217
1365
716
1365
1365
146
146
1840
1124
121
146
1306
806
699
135
135
4205
399
5377
3373
530
2181
2776
143
143
143
8439
422
51
5296
51
169
51
1133
57
51
51
204
2153
798
319
1556
22221
19
19
4462
998
2943
3647
5
278
278
887
547
8
8
8
8
402
56
87
1070
12
415
12
653
1693
1196
3462
794
211
2936
67
784
2936
1856
555
3378
18170
3953
5178
1287
968
5949
432
432
432
986
986
2207
18061
771
16829
1284
958
509
1243
2021
2688
2021
5226
6727
65
65
1260
65
2154
1260
4548
307
1
1
25796
509
1092
23128
434
570
65
904
843
1696
434
535
443
980
65
2465
2497
1022
236
3996
394
416
429
429
534
1449
801
2383
2020
1009
2422
3293
2358
1778
14
14
3934
5740
9469
490
315
751
751
7920
824
14490
3040
434
2082
2452
3650
193
193
309
628
1167
1064
2633
4300
2633
750
1692
3575
1692
6441
416
1040
901
333
1040
333
333
513
1125
333
416
416
2784
2454
1074
3814
533
36
36
2259
2259
11671
580
580
294
294
121
121
121
209
743
729
551
757
736
7491
506
506
39
39
1178
187
138
220
13552
533
31
1068
779
2008
2006
72287
3422
1079
1079
439
289
4207
341
2023
2023
2023
341
289
289
1328
144
931
6786
719
2016
1706
118
823
202
216
1555
11236
216
318
216
318
418
335
1258
320
162
162
162
1743
162
4
1384
14
14
4
4
320
584
1388
320
584
1509
399
399
1870
399
11176
3772
3197
18
399
394
1870
7
386
6388
1528
246
246
246
246
246
246
290
3
290
6559
3
897
3
3
486
3
486
23
852
1227
417
417
1615
350
1524
7202
27560
263
3259
263
502
825
302
534
804
17436
416
634
415
187
1031
645
856
1599
1
991
755
1
1
755
1717
26
198
198
24152
1399
196
196
818
818
818
1303
3668
544
157
5546
157
383
302
3850
383
1017
383
3440
575
4622
1273
1273
1910
1757
546111
2329
260
3592
302
302
1435
4846
312
292
538
71
262
200
196
3826
22743
196
889
73462
2001
2208
2721
2668
267
2772
1205
908
12647
380
340
5779
730
385
1363
385
417
71
385
4862
1363
71
385
1737
3113
27
99
145
145
268
17558
811
1041
375
614
1516
181
181
993
114
1028
1633
1668
6057
1964
1295
3287
795
795
462
1206
1295
4134
462
462
373
403
60
62
5114
2982
294
875
350
294
786
2498
3929
1466
3151
3315
1715
982
1317
3689
1283
589
589
275
4388
1393
4388
913
1611
835
1611
1611
275
1891
275
470
620
470
4612
716
15344
9073
716
9373
16470
2033
476
264
264
235
1206
106
1437
726
832
5316
109
713
769
1656
3352
334
1007
1138
869
39
524
39
524
1709
508
351
351
457
729
20
835
130
3235
20
20
20
20
20
529
559
569
569
118
118
118
480
1448
607
1504
607
2276
607
607
1797
607
607
988
349
1021
2516
365
365
2067
1054
257
257
257
1272
1272
257
2004
45
7263
770
770
572
865
4907
1700
1700
146
641
2611
1183
2815
446
446
3035
897
897
897
3789
125
125
8801
608
1329
448
656
1422
475
1247
2116
5183
1303
13457
221
1303
3025
587
587
307
268
381
74
819
213
819
1667
268
1061
1230
268
1061
1232
275
5823
610
22
3395
674
487
207
850
850
457
1019
457
197
457
3091
1238
15244
260
376
3011
376
260
3854
260
1626
4485
4485
221
427
4131
276
1654
1626
1151
1059
28189
221
1059
4194
221
506
120
4570
103
496
1564
106
35
3669
498
1375
355
355
355
355
61
2677
61
212
61
212
5348
229
212
61
126
174
995
1170
2671
337
337
18094
2241
1159
923
1635
3030
813
4865
18197
92
92
1526
92
7250
525
525
1117
10473
2672
1344
2686
2686
2686
3817
2830
4563
256
967
1467
28
15719
840
6121
946
541
1020
541
410
400
110
110
97
83
628
993
256
256
768
5081
708
708
256
115
256
1003
1076
6838
855
822
708
708
708
864
398
398
903
848
1743
2797
1743
1558
1743
2589
51
2203
2203
3906
2416
51
2603
35
35
35
35
945
3906
1253
13521
117
1253
2279
627
816
1253
117
816
816
117
36788
1256
721
117
7
627
117
7
7
906
940
581
945
1502
326
5653
749
394
491
126
126
187
187
1940
126
346
187
771
138
126
1058
121112
1932
11199
1903
4006
106
6607
3477
146
219
943
1589
121
121
845
845
845
845
912
288
1963
2285
1774
2316
1253
4718
745
30707
745
2622
2622
383
106
383
760
211
74
129
982
2600
1915
408
1394
1394
432
307
855
307
307
2419
343
143
143
203
203
882
384
343
5384
851
409
409
409
1684
5384
551
280
280
144
231
231
280
116
231
810
825
541
541
218
218
7255
671
633
842
549
549
945
549
1173
871
384
384
952
1505
1505
1488
2315
1503
1503
964
1893
1488
1488
137
118
137
118
863
863
575
3318
731
1343
1375
1343
970
970
970
1553
2787
2331
784
2331
2787
560
560
560
461
1753
397
227
227
661
227
13
148
351
1327
989
151
989
1663
13811
1663
1663
1663
3112
1089
86
875
1878
215
2497
15900
2175
14301
7994
3202
1515
15058
217
38922
1515
142
550
550
8
5797
550
920
8
270
550
1368
902
1368
510
8
1144
3
1052
1320
171
939
728
2691
728
469
1449
2
2
2
928
184
237
28
399
3857
399
534
2952
649
489
1959
267
3218
889
267
844
496
421
421
68
68
68
68
197
606
161
1281
5373
831
178
178
178
727
852
218
640
218
1021
478
4067
852
320
196
196
64
196
196
64
196
961
1237
2989
607
974
2258
974
875
3267
283
195
875
195
232
159
159
1139
2493
1700
65
65
1271
65
65
65
2610
58290
1290
3918
923
7063
1633
46
1697
2155
46
46
522
485
522
291
522
4812
291
3398
325
141
141
141
141
1260
807
27350
1100
1413
187
1399
187
664
187
693
1437
1416
187
960
664
1963
929
5450
121
762
518
518
518
61
55
61
55
419
441
4912
1513
11225
2700
55
55
1914
439
1100
1513
439
195
1225
439
439
1225
883
195
195
626
195
195
883
8359
2471
7570
220
661
220
220
368
368
792
1337
250
833
945
1075
945
945
1091
3322
7952
486
3243
537
537
166
7866
486
995
725
1502
53
834
1890
463
648
1185
2232
12138
7878
1459
1297
1958
3704
954
954
1331
772
2744
852
780
780
1376
2605
416
1376
617
617
14721
956
956
6210
3791
956
374
2548
2548
303
820
262
461
262
262
266
765
299
2914
76
17035
1514
7
368
368
327
1522
578
578
327
307
2307
2307
2735
732
1605
7045
36571
435
1668
221
435
4779
426
90
8
8
8
8
1336
1289
159
29834
158
548
1184
261
229
935
516
435
1232
821
897
821
3012
2020
669
1323
669
743
534
705
435
299
638
984
1206
12655
6812
2
2
2
1073
911
462
546
432
432
218
797
546
1579
218
40
40
156
40
271
54
54
524
6482
156
218
7297
218
3574
534
2316
701
218
5158
1693
1570
669
6307
4155
669
331
360
360
10395
81403
3975
5586
4059
1432
1432
108
108
679
338
338
338
213
1884
213
1457
1326
411
7956
953
7098
645
773
1
681
762
781
377
1989
377
1989
1546
2054
2344
3927
3927
870
747
12869
870
1459
677
1336
1336
1287
404
1336
2695
1390
677
2240
620
2245
784
2240
1513
677
600
30417
600
1765
600
1796
323
600
326
326
3305
99
99
88788
99
3186
25756
3597
171
1330
171
11365
2616
1850
4644
4408
4011
573
492
1459
1866
2510
2599
1036
90
90
90
3473
391
90
496
12726
4051
12726
643
712
1726
228
13006
612
812
1009
812
612
3852
95
3852
687
2061
278
2069
37
37
637
380
892
748
443
443
443
252
583
399
252
1608
1173
252
130
130
21587
130
252
866
252
130
2231
3318
339
339
768
525
525
525
525
525
2051
632
1641
525
1973
34
379
302
34
220
34
150
221
646
1931
2630
1931
15
683
202
479
479
4187
479
844
483
483
3169
786
3567
5850
770
531
43889
344
261
282
171
261
261
282
5803
344
96
135
59
59
59
59
4558
945
1120
560
369
369
1081
1640
3113
70
2531
374
1977
40226
70
135
135
135
454
232
135
135
232
3325
70
70
1682
70
70
1069
297
334
334
48
1131
369
6
9477
1751
1085
1255
224
753
130
130
130
445
3110
28131
214
214
693
445
4755
670
1378
217
1868
838
1868
2341
55859
497
10295
2341
208
208
26
974
1784
311
456
311
998
311
107
7679
845
1046
384
845
1415
13001
1046
1069
384
1046
16847
438
3245
1914
703
2837
703
794
1620
3305
3535
35
2379
35
35
722
2676
1007
8869
4364
4364
238
2045
159
159
426
776
138
6025
102
102
3133
102
668
3256
259
15
444
259
1783
325
325
3012
2246
588
194
135
12220
1105
2270
194
17
295
3043
536
9
1382
9
295
970
500
1857
1609
666
970
5288
2023
1195
75
58
58
58
58
2337
807
570
807
159
159
845
4466
113
1141
1657
1136
332
454
113
113
1481
1310
2541
737
1720
1720
6204
135
4558
6004
2818
2314
1059
95
3563
491
3083
4931
1260
1260
5457
2114
987
1525
1095
9786
754
326
1442
76
76
529
28323
230
370
3
1444
3
3
1005
3
14465
689
287
2860
372
62
501
372
689
385
385
1346
1074
2664
1346
1074
1485
6857
2019
168
168
168
499
263
1079
1079
1079
1079
3965
763
763
763
763
2864
707
1839
1147
1147
770
654
1377
1187
92
1435
566
357
593
1781
4507
5468
1359
470
1808
5533
2068
645
645
1106
775
1648
2011
3629
362
2299
1648
939
939
536
29818
802
11424
166
328
1039
166
802
661
2126
2001
22650
331
1225
1190
2268
516
1015
1015
2087
1015
1083
597
17
17
277
2847
321
1183
202
321
1371
1371
339
974
974
804
1320
858
4605
3074
337
1514
1514
1514
931
1919
3842
931
931
60
278
278
278
5124
4438
1549
827
1161
6240
239
122662
1217
149
1040
377
888
681
1955
399
132
132
4006
399
3509
9133
2143
150
150
150
47
150
858
150
6790
47
5034
862
185
185
1133
334
3711
334
14967
2648
2648
334
810
293
293
293
299
711
1020
313
3124
1795
743
893
1818
1818
151
733
207
1713
354
754
916
3332
3901
195
354
354
214
214
618
1159
9431
374
618
374
374
6814
19391
1183
446
15374
374
446
81249
1226
712
480
441
1226
306
306
441
784
810
825
784
784
779
784
2305
810
93
209
93
9129
3353
1007
39
1116
92
771
533
354
533
26
533
1134
2568
74
3580
665
306
2007
306
924
2587
1494
394
394
378
378
378
19
242
3233
726
1379
378
7569
845
19
681
681
167
112
112
259
1010
1010
1595
978
978
978
1010
743
259
43
569
528
528
588
588
588
1668
80
404
82
82
344
3847
1896
924
444
2322
1143
444
72
658
1679
749
2193
107
107
1238
107
107
166
107
1084
166
132
104
132
770
104
3320
1375
4777
192
192
176
5791
176
5791
899
166
4103
3084
3059
1689
252
1079
2241
411
2480
2127
164
164
2312
164
2375
164
610
426
880
2792
266
266
266
874
1671
285
231
285
1180
4251
10511
5214
1503
1503
874
922
2384
840
5936
142
2391
457
457
1497
28
753
553
2044
468
468
1365
2362
512
512
28
70
70
70
6452
235
896
2939
91
91
5574
319
799
17
17
1226
1226
522
5647
899
800
800
800
800
522
15334
347
1228
800
361
1198
361
361
1614
361
477
14303
110
92
92
1134
235
669
669
10397
235
736
235
5761
651
736
1513
1513
759
202
202
3672
379
202
330
507
330
395
173
3324
32657
133
2498
1510
133
1097
2260
261
261
261
261
324
360
457
1213
851
441
441
441
441
5699
1924
2537
769
98474
298
3369
5701
410
918
762
1780
122
2354
144
144
61
144
144
144
61
801
61
1054
59
1608
1608
1608
2133
3675
2764
87
1040
219
114388
660
476
42
3738
2086
19
147
340
284
67
835
440
440
749
340
2006
2006
1737
264
2795
249
249
7539
7724
1128
15483
345
768
1673
22221
1857
1857
611
3267
183
31
1517
1517
1517
250
1365
2343
200
4720
48
733
236
1920
21228
1622
2026
31737
720
720
709
2002
30
993
30
1118
5387
25
46
39
1282
39
108
93207
39
39
1483
103
95
732
2018
34
681
805
103
805
103
42
42
1814
2277
2397
575
811
811
3315
1379
3315
744
1666
8319
3315
3315
234
904
792
792
312
775
483
52
5
136
5
5
657
1334
515
515
783
107
566
467
783
1490
1391
1607
2397
452
452
2013
470
1500
623
284
284
284
506
301
506
506
2473
640
640
769
1863
5696
769
2
882
2
565
2
552
349
1540
739
20797
776
280
280
691
100
100
394
396
1672
396
396
839
839
384
169
837
639
230
974
169
169
55
91758
169
1493
953
587
937
587
587
831
1778
450
778
401
401
763
1878
593
4845
31
122
122
593
203
2365
203
1278
1319
4980
569
2094
299
714
714
311
646
2799
5968
898
22885
645
645
279
44
44
44
539
774
774
1848
61601
2217
2826
156
292
714
420
420
218482
156
1345
156
156
623
3980
623
623
623
1342
3752
2256
607
264
517
467
1407
1020
1070
417
417
417
101
101
2583
101
1485
101
144
1383
906
906
474
4520
474
8287
863
863
4402
819
1043
875
374
138
35
1069
56397
969
1707
1675
791
731
335
335
335
4091
469
513
513
139
450
737
2826
232
264
844
844
295
295
295
295
673
4967
947
92
92
92
2036
1091
2287
1399
934
872
2051
1248
1248
367
367
1920
91
2520
2520
492
9772
171
492
492
3728
171
171
1651
595
24376
1615
1149
16272
3161
307
281
190
1211
52
900
900
1945
2803
52
994
137
614558
52
317
2189
8813
344
2189
779
754
23556
70
191
132
191
132
132
191
132
996
513
28053
647
1672
647
30
30
30
30
813
1628
376
845
561
164484
4650
3915
848
353
353
353
121
1931
8735
121
2712
132
4012
848
106
106
286
7978
158
406
406
406
439
298
235
1476
1476
1972
2182
1338
1338
1338
168
1449
2846
11129
3492
885
260
260
260
590
987
409
2010
1134
3573
5446
4254
931
931
452
452
581
1640
452
924
7820
452
752
452
452
8676
107
1218
1218
1218
554
107
2256
2541
6778
642
1143
1855
300
1239
1807
1855
2433
786
5643
1459
654
1087
1557
70166
4264
226
4880
160
221
221
13
362
362
837
4403
1215
748
927
927
748
387
1159
225
1051
22061
2088
27411
128
246
5460
5460
1240
273
1788
1993
1788
225
58959
52
52
3538
865
28
1890
956
2044
15513
90349
5232
848
6401
9181
484
983
606
640
1508
807
1539
1539
1726
3850
21971
998
10
851
213
1384
11976
12684
877
2533
81
628
1366
1722
141522
4047
1565
1565
1565
376
376
444
481
481
481
117
7297
117
117
120
120
120
733
1510
6722
453
453
453
1728
1427
877
2666
1335
785
2087
2023
785
1930
1930
2861
576
1930
1792
1930
2819
381
1792
3577
612
844
679
679
447
380
2661
981
981
586
586
586
586
292
10777
288
1191
1191
62585
331
2527
462
1614
1614
3284
1142
1142
5060
1529
157
1614
10490
276
68164
5045
1096
118
118
118
155
1528
2249
1489
226
454
1406
1651
813
9863
371
2679
1039
2065
6821
2781
36013
1326
38124
5350
3478
1190
507
2117
2117
661
1406
936
1406
2720
123
671
671
267
29
2491
1374
600
600
323
323
470
340
345
784
106
1548
846
729
1299
353
917
372
1809
300
1525
1233
2462
1666
1666
4289
580
222
222
240
105
769
3278
358
358
6792
591
171
1322
1322
181
181
5296
181
551
2054
2706
148
2460
5878
147
250
2156
7238
598
11
11
250
11
681
22
386
386
386
723
723
793
793
40
566
566
1491
1034
694
121
2128
47
280
90
90
1131
324
1560
51
324
1560
324
732
732
7007
324
316
178
316
178
732
1168
858
42
8055
814
245
245
1216
245
20
1082
245
1553
20
645
20
20
488
891
1013
189
1267
517
1135
664
43
517
239
1267
43
43
17917
736
153
153
863
1696
613
300
4802
672
516
1457
561
1532
10914
561
1093
1564
1381
389
800
1833
941
438
438
438
4929
899
596
578
1414
619
1414
1502
1765
488
488
1358
157
1358
157
4472
546
24
546
24
159
2993
1975
2190
159
28
28
867
622
1384
663
1198
663
586
586
1279
663
586
1082
56
1082
1082
235
1268
4237
43
1362
81
180
457
134
619
619
334
2259
1335
2361
1460
6742
3416
426
596
387
834
1587
2146
834
834
366
2146
3997
863
2974
2347
122
930
310
200
2535
200
431
325
462
395
482
165
1944
2352
335
165
346
359
936
1730
669
3557
10
136
2292
1191
1101
35
1101
25
1684
1812
340
153
163
69
340
340
340
340
97
1605
455
455
2403
828
707
80
585
82
1013
1429
249
291
2484
2484
832
2536
673
502
502
412
1560
96
96
1849
1795
3406
848
1795
686
1304
1304
69
69
69
692
475
12187
1343
86
15884
86
538
538
97
97
425
762
544
1077
1077
4373
1632
5500
890
3945
893
1238
893
620
455
339
686
10921
136
944
1725
454
1365
184
174
4172
174
971
743
194
3425
194
667
4238
779
779
743
743
856
1442
2495
2636
611
611
1599
750
102
102
351
102
102
169
169
1806
3805
996
359
996
1729
2749
777
777
777
5927
3166
174
6206
3826
208
3826
3826
174
174
286
208
6438
208
1325
6852
208
5030
823
1047
722
477
48
48
9949
722
403
145
505
119
2431
119
146
169
2242
440
176
3859
325
631
631
631
7914
667
667
1
1
1651
1651
539
141
483
4314
141
483
483
807
1672
807
914
141
2166
1670
141
1670
6250
1420
304
141
17665
967
1663
43536
187
708
187
771
601
1094
601
2818
2715
1094
3593
98
98
395
98
98
192
838
4314
887
92
1641
74
763
155
1803
74
11897
669
74
1911
267
267
11367
181
4845
934
923
267
267
267
923
954
4812
2014
6803
267
377
252
1106
258
4890
988
5260
252
252
7963
400
921
2674
221
1932
3792
959
115
115
115
1373
115
1582
1582
1582
1582
2138
4415
751
368
1899
454
465
943
639
427
427
660
660
370
370
36189
370
571
370
571
1091
370
1312
13148
15240
2977
211
1503
5489
