1
1
1
1
1
11
71
1
44
5
1
2
1
1
2
2
1
1
303
7
33
7
9
195
92
6
406
5
9
6
152
5
7
7
22
2
7
22
24
11
11
16
11
83
11
11
11
3
14
193
83
10
11
10
10
498
2
29
2
4
4
39
194
39
20
33
16
16
16
157
28
54
19
16
33
54
39
16
2
33
121
2
16
25
256
22
22
8
2
2
183
121
8
8
2
2
21
21
2
54
52
4
4
271
4
41
32
16
4
17
182
6
4
20
5
5
5
20
125
249
299
257
22
26
12
116
246
6
6
193
239
97
26
1
62
26
1
129
436
601
6
142
8
80
309
18
75
18
93
582
6
221
19
290
20
20
2
325
97
1
1
220
27
70
30
51
57
51
104
36
13
13
176
89
37
35
37
9
430
9
126
28
28
19
474
1
56
93
9
74
31
13
31
226
27
141
115
31
71
575
39
6
323
761
37
13
98
91
12
58
974
349
13
41
193
153
26
41
36
556
5
5
5
2404
645
48
19
88
5
36
368
249
599
306
21
912
307
421
47
2
47
64
91
2833
21
117
76
76
7
97
120
242
1033
9
844
206
263
32
30
30
3
35
30
30
30
686
45
414
9020
54
56
41
54
350
95
8
8
6
6
6
2
80
14
18
47
18
524
298
36
67
28
28
11
86
86
126
12
12
8
90
60
8
719
66
31
161
7
59
59
54
59
47
68
62
47
59
6
6
447
68
6
88
111
108
19
307
40
607
111
170
170
86
40
9
9
8
561
29
130
52
12
95
15
22
73
73
95
73
95
44
206
116
55
49
44
9
270
268
269
94
116
116
59
59
266
57
170
52
962
478
38
491
132
3
73
491
4616
3
80
3
3
456
68
274
59
116
59
27
1
21
99
1
38
580
1
580
95
64
58
1
87
11
1
11
2
480
81
197
74
38
357
38
199
74
38
448
187
34
66
181
43
2
217
220
7
21
58
58
5
5
15
15
358
5
26
192
937
15
561
108
80
80
12
637
15
2
2
2
12
2
219
12
12
1
130
305
21
21
3617
37
4
4
3
48
3
1737
186
126
117
42
3
117
3
53
45
53
339
54
107
11
11
11
260
11
40
32
40
86
82
300
29
29
633
29
49
29
157
35
5
5
29
29
119
48
38
242
148
659
17
2
251
2
2
2
48
139
48
1031
387
48
1725
17
354
17
17
62
17
56
56
17
34
278
46
292
20
207
46
298
197
90
894
12
8
56
5
22
2
5
5
2
57
4
4
36
36
57
284
57
2
9
158
450
199
80
80
155
262
321
172
574
31
535
146
25
294
25
321
14
193
14
51
51
611
125
2401
41
33
41
25
264
27
136
121
26
1
245
121
280
1
1
26
20
58
4
10
191
4
4
26
26
143
143
36
36
143
58
80
139
115
95
4
583
22
8
8
8
604
60
25
29
29
25
3884
20
95
51
20
31
8
116
779
1791
31
31
31
3
184
3
20
56
56
251
153
76
56
56
56
56
136
56
359
53
53
101
298
200
24
433
68
83
10730
30
30
178
30
376
761
1099
82
72
19
82
19
125
24
1496
19
19
47
128
24
116
834
99
182
20
806
17
553
259
457
232
1455
17
55
28
9
211
33
17
9
115
43
19
744
305
174
191
173
173
72
13413
189
257
79
24
24
79
24
209
203
275
79
38
143
22
22
22
22
145
2326
142
108
16
534
64
43
126
509
57
57
20
26
20
26
128
185
91
2
165
91
303
222
708
778
875
45
45
71
1
43
3505
386
86
241
885
20
20
19
92
92
318
7
22
7
573
117
178
49
38
38
38
38
103
38
133
103
49
22
22
49
540
99
22
22
29
22
121
345
893
70
10
10
29
5340
229
14
14
14
175
5
21
53
4
53
143
919
51
8
20
29
86
8
57
379
10
10
10
176
145
4717
439
452
6
57
6
145
344
39
292
92
33
279
18
33
51
48
38
339
33
171
48
48
48
33
23
48
23
48
52
23
168
84
130
4
4
18
241
23
23
228
132
345
346
73
2
15
24
83
22
96
5981
600
10
165
321
10
10
22
479
640
102
18
12
172
99
553
199
16
376
16
14
65
14
132
14
14
724
14
212
3
3
62
3
63
120
96
300
114
98
63
268
180
5
920
5
63
5
63
615
74
5
74
74
221
199
2
2
2
74
2
2
965
58
2
220
15
74
186
74
5272
95
43
56
43
43
113
662
83
150
75
82
26
77
195
117
87
846
463
439
84
36
93
38
38
462
47
2344
170
133
268
36
26
184
93
9
9
11
84
221
35
97
11
9
121
215
597
157
185
141
55
92
100
66
177
188
63
473
3
100
3
1646
517
51
3
3
288
215
18
4399
130
130
4010
130
417
58
439
50
50
327
56
108
377
127
95
122
95
18
18
531
30
44
30
266
664
3568
352
411
56
77
728
419
298
20
20
22
22
905
81
81
31
48
100
188
5
5
5
100
48
100
116
66
379
215
139
90
402
90
400
510
57
1116
56
57
34
34
28
28
94
94
215
215
134
121
137
82
86
287
210
143
609
200
93
156
962
136
419
249
146
146
64
447
16
71
638
156
57
362
3006
71
57
711
87
235
212
121
83
25
197
364
16
15
16
15
15
15
15
322
344
658
217
143
22
898
576
9
132
378
543
3336
9
9
215
68
69
68
68
1
1
1
863
1496
29
25
143
104
278
644
4
10
4
10
11
209
710
54
54
32
32
54
42
4
103
744
8
18
507
8
1266
407
8
18
301
398
6
3568
521
229
139
141
3
363
227
64
129
159
162
3253
84
17611
177
513
132
421
229
17
2604
14
73
164
164
47
47
34
34
453
411
164
146
120
164
3349
1963
41
305
75
104
50
41
147
34
70
219
245
26
96
34
363
22
22
22
56
822
1093
312
214
267
26
473
56
115
97
53
97
39
39
853
273
273
29
29
36
212
20
717
211
191
44
44
211
33
240
7
161
114
314
560
3
605
257
83
149
3721
210
210
939
32
1215
1706
514
68
36
68
36
332
36
228
36
319
99
99
408
236
44
8
135
35
35
126
8
143
123
611
12
45
45
145
52
36
542
128
1110
259
9
12
538
12
191
12
68
4
243
277
68
2
473
4
654
199
67
699
129
208
51
129
618
866
104
148
104
104
41
94
88
39
39
140
41
253
41
41
93
723
606
12
316
12
73
25
25
638
25
865
164
3
90
116
217
1088
174
3
13
3
1151
156
15
15
29
29
29
29
29
15
18
96
18
18
18
170
2049
137
201
1430
265
3
225
3
579
2135
3
3
54
31
31
12
897
54
426
881
32
32
178
32
178
16
16
244
78
13
26
16
16
54
54
1169
16
16
16
325
718
266
297
241
209
54
25
117
271
466
209
282
121
161
92
121
451
340
3
166
147
39
29
29
1160
14
13
13
4
19
4
4
5
5
291
55
825
539
539
55
13
13
13
13
2231
5
2
924
452
26
26
202
10218
29
131
33
92
837
63
63
55
55
797
34
34
34
179
358
154
23
47
23
63
47
57
57
308
34
135
29
29
57
226
10
353
67
41
109
98
41
93
855
31
169
82
7
7
36
26
36
91
38
91
1596
901
147
52
112
16
23
21
16
1068
49
49
49
16
2191
26
395
351
186
78
24
287
282
416
659
659
10
317
678
176
29
41
29
41
29
941
146
128
932
271
17
283
49
49
332
109
254
5
98
97
5
29
30
215
30
90
8
30
190
557
25
215
314
74
49
29
605
74
10
225
203
917
1430
8
1206
8
8
216
76
97
734
2
482
2
2
800
62
62
29
133
29
412
25
148
52
98
8
8
178
1907
8
85
178
8
8
8
8
64
8
20
8
164
63
380
104
36
63
19
36
2
2
2
106
2
330
2
2
2
333
46
2
501
611
38
26
46
736
26
465
10
330
113
41
496
58
577
105
96
46
10
82
33
40
40
113
1605
554
435
622
657
67
23
67
46
23
2996
66
1283
772
777
174
174
7
7
451
104
204
1582
7
7
154
154
58
233
337
255
174
233
169
7
7
202
98
96
165
28
28
165
828
103
196
358
104
14
48
15
4
48
210
231
272
98
4
4
148
256
256
34
34
5
1049
5
34
34
212
87
87
63
123
479
912
63
197
113
212
86
31
366
96
227
5
279
23
23
23
54
6
207
7
8
458
7
94
33
319
45
412
2487
53
53
26
42
281
167
8
135
957
77
274
77
602
43
94
39
424
460
315
72
74
74
72
5498
74
926
749
812
77
77
77
203
77
65
77
260
117
117
14
14
182
240
221
503
65
2735
308
336
787
348
348
348
366
291
406
417
253
11
291
193
326
30
302
153
211
172
84
183
211
796
163
410
906
2
290
11
555
373
2
165
33
522
140
21
21
168
290
168
459
11
11
215
251
123
251
239
719
11
11
1864
210
230
1
1
13
1
1
250
22
22
954
580
580
533
7
56
19
19
105
250
11
258
110
136
56
110
11
11
29
29
3
3
3
3
166
286
3
72
5
5
5
592
592
1542
2
226
51
51
23
11
23
23
23
49
11
49
49
981
191
191
588
11
11
188
285
261
492
193
253
157
157
33
127
33
88
33
302
33
33
33
1355
86
176
91
6008
384
664
957
193
78
108
462
108
178
317
256
256
336
254
150
279
399
123
216
5
955
997
60
193
1393
171
194
178
316
90
175
277
69
5054
223
69
44
29
44
328
69
24
649
11
404
1388
1027
452
676
614
21
297
218
21
21
21
6
21
21
278
278
313
21
21
59
132
98
161
132
262
98
342
369
11
103
11
1727
164
639
1159
1748
10
10
15
78
10
10
45
57
234
728
213
498
498
91
2712
91
15
91
172
78
39
460
2192
3361
29
5597
70
15
763
788
126
311
126
95
1957
3735
126
679
491
162
33
33
484
102
33
1201
216
24
3750
1273
32
32
44
1
1
1
5
456
29
135
106
29
106
106
29
29
106
347
347
135
175
31
106
664
175
64
280
279
279
587
316
34
316
1305
13
13
67
297
125
106
36
125
58
185
36
239
24
36
77
171
77
1
148
984
17
162
17
122
73
7512
49
192
33
33
682
782
1012
201
33
307
33
457
43
1108
197
17
162
17
823
1031
808
38
145
277
901
277
250
448
255
250
67
38
38
44
58
44
95
63
44
102
44
99
44
44
133
44
111
209
382
69
42
342
342
69
45
1276
56
45
63
63
184
184
236
553
553
365
513
760
295
305
522
163
738
170
273
60
60
60
62
235
91
126
62
5265
7
273
203
159
63
392
84
106
365
90
416
2095
2294
187
2
302
1972
416
610
204
204
550
132
132
1165
132
54
54
44
44
44
97
44
276
56
936
55
187
501
139
1130
2605
44
44
328
130
267
90
256
139
139
1
160
870
1
397
97
380
232
131
156
201
131
1
1
130
1
82
599
23
90
54
247
54
54
54
6
177
393
247
6
25
6
24
25
161
418
161
234
906
124
124
7
157
157
34
472
3491
247
39
573
245
131
15439
1246
1519
6034
395
462
975
133
153
88
187
88
65
65
65
88
65
88
65
489
65
444
485
171
65
89
37
273
290
341
192
419
1174
282
192
961
532
168
168
57
133
168
116
5447
31
133
133
165
57
435
60
4204
57
29
9
9
6
2017
9
336
336
9
336
18
47
120
364
505
498
32
492
28
514
88
32
32
17
226
17
54
54
17
17
54
17
17
17
17
169
67
82
1
59
297
315
87
39
228
33
147
147
47
33
228
617
152
7315
12
228
228
12
944
159
376
84
87
87
985
121
823
1780
172
172
121
538
205
434
246
91
91
897
134
883
732
48
439
1259
48
442
48
666
137
76
9
9
206
3
1269
883
31
28
134
135
487
142
142
14
5150
92
31
31
31
97
31
514
232
245
23
228
490
72
22
3885
72
225
3435
16
75
831
290
34
146
75
595
140
42
1548
124
2352
24
24
21
21
48
188
42
1172
42
56
2
2
56
415
49
163
76
550
42
42
56
49
56
56
56
876
56
266
56
74
74
51
74
227
74
23
82
82
998
2610
157
241
2920
1710
224
2881
19
19
19
6
117
117
19
33
6
69
484
69
69
682
69
42
145
145
12
12
1558
12
12
98
98
555
98
98
1655
43
43
120
45
35
178
13
13
13
347
254
45
13
24
45
45
894
779
8
810
201
8
8
8
146
146
8
162
8
1691
39
39
8
246
633
41
221
1275
818
84
91
324
1064
1383
2043
417
180
180
180
813
4125
229
190
189
97
97
197
10
887
607
214
166
143
777
145
296
253
329
145
607
1927
251
343
251
6
253
251
88
1421
29
45
45
184
694
59
44
709
100
186
585
712
89
86
151
151
151
770
9
127
339
415
82
82
82
82
1257
75
98
218
231
9
99
22
302
22
288
288
288
50
50
22
22
22
433
77
90
90
190
90
90
77
122
300
358
340
4
138
290
181
127
127
114
48
48
571
73
81
664
59
264
154
795
59
31
565
154
31
31
1975
153
161
159
159
321
194
259
865
31
641
274
1573
33
632
72
8
75
1209
562
57
1411
1482
48
31
37357
44
729
663
176
38
235
113
63
6360
63
221
78
348
478
325
485
38
526
217
38
350
38
330
330
1396
222
222
222
555
222
222
95
262
1406
1406
99
258
38
98
6
401
71
86
28
41
28
28
165
111
98
28
940
363
38
152
811
92
92
141
137
128
7
7
137
73
73
1070
74
963
239
855
633
74
74
74
419
565
1015
683
247
79
79
79
76
86
42
228
434
473
102
1322
1932
207
1932
2999
2023
185
185
159
162
270
67
10
67
155
616
22
192
433
316
316
16
16
551
16
16
16
16
16
604
135
43
43
929
929
309
10
75
163
1988
44
3668
4079
19389
48
134
1807
1302
221
428
507
57
281
1349
318
318
583
20
281
20
1162
852
380
394
88
137
772
229
127
281
26
281
229
20
720
20
20
336
248
31
1408
31
248
31
279
320
266
31
567
634
27
16
31
240
773
170
2490
20
20
173
47
47
101
337
5053
107
237
89
136
248
232
88
88
88
88
88
97
698
87
111
59
679
384
1232
541
715
281
62
62
98
1105
62
1074
66
96
66
35
66
35
35
97
35
97
97
35
57
219
519
284
284
247
247
532
739
763
498
895
697
856
256
209
391
37
485
393
485
194
1131
966
85
85
59
413
9
514
59
59
203
184
645
898
91
2621
13
13
3384
13
28
28
139
139
478
583
13
20
20
577
1282
853
207
74
308
428
110
110
21
21
294
2203
141
77
170
113
26
26
111
891
193
1175
77
26
26
77
26
170
1399
879
2925
1576
224
177
177
222
1073
310
474
50
739
213
590
254
6762
133
133
50
447
1551
422
50
24
95
33
24
838
257
1178
290
1054
68
517
972
623
68
68
914
591
201
745
429
4
195
501
195
543
4
43
3402
558
4
10785
4
87
87
58
58
499
58
640
379
379
571
268
196
196
869
491
196
413
27
127
204
4329
544
40
502
502
100
45
98
79
66
40
40
160
160
121
351
33
617
651
160
87
905
534
1827
2673
29
817
29
29
149
149
909
817
431
212
316
3
149
149
1387
401
149
3681
149
70
949
449
149
1657
149
91
268
192
888
341
192
152
987
108
470
589
589
654
354
211
121
121
589
55
330
211
621
605
271
666
165
40
165
75
75
52
139
52
139
52
77
162
52
52
1433
866
162
1097
11
1648
11
319
11
11
23
23
23
17
17
17
460
17
17
885
176
3
625
3
176
3
123
73
12
189
187
752
17878
187
468
607
4518
217
535
535
250
116
227
258
370
249
1424
3
148
150
89
89
865
80
80
72
173
95
142
20
20
20
61
20
109
109
2042
514
398
1346
76
76
411
130
40
40
489
39
412
39
39
39
574
103
29
307
307
128
148
128
153
153
279
452
48
120
767
48
120
28
290
48
101
14
52
4815
825
1180
2630
702
142
52
443
1271
219
434
77
925
281
215
757
593
30
434
30
86
48
592
282
271
691
282
282
282
685
685
48
188
48
291
23
685
102
170
351
44
75
344
1035
744
103
103
44
192
371
541
1062
62
62
62
62
467
1338
297
744
297
305
44
200
200
44
239
44
239
891
106
180
180
43
83
83
83
16
1502
186
16
16
16
202
16
43
577
136
136
136
374
500
95
291
689
915
713
92
29
183
255
361
255
958
246
255
255
230
15
15
82
173
43
43
43
1
1
1
1
67
22
130
1
22
249
22
103
22
151
151
151
216
9
189
883
760
650
855
461
312
110
168
168
2447
461
140
140
461
125
140
125
1152
43
241
43
342
66
998
171
50
423
423
685
1629
423
98
237
238
9
9
9
9
9
103
571
834
44
44
959
216
2381
1
2598
84
1
1
84
393
482
850
153
153
13
350
458
51
51
529
172
2146
13
187
643
1227
13
339
187
77
284
233
451
164
590
26
528
26
108
363
258
149
241
291
55
291
25
25
451
77
374
77
12
12
22
12
137
1061
480
137
39
32
740
950
178
2820
34
150
551
133
661
110
271
957
7
12
5
5
135
7
7
81
5
216
5
171
655
353
647
119
1277
119
119
554
34
326
220
769
31
31
50
7
7
50
5
40
69
72
69
148
88
88
88
110
88
151
7
81
81
81
1777
299
286
197
204
469
803
178
1
7408
138
268
683
803
268
365
268
268
299
1
18
446
175
2027
407
221
155
155
234
234
109
196
109
34
393
109
34
112
109
109
329
329
286
34
8
262
2
2517
9
8
72
8
193
1494
650
139
942
584
1336
383
139
336
1771
207
7510
101
1167
101
469
571
31818
174
174
15
67
67
566
631
631
296
155
12236
251
15
18
247
279
41
161
1222
251
251
15
636
1431
710
384
15
278
134
329
134
134
134
134
597
134
11
67
131
23
273
162
162
74
1445
354
27
233
27
397
1856
139
14
14
14
522
152
14
76
14
14
14
156
76
139
4494
64
201
297
5329
201
246
248
378
49
5571
531
342
3708
22
22
22
116
52
52
5
753
3
581
5
1687
5
531
1140
170
71
52
113
65
71
86
2516
161
105
142
105
65
105
105
521
189
74
74
74
132
132
1620
2671
371
416
697
1819
2246
1710
249
122
122
362
256
113
327
373
256
1202
562
256
105
17
925
990
1628
27
27
315
315
339
533
565
315
315
477
11
20
315
593
289
872
827
605
93
356
215
49
132
1
88
357
322
1
1
56
3844
5
80
80
53
274
274
274
221
5013
167
28
280
15340
157
752
1581
69
5
656
229
93
212
1320
221
602
231
1679
1855
193
193
178
111
423
729
111
66098
24
413
382
105
105
5
711
144
144
96
144
207
144
25
4532
3633
106
732
688
96
190
190
608
79
565
565
67
67
294
67
396
147
79
9
106
106
814
66
66
30
661
468
147
1767
442
121
726
178
178
887
121
2134
121
284
108
108
121
489
205
764
189
768
332
865
204
2203
435
114
473
114
312
13044
45
221
29
509
5706
29
45
45
4185
239
29
452
548
59
250
862
8
250
250
645
20
5
5
683
1375
683
87
517
107
376
376
191
5
451
70
446
107
107
191
107
234
65
1500
360
192
192
122
234
122
45
45
413
200
97
769
136
413
52
930
413
216
413
413
916
117
2108
35
3
27
3
3
2939
336
163
553
163
12
265
71
359
404
71
474
6442
4
35
35
35
124
4111
5
5
134
5
2028
269
197
5
918
786
324
666
2474
5
175
615
591
143
143
127
353
1307
127
972
609
358
358
1849
90
726
358
105
90
50
408
408
105
800
309
148
299
308
223
223
800
173
173
858
858
455
211
1993
4142
23
358
358
508
52
52
20
20
414
414
20
20
591
51
54
41
365
225
489
225
83
1156
19
832
19
134
19
1758
83
823
83
83
216
142
142
600
122
216
307
136
167
167
25
685
97
125
275
148
2696
1865
54
7
7
7
7
5666
7
7
741
7
910
54
145
7
305
23
983
928
628
628
80
736
363
363
420
34
302
302
947
22
302
954
5
2699
5
5
3027
653
5
5
76
263
263
207
207
624
118
223
239
8123
120
239
548
95
83
83
32
32
32
121
121
412
239
156
18
239
1166
241
270
270
1681
377
1788
288
288
544
377
18
2280
377
333
239
239
18
889
1142
364
449
1804
36
18
18
97
76
18
2
315
271
173
868
721
69
593
69
539
69
2301
77
77
8
76
76
8
1672
632
76
76
424
1582
77
816
611
395
395
298
395
211
152
802
224
330
396
32
1700
1693
462
21
21
5
5
5
107
603
107
5
914
914
152
1923
514
3401
543
183
401
54
401
5
1038
32
570
930
206
224
621
206
2
4
200
4
904
2
213
23
1230
2079
193
81
163
1268
351
193
311
311
1364
311
34
34
1297
34
225
409
1373
14
345
143
441
14
14
14
14
193
232
15
114
145
35
35
554
736
145
254
23755
441
56
123
857
857
182
182
16
182
56
1350
44
3264
11
11
933
123
24
692
137
692
592
3651
507
176
507
258
176
507
258
258
1888
2726
46
3649
19
19
167
4
283
2210
1263
675
4
19368
4
54
381
558
1769
1313
525
340
525
30
30
30
273
30
16
12
181
267
16
77
16
213
695
278
223
1194
212
212
212
16
949
212
16
16
364
462
1631
1010
6395
651
213
63
587
587
266
218
479
127
127
3570
2347
374
127
127
341
2433
704
80
213
80
80
188
80
518
80
188
406
129
129
406
16
16
3036
236
735
363
544
927
267
539
178
513
99
783
315
343
19
19
899
65
71
71
71
156
156
1765
522
458
6323
171674
68
180
27
27
273
180
26
2226
4590
16131
598
22
125
125
328
125
328
560
116
729
598
2029
768
3613
865
1936
51
125
388
568
348
396
199
348
348
4117
240
425
410
5738
1472
1229
1472
130
191
2720
85
85
107
107
572
176
176
23
80
23
19489
37
19
138
954
37
24
108
520
108
144
520
19
19
19
181
1086
181
90
1401
180
180
180
846
413
347
168
29
471
357
40
180
518
551
551
551
531
1120
1120
335
676
251
2880
168
275
308
954
252
453
1960
987
1638
102
729
295
489
301
846
6366
79
301
2969
37
37
37
37
86
79
91
489
79
37
46
46
46
317
1244
4
670
584
237
717
164
48
48
48
670
145
756
1829
185
287
918
14541
84
657
133
133
84
84
127
5
84
103
4847
79
79
102
79
79
669
852
812
812
1264
1607
2002
125
425
125
852
425
165
425
64
165
64
915
104
104
66
144
2317
45
45
61
45
21
1241
453
664
773
515
1251
266
3772
2
3
3
419
4404
2105
338
306
120
805
1630
349
1242
481
143
45
818
1529
45
529
967
121
739
572
45
121
543
45
364
685
216
216
1
216
2
427
1125
438
46
46
46
1204
509
144
2
429
336
170
440
170
29
508
29
608
405
294
200
697
697
29
855
29
610
2042
132
174
143
604
29
398
509
999
291
641
291
486
641
171
1075
128
128
514
514
163
287
16
1727
29
45
29
655
258
1424
651
1832
68
68
68
187
187
308
227
699
202
182
4521
248
401
114
480
332
114
608
401
608
87
25
411
434
2121
374
480
601
661
399
480
1646
498
1010
1010
1912
8
87
318
239
122
39
127
21
21
21
434
169
128
325
407
546
3
17
17
7193
367
17
204
3053
17
17
17
17
17
17
114
114
61
58
6
684
159
275
2153
876
15231
99
57
57
101
126
126
701
502
371
126
99
1943
269
126
1026
1493
178
178
23
116
23
3764
764
12
617
198
198
444
982
1171
830
1964
99
198
99
198
2214
59
509
59
1329
84
509
84
287
313
287
162
117
863
1139
1209
124
124
1047
124
36
1344
1555
4642
479
479
87
33
33
33
159
33
33
514
159
921
78
204
163
159
2005
514
163
163
716
453
500
109
212
109
34
34
451
212
451
212
119
80
361
10
46
1015
123
47
110
130
118
118
110
546
744
10
10
110
118
5912
428
428
44
428
703
428
173
173
3000
3000
400
303
260
1447
113
143
676
199
812
1484
443
864
752
752
1600
93
21
411
914
515
2030
322
322
411
411
88
316
88
603
145
316
411
255
255
143
844
94
123
927
363
94
339
339
168
196
115
115
38
876
115
98
333
116
115
333
396
115
116
358
98
282
282
115
165
14
445
115
335
271
245
5445
1232
723
258
258
258
258
316
412
293
48
328
48
456
262
339
189
2905
256
256
187
847
256
446
115
387
626
115
386
386
642
1617
2235
956
2618
1683
4022
100
229
8
229
715
2760
280
614
280
373
95
971
2686
2791
250
628
375
487
12704
305
930
305
305
250
305
652
201
201
201
307
1340
671
1047
262
8
8
460
150
8
8
8
8
177
53
245
1228
705
705
161
566
2817
566
167
666
167
121
858
121
121
628
5921
40
9883
566
465
3987
628
312
585
148
312
585
148
585
13
17
18
142
300
4703
263
365
42
268
2891
268
268
1546
3982
225
538
513
535
116
81
71
436
2960
2960
496
60
496
526
60
325
731
82
265
380
82
46
46
734
313
46
46
46
152
368
152
50
864
401
581
1700
390
98
161
161
98
512
464
494
502
66
1346
66
189
189
189
221
1518
669
49
40
253
2535
32
253
253
66
64
66
7
26
13
32
13
13
32
32
121
13
9200
423
225
655
81
225
225
81
225
646
131
131
32
621
1440
313
18
18
32
313
18
18
32
36
22004
18
18
5832
83
18
18
75
64
6949
314
102
314
66
161
229
509
580
261
75
441
188
441
112
234
112
845
591
1141
180
83
162
286
227
83
112
472
83
162
162
286
504
186
83
788
462
83
83
83
83
149
83
10
464
10
10
119
928
171
1651
6
6
219
85
85
31
360
360
232
690
171
93
93
31
31
642
93
125
4957
410
4129
125
5
102
604
348
693
172
232
2161
131
172
619
220
485
841
659
627
269
416
121
234
92
92
93
144
93
93
82
377
371
230
149
169
343
180
180
421
44
169
430
169
1891
415
285
2665
44
523
149
149
149
245
519
149
201
201
1105
229
55
4138
956
355
12441
37
37
148
161
121
121
148
121
75
463
463
79
560
353
161
540
571
37
2526
962
1406
379
161
161
161
1067
119
1074
682
362
311
1417
47
898
285
89
285
311
285
877
593
89
89
98
1133
98
98
8389
151
151
797
297
89
89
1992
145
236
47
376
89
1571
82
190
82
82
82
322
322
322
13198
59
59
3741
59
59
670
59
30
335
147
21
94
527
94
147
30
147
147
30
606
398
398
387
21
21
160
50094
3306
174
148
322428
160
303
344
444
303
765
788
283
1276
715
477
2910
356
1053
931
24
24
24
535
270
180
2424
1702
198
409
626
579
1421
921
868
363
363
286
151
138
868
191
314
1038
1956
40
430
40
1433
288
215
1585
161
10608
266
1358
266
1907
3041
674
674
600
161
987
162
1127
1007
784
260
90
1128
387
126
90
583
90
109
2479
90
6308
109
81
369
47
81
2021
252
81
81
425
1182
81
2422
276
382
735
580
185
580
580
748
81
1473
1164
814
185
4871
379
209
1432
91
295
2841
3477
680
283
908
1542
68977
959
115
221
35
693
793
2022
225
165
2433
22
73
420
282
174
358
174
174
155393
4
794
500
75
64
4
823
104
397
546
38
38
3517
360
967
848
482
412
750
309
34
10866
34
258
91
430
254
770
547
542
934
430
430
1325
173
449
449
4
33
173
173
818
479
834
479
2076
2132
113
834
850
85
65
65
221
72
57
915
143
75
75
259
2900
54
259
366
82
763
12
13109
78
775
633
65
975
42
1020
322
840
42
90
42
1261
2871
28
375
997
3870
75
432
412
566
248
248
129
989
1611
792
1439
248
169
375
32
77
138
1699
77
1249
19
33
442
248
169
731
169
410
355
1383
1845
47
47
988
19812
2105
199
2252
4655
3869
597
302
703
597
597
597
363
133
41
40
274
39619
93
93
40
40
40
40
523
382
40
40
138
217
177
275
177
177
147
217
373
660
147
482
101
195
199
211
172
199
988
199
571
199
238
217
773
206
241
241
2194
241
57
241
707
57
57
57
150
150
721
281
2
150
449
2
584
2
123
46
255
13
13
811
18
18
188
151
33
12
12
1948
131
1134
188
183
282
282
54
54
188
244
151
151
2285
151
50
1525
1393
421
4721
1961
190
794
2751
661
67
176
1837
2042
550
495
2144
176
176
73
347
552
238
238
67
1895
1560
599
681
514
686
599
681
686
67
1070
514
1239
933
383
904
433
1464
383
1432
73
356
1868
490
7
301
1056
2026
1077
921
77
112
112
67
1021
3253
67
481
3253
362
67
111
963
441
963
111
6526
362
362
27
27
27
202
27
341
546
144
314
97
447
183
341
322
989
531
382
7693
26
1028
12
150
81
323
311
784
416
286
1594
612
27
27
123
123
99
2
696
2
4992
653
99
117
15
34
34
246
687
115
77
84
4272
77
77
84
84
84
107
77
49
77
84
208
686
311
1264
1306
208
665
1785
340
238
98
1964
117
847
1207
23
48
427
175
1216
158
57
115
434
113
285
427
356
356
588
197
244
623
115
2844
48
48
271
191
191
5112
347
271
969
123
123
951
123
34061
9
1152
2004
835
478
50
42
42
42
50
717
42
42
9
9
10
320
9
990
62
62
1287
234
522
522
57
616
136
716
311
738
1278
10
482
10
381
381
244
381
10
97
288
1192
935
533
136
639
136
2062
75
786
354
1040
611
115
40
821
73
357
183
357
222
1411
339
1411
148
555
10287
352
947
856
3429
448
133
476
396
1595
133
293
148
537
1016
1001
574
1764
64
64
2307
574
64
41
542
293
66
293
508
354
595
8
1268
583
8
76
76
700
76
927
191
205
76
368
76
76
123
123
227
181
171
536
242
60
60
60
60
772
546
112
155
1520
28
83
79
123
79
112
383
191
1080
6799
948
5282
8
184
1266
1401
354
1776
383
88
125
182
205
260
1391
323
182
926
287
1200
170
287
170
1025
3993
184
1457
16
1457
16
756
5629
278
244
756
716
44
1831
719
431
440
2048
247
431
2745
247
388
9113
88
730
173
32631
159
173
123
1298
123
71
71
358
123
1306
560
237
862
331
3
1221
406
307
307
1236
2944
964
578
2260
578
293
20144
519
293
2144
84
293
84
6472
7416
1181
1181
835
1181
1215
1525
1181
33
33
141
938
5500
166
166
1100
912
166
225
944
225
3460
879
12
53
33
243
12
352
33
33
33
816
352
27
33
532
734
532
1297
9111
1304
294
461
958
529
111
119
237
111
119
111
111
733
33
259
2678
212
212
408
9854
5666
675
143
212
143
408
212
484
9272
1106
436
111
810
213
111
111
143
436
888
378
378
728
111
111
190
63
597
190
143
111
190
111
4020
2551
1418
5906
185
359
252
252
287
339
63
31
229
31
229
10
272
1798
15
15
936
108
1342
613
436
3602
171
171
171
12694
171
13
171
206
2500
852
4
1374
28
28
28
696
139
849
4
674
4
786
902
390
390
1726
139
139
139
408
493
2002
96
10267
4
96
536
96
926
96
515
1054
1471
5173
1819
121
121
4
4
4
635
121
4
121
63
128
63
63
128
126
128
346
126
3390
460
460
368
606
1644
1627
802
802
435
394
558
394
661
3688
1041
32
301
5245
1568
128
393
128
4
434
115
399
580
1642
394
1642
280
991
587
558
158
4
158
158
103
363
399
284
538
538
284
666
103
688
74
74
518
480
922
480
200
388
2632
3465
1198
200
200
1435
876
776
1444
483
2046
837
151
325
572
183
4
804
4
4
1051
149
220
461
409
1539
1729
6497
746
1942
882
13378
187
941
511
1144
1674
511
187
747
63
63
63
374
20
274
20
20
283
283
251
13022
577
843
438
1577
495
380
368
128
2129
61
225
1171
355
234
400
114
1085
303
303
114
303
128
234
986
111
93
167
114
111
114
111
429
101
193
193
410
1264
19
740
740
1160
19
2608
831
588
2002
936
4656
291
291
7325
291
26521
1659
100
2130
291
667
985
861
2965
747
747
172
222
491
19
2907
19
298
222
222
279
176
117
43
102
1320
128
968
222
1801
258
222
104707
9605
222
86
86
222
60
86
86
90731
86
40
40
40
144
144
107
822
91
600
254
3074
808
234
91
631
257
963
975
2484
782
600
170
1265
60
249
1282
2778
2246
113
113
113
1356
2274
60
104
2994
2257
175
842
104
20488
478
104
842
104
93
175
611
202
865
402
289
289
68
5756
38
38
2204
10028
38
38
647
964
2580
865
427
68
68
443
443
947
443
900
571
1158
45
45
19
941
19
205
945
526
23
19
3419
1423
162
923
38
407
407
113
113
305
194
36
648
36
164
45
409
409
278
347
405
924
966
154
526
154
347
45
5599
105
105
206
3442
1794
3601
404
33
404
2116
33
33
326
913
225
261
225
28
183
183
421
61
598
61
56
61
61
279
9
284
1400
204
204
9
8
1122
373
2448
261
8
302
5649
709
5083
79
580
991
39
2361
43
3531
193
193
485
485
279
193
1231
834
193
119
119
376
45
770
868
305
2190
23
23
342
608
5694
3379
112
165
112
11282
112
112
112
868
655
186
655
189106
235
184
186
541
23
1467
221
221
578
1304
361
241
241
752
30
322
322
118
118
1697
23
306
72
415
23
256
256
74
74
676
348
92
1176
1604
3159
5388
529
529
94
78
94
1055
94
236
657
495
793
2842
297
297
297
297
27
300
27
7866
27
1153
1388
61288
27
3879
780
1344
71
27
80
4401
265
265
91
376
209
742
91
91
110
629
357
110
183
183
360
30
30
268
268
831
268
268
1690
632
533
533
533
723
8344
144
723
1331
501
501
501
1399
966
3046
3757
645
3757
63
63
14639
63
488
27
27
100
87
932
1426
87
1355
227
63
475
684
63
430
347
347
347
343
343
1055
770
63
63
704
535
63
26
26
69
1958
69
52172
208
4130
57
162
162
162
162
162
717
338
6686
1287
754
2143
516
48
1215
102
144
835
1567
56
4367
642
175
281
56
71
281
1328
71
60
642
467
939
1174
870
2973
290
625
1978
602
53
53
8149
310
964
42
84
84
143
456
283
456
456
209
50
50
527
137
137
137
1715
492
125
82
43
82
137
3097
116
148
3890
116
290
4710
333
43
457
871
283
1852
828
333
585
585
388
1012
50
201
201
570
551
570
429
154
201
106
106
106
551
1116
352
1677
734
1116
146
282
125
164
164
27012
51
51
911
1591
11
11
146
51
1930
51
2823
209
140
140
126
127
127
126
110
322
322
636
1124
534
1488
534
809
2070
534
1400
809
888
809
195
1179
2846
416
94
94
94
94
15893
203
3948
203
203
203
276
3596
538
4060
195
575
776
319
1181
16
16
965
16
965
138
465
358
655
2375
158
1235
74
1778
777
158
76
413
814
983
74
74
76
158
200
1528
200
390
200
1480
626
390
1351
96
96
61168
96
96
2476
339
1414
310
117
854
348
193
348
71
71
6304
71
303
322
438
598
322
71
2072
71
288
147504
904
1769
1105
546
390
998
133
22
22
22
22
274
22
274
274
73
73
32
758
73
383
425
425
425
17
17
383
130
155
225
691
3913
817
5529
1963
467
467
467
85
3354
88
751
84
6176
85
275
70
70
7398
787
225
787
787
420
367
287
7434
1376
571
467
698
238
467
698
238
238
698
663
1485
1303
2713
467
2827
79
957
31
163
678
558
842
2316
1532
558
837
837
70
816
519
2741
5224
442
1132
442
442
327
1136
453
2517
301
301
163
163
163
204
650
163
204
62
36
62
301
650
735
62
17
17
17
17
508
163
1128
384
163
3323
384
384
301
871
384
667
667
457
2217
667
17
17
17
410
410
4457
65
65
65
65
65
65
1163
341
341
341
1997
804
2210
330
973
565
579
1642
767
382
382
382
382
1357
382
530
38
38
929
527
909
732
90
86
86
98
8733
98
371
98
4118
355
818
2141
3359
483
483
3652
3217
817
445
121
70
121
22
22
609
117
102
96
3618
410
102
102
426
7726
426
3618
426
80
857
1584
309
1508
3002
309
5337
19472
225
2368
541
225
225
2702
321
31
31
250
456
456
2400
399
1879
1879
625
280
280
456
2368
418
1568
821
1072
957
358
161
13786
161
943
42
42
711
34
34
1483
34
394
350
415
13802
34
350
34
534
34
170
1009
931
327
1612
529
1522
406
3324
71
71
71
71
4008
1284
313
3623
107
257
257
394
55
1496
402
426
88
55
2438
2555
1168
1064
610
610
610
610
127
637
530
127
127
6151
5
7500
127
742
2879
5
230
5
230
5
230
157
80
80
50
50
554
50
50
50
154
154
50
658
1303
450
7156
949
470
2156
726
1660
836
1770
428
823
463
428
463
939
53
53
3437
862
626
626
255
1147
1789
1187
422
422
1789
626
480
480
63
3569
237
263
803
611
223
1844
223
223
255
480
634
480
1958
1385
1958
1510
2623
2339
5166
3492
4849
776
2063
9
229
772
251
273
2230
745
949
132
72
72
704
569
993
993
1641
1525
972
64
64
482
496
681
218
633
1847
89
12646
2119
89
11190
89
497
6103
583
497
21
393
509
393
3027
393
118
2224
1320
118
30
1339
617
4331
537
1089
30
30
1879
410
421
2401
606
25
155
109
992
992
258
7653
1046
417
1416
91
134
63
134
797
63
1015
2608
158
1298
158
997
997
391
391
560
38
587
92
1133
38
38
160
835
112
112
477
42
458
1158
458
1643
787
1903
1672
297
9037
38
302
1189
262
2564
8100
3570
237
70
16229
10
1053
847
2680
138
1239
1461
376
199
743
390
259
7
259
259
259
1245
1042
1042
340
611
409
252
507
409
252
252
252
451
451
710
507
1236
970
694
507
1261
87
20
172
9920
935
1160
634
840
380
1948
2137
20
310
2386
118
6240
118
702
702
211
1140
118
465
166
795
777
477
118
118
980
784
569
189
118
20
6
546
587
6
248
6
118
317
2563
248
248
713
289
157
607
214
150
3366
1117
150
835
82
82
809
82
82
510
52
409
218
246
235
164
82
235
190
117
1015
474
1129
166
845
845
638
3279
342
46
466
46
466
161
386
803
386
165
165
84
605
608
367
202
367
367
367
378
288
31
31
452
332
2617
86
427
86
29720
1033
426
426
427
426
299
299
602
478
54
478
89
395
395
7141
395
296
823
117
101
72
101
227
965
1159
1250
1250
227
294
117
415
735
92
1572
735
92
759
69
69
1020
2486
885
69
885
82
14
14
14
87
14
1513
14
30
14
14
14
471
377
87
87
688
1004
659
1483
1573
274
1098
457
38
4
4
27
599
3549
1180
527
127
127
2548
466
79
466
466
79
715
382
8195
79
94
79
79
614
614
560
227
91
382
91
456
91
412
1622
436
436
370
124
645
164
124
124
208
788
1218
645
938
645
1007
53
53
1216
1579
53
397
155
379
965
723
1132
1395
155
203
1341
155
155
1971
170
442
442
654
2079
836
873
348
318
180
180
318
318
291
291
714
452
291
1161
452
127
507
507
507
125
10022
125
125
135
125
125
1285
74
696
676
1264
820
548
548
1425
83
577
17570
572
199
6756
13638
1261
2187
2436
1995
857
408
10
8930
24
951
691
677
360
829
2604
538
6021
566
69
2048
974
178
3538
2061
168
118
118
13
2214
275
18
13
48
2119
109
3
161
178
11041
1828
514
514
514
455
612
640
696
983
85
168
124
528
1867
200
1256
200
2384
200
200
2301
1147
1613
1613
103
103
103
103
103
103
652
103
1962
350
244
55
244
557
1177
2510
51
55173
72
72
72
418
448
313
93
93
445
448
171
1730
849
51
51
14
709
287
287
115
608
906
357
768
768
904
2192
469
469
137
799
137
359
178
857
34
657
51
359
418
110
110
418
418
169
8709
178
1350
169
169
169
411
550
2037
73
1671
178
6854
1013
14
178
321
1424
14
178
7605
964
956
497
987
1105
83
83
83
109
1440
43
4064
43
196
1782
139
196
139
824
790
285
204
102
2782
102
102
260
488
535
405
227
7000
227
1687
314
227
468
1496
2057
314
108
149
149
621
241
38
931
38
38
38
250
869
1147
895
131
131
2711
131
241
59
59
14
70
490
132
100
905
10720
132
737
262
262
1973
262
14
1319
262
4418
1066
476
476
476
43
45
511
308
1156
43
308
192
1289
1508
1508
2625
1117
1117
723
73
435
73
289
187
208
29
29
29
29
29
2905
29
29
29
29
208
1969
611
53
849
1337
2731
1568
1568
199
823
1661
1661
208
620
518
270
329
2161
1243
315
315
1102
1428
520
1146
3068
370
370
5691
264
429
1474
410
767
410
1063
410
2728
200
2770
2075
1666
3886
452
22
282
295
1364
679
21
21
446
446
654
126
641
504
1869
366
182
504
1782
383
504
452
4569
1782
227
227
366
446
446
244
947
2917
914
179
179
870
890
1171
1171
308
366
1435
10
1378
366
962
10
10
1378
743
129
103
7
178
169
2181
169
67
742
708
360
1293
360
1716
236
2334
765
3463
16966
992
1470
562
83
635
83
83
83
83
108
108
83
480
83
83
55427
614
188
188
188
994
670
193
866
684
684
2618
8987
188
1413
67
259
3
1394
1862
263
6048
11598
505
33
434
75
444
1483
347
132
69
132
94
69
450
450
401
908
2767
717
148
754
43
324
1880
933
208
212
114
2363
348
739
348
114
2051
114
114
293
293
1225
357
199
374
199
374
353
149
875
3492
3540
3729
201
675
5104
311
446
3084
3888
382
3084
446
525
7038
1119
1396
237
69
69
69
410
798
758
758
69
5448
804
744
546
12013
1109
218
218
36
1838
156
24
65
279
698
24
24
1618
11
11
206
11
1659
673
226
752
61
61
71
218
1806
218
71
71
1028
549
549
549
174
479
137
167
227
1144
174
227
227
817
13
954
13
13
812
791
234
459
513
103
1511
1118
379
103
1247
317
41
443
317
29
194
10475
8218
3669
218
32
974
443
69
772
617
74
74
302
211
2734
240
240
1122
349
756
1253
739
739
831
218
127
115
179
115
115
146
273
146
3
607
799
115
1598
1736
666
6414
22138
28
28
28
179
28
127
876
938
173
449
3100
538
1697
3205
1697
666
666
666
818
3356
17623
10916
1284
139
559
139
282
282
559
3246
1732
139
1133
1035
3528
1947
1728
2708
480
166
127
3767
126
166
126
126
9096
5785
1840
4507
779
770
1257
770
326
326
379
289
265
1723
265
265
211
50
1252
1674
265
50
26
26
350
350
265
350
53
289
4800
322
430
2145
350
7772
1626
736
622
97
797
1449
265
265
209
42213
289
509
1263
1067
395
673
209
3077
1053
134
270
134
902
2
826
134
937
265
100
803
81
1633
1929
117
134
134
5997
210
195
24571
41
81
81
739
134
676
625
974
534
383
617
105
173
173
173
739
739
384
663
3153
2918
1051
3822
666
410
562
63
63
1282
1143
63
547
580
580
738
738
580
172
803
104
9
131
364
378
1533
109
297
297
503
315
269
474
1556
60
60
695
243
1438
1771
95
859
64
250
893
947
619
1949
443
300
529
70
746
287
287
624
2924
279
962
738
306
968
1088
450
685
593
5425
68
827
1961
46
46
46
277
277
277
46
46
108
1582
290
208
279
579
957
208
26
26
26
26
544
537
815
223
1094
13
1403
763
271
135
1006
6
201
91
2620
263
769
263
894
554
523
63901
546
636
626
1058
128
2388
794
2276
1145
1145
1843
427
21536
430
14
2977
6
1409
2498
442
23
1540
23
81
2353
263
971
44
829
829
44
50
50
244
50
252
292
319
362
911
1049
608
2726
331
61
299
299
537
515
1020
1152
515
232
232
232
6602
515
410
579
410
154
631
456
229
87
525
167
53
148
148
148
3888
53
2603
487
1699
1047
73
5330
69
799
799
3201
722
856
581
814
216
216
854
451
276
6882
522
1014
1866
166
876
2082
166
1242
1866
424
166
1300
740
1152
3054
858
2299
77
694
1393
1799
1054
1054
357
357
148
1399
3041
1336
1578
931
148
854
983
3947
20857
26
31
26
421
117
117
2907
1080
31
31
371
371
26
26
26
46
46
849
46
877
323
105
871
534
443
3796
105
1003
319
361
657
67
419
67
45
45
45
96
753
2481
1430
52
1311
231
4
5392
207
207
64
18400
229
64
367
690
515
64
1336
64
64
410
1322
163
540
966
497
1336
530
1
530
233
410
15355
249
85
85
235
1183
55
55
259
23
12661
187
6118
187
2420
688
459
35240
367
1121
455
126
382
82
353
367
367
201
739
290
2946
123
123
455
123
658
123
455
123
2631
1100
87
774
822
7910
1055
11080
1460
87
789
87
1361
25645
125
125
125
649
156
656
687
4921
649
1283
541
809
551
3172
655
792
410
250
250
792
16614
606
286
166
367
367
18
351
351
351
1160
3905
1880
743
4503
287
126
180
180
2154
180
287
3768
2273
2128
327
242
85
85
152
426
426
426
109
109
109
2645
78
109
3892
83
21
777
1279
750
202
197
1820
197
2101
1319
103
1219
898
898
484
483
484
484
202
476
202
416
147
227
227
399
391
391
399
276
399
276
1211
492
391
484
276
387
23
203
492
76
76
79
10566
120
79
79
852
120
136
120
966
30135
428
305
1843
957
1896
182
1148
844
226
828
791
626
28
28
908
794
922
56
981
768
1277
26794
54
295
326
1119
54
3817
141
1067
326
1354
1094
326
326
5108
220
200
87
1462
6742
696
165
21
21
696
367
502
608
455
85
991
932
424
1404
424
424
2160
175
455
1914
476
862
862
2459
119
119
432
173
192
173
173
98
393
453
523
393
1567
1258
98
453
905
550
329
32
32
174
477
5244
299
32
338
477
1305
32
224
513
12070
254
2756
17
49
49
126
2531
265
265
434
434
265
434
945
945
265
17
6
237
564
832
401
355
4365
355
2274
27649
393
218
2652
625
625
248
1060
46
1596
364
46
46
3903
255
1031
39
7316
299
124
124
124
400
324
38
955
441
4759
400
505
2830
505
6925
400
400
400
175
692
343
343
540
540
540
15998
840
2174
510
510
2040
679
679
46
2002
2114
108
216
13479
2410
328
532
1049
1151
559
24
392
108
108
1107
461
52
158
967
1630
165
34375
1630
20440
533
77
95
1369
918
658
111
111
111
111
225
1838
5
58
76
887
289
396
95
378
378
95
378
95
95
646
1484
221
635
1454
654
7243
240
809
1454
240
240
322
40
90
90
90
1413
119
1486
88
6155
2142
298
52
5171
3459
52
255
411
487
4325
272
658
658
272
613
1543
1665
52
2991
52
52
52
254
52
724
487
3668
263
254
1050
4762
3820
254
63
149
486
360
63
282
411
1907
789
206
671
3883
1015
5496
1015
453
861
861
861
913
3747
1298
913
8149
3144
913
3486
356
356
1275
689
695
5033
909
695
13585
101
631
631
101
2117
388
3871
101
356
1061
622
230
127
1569
518
127
1061
1715
1822
950
402
1024
960
171
960
171
759
238
591
1010
214
63
465
1141
103
272
1026
1268
3178
1038
597
597
1961
597
136
648
174
1829
68353
252
597
172
597
597
2184
1388
945
76487
1354
98
634
892
892
1573
43
43
43
43
43
3804
1016
5342
290
290
892
892
136
1868
7
136
12130
98
529
1028
137
294
129
946
760
2386
1977
341
577
368
94
94
634
522
461
134
557
134
610
610
960
134
587
376
1132
1621
598
376
533
10398
300
300
300
2582
3637
1060
247
2518
1568
299
166
132
533
166
132
669
647
6783
84
540
97
540
97
110
449
815
1041
449
449
339
84
2565
84
84
449
784
1403
423
4799
1180
82
275
117
964
231
849
1375
153
231
153
1305
231
22983
4154
1149
231
231
317
231
231
231
2040
1071
994
153
994
729
153
153
132
283
22
863
816
1524
118
897
887
432
432
465
1073
464
59
224
59
108
745
228
108
1626
1964
1964
121
510
121
153
153
153
1330
562
41
277
411
1015
745
619
471
754
24
7263
32
157
1353
67
1310
67
2056
571
326
770
96
96
605
1047
96
177
1544
3707
2707
876
1115
1327
1327
3650
2774
2774
605
605
2958
579
4531
805
1772
2891
579
421
1427
579
4254
1404
705
3626
1734
656
656
138
656
16173
81
99
379
11723
1562
600
5460
1085
235
235
235
301
235
1103
3618
1994
276
276
11105
276
493
1092
46262
418
239
239
153
264
264
487
1800
1297
926
114
114
114
1297
114
119
890
119
119
196
119
1548
932
5908
464
34
128
34
34
330
740
11153
644
834
1258
1349
28687
644
1409
644
332
332
90
3130
119
599
11095
83
2417
2784
1369
877
87
241
405
241
1005
1307
10677
375
1219
375
375
925
925
268
1330
816
1696
371
816
394
354
354
401
401
137
401
31
925
31
31
212
628
994
1143
819
31
46
299
214
251
46
46
504
504
961
1375
214
46
381
59
213
1194
213
1445
24386
59
872
45
213
45
88
929
929
356
1291
88
34
34
134
1632
2134
3625
1148
2898
2597
368
117
278
3185
627
278
2944
627
391
94
460
460
1792
276
276
276
458
458
1844
1934
304
304
304
199
573
40
1443
3378
1806
2182
22
729
637
953
2401
240
649
563
706
10
258
125
125
125
125
3912
125
1172
125
1421
709
2661
315
271
398
398
271
398
704
166
315
315
2505
122
211
1426
320
1892
2343
867
867
2538
315
713
713
855
440
956
217
2257
210
5823
210
56
924
56
1177
397
92
7668
1160
182
360
3117
360
360
360
210
395
395
360
315
395
360
82
913
913
82
1236
3522
82
1055
800
913
2075
913
789
114
3436
1748
166
166
585
753
1748
1098
585
585
585
539
422
422
634
159
63
1687
15
2930
351
835
3532
727
727
1084
727
3244
1211
621
2119
120
735
735
379
1375
1788
379
2387
69
69
43320
594
1302
764
466
7706
918
259
2034
2034
999
1377
657
170
9203
1981
856
722
95
3871
601
558
558
1286
21
1507
21
21
327
108
839
839
1
2436
1
4679
1
276
276
276
276
793
8149
276
860
221
94
20588
114
221
114
458
22124
1690
806
458
176
176
1088
1276
458
842
842
613
410
1911
852
869
1018
10206
410
11374
159
476
159
809
453
159
332
453
416
517
416
416
608
109
119
381
24
24
1035
119
952
940
277
267
2404
5386
388
4315
761
2668
327
1953
327
2858
214
1569
326
1622
1569
160
5568
2385
301
943
161
3039
5568
105
4228
105
1131
599
937
3785
337
992
337
2012
106
106
297
106
2012
106
106
1152
106
106
478
875
868
38
1782
1123
576
107
80
1374
238
196
264
13767
100
100
38
435
55
349
1926
100
463
162
100
210
162
499
752
2210
407
407
407
968
565
100
195
1410
565
565
100
100
409
278
928
455
278
278
195
455
455
597
1034
1048
1745
1471
9089
1471
23872
1203
34
560
144
709
1359
144
603
34
1210
34
135
135
135
354
583
2319
954
2578
60
749
60
1815
1341
1440
1141
1815
100
2075
39
714
30
827
30
1084
827
714
73
73
714
266
1105
1084
266
266
576
1542
334
11884
468
3307
24
346
20
141
602
336
175
920
920
336
112
112
336
1722
2861
618
618
6740
311
2212
4373
8405
36
730
3639
113
873
258
258
1191
177
1874
177
1874
748
177
3795
315
315
196
196
510
80
198
80
198
198
1523
276
128
111
788
642
642
436
3517
2290
199
199
872
1147
507
1129
507
1987
75
188
75
4105
967
17981
75
3399
1309
377
2361
1996
2062
377
51045
89
21
704
89
89
222
89
9323
2293
89
22595
311
1065
1142
544
544
825
673
373
825
673
499
1795
1334
1334
2459
3083
10976
315
898
651
145
145
145
145
299
651
145
651
678
537
146
113
113
566
1570
11195
862
2174
673
499
1959
2957
373
197
197
21
197
21
128
21
21
429
192
1925
61
1603
632
594
719
94
548
373
1224
266
1540
195
195
195
928
568
568
195
55
287
55
64
55
94
55
305
214
214
214
773
750
522
1477
522
1265
1139
1890
92
15
1735
370
83
676
1049
676
16439
548
875
875
1881
972
929
40507
4967
5
354
120
155
348
114
1634
1634
722
6229
1503
950
1760
829
385
4814
385
385
385
358
202
930
551
1992
4193
2681
551
551
3818
1727
930
930
358
358
134
288
288
7558
4305
358
134
37317
3277
511
526
494
134
206
225
262
4908
620
1293
108
108
108
2062
1062
3870
108
217
696
224
311
83
1995
7018
388
80
659
1079
3251
938
152
2296
2296
1419
1076
721
1356
286
1136
760
3106
26
1920
26
673
41768
647
14471
28
864
3848
3890
18
907
120
94
864
1761
647
18
1110
444
444
605
18
2045
2113
18
3093
2
2
624
2024
120
120
64
396
396
491
491
18
1
2610
273
133
120
1513
409
200
1712
661
583
317
26
667
171
18
1917
1806
2226
3599
683
683
375
957
375
409
1468
683
683
415
471
415
275
680
275
275
105
397
105
680
105
105
293
1010
1664
293
293
952
723
253
952
26057
384
1011
591
118
413
4438
824
1549
2586
187
130
536
1553
130
1229
742
604
693
151
39
151
364
151
39
298
39
364
298
476
130
39
3585
2024
426
426
114
114
114
1652
1652
1178
167
2414
7868
3535
7991
167
827
2978
30
778
1009
29
886
29
738
1099
738
575
575
191
502
191
1070
227
3363
191
191
227
1057
741
227
116
1191
227
1423
227
951
786
1495
939
1898
731
430
203
1640
205
205
1290
367
585
2532
2543
2543
1117
80
250
570
250
570
250
79
79
79
1608
469
9
9
2710
9
45
1793
9
101
45
4085
45
45
193
422
193
933
1
1197
1926
778
1
267
787
2445
690
788
1622
1231
788
687
1622
345
345
345
735
723
948
43
46171
345
1594
345
1361
927
63342
909
948
6199
82935
968
300
835
1217
1438
135
149
7910
1320
885
3768
1320
2677
1320
440
799
1943
440
515
515
2429
388
64
219
64
1018
64
64
583
583
123
656
19
19
19
19
805
11105
135
329
5951
760
656
2092
212
25
25
229
218
883
872
851
1799
2131
631
329
656
3888
883
7208
3326
150
150
2266
1247
5397
224
1981
8940
100
3148
478
3118
482
39
39
104485
747
65
65
65
65
2925
232
609
253
608
608
1390
8644
268
2813
611
611
1160
11
13678
145
145
145
182
182
418
418
418
418
8131
244
9096
658
18158
47
486
281
655
59
244
521
640
6968
521
943
996
309
2919
1065
945
1065
601
931
78
78
320
2052
2474
1909
842
12146
840
1663
241
241
720
241
640
640
483
7
5164
2600
235
243
235
945
968
945
243
32
319
32
32
56
56
11
1104
1309
11
3778
1986
4443
307
307
116
488
1792
1685
33
5265
116
203
1851
212
33
166
331
331
88
88
794
88
746
217
88
217
217
1158
1622
117
158
561
158
2452
19
5393
235
187
88
947
19
143
88
143
1038
338
1530
1530
1530
204
183
183
595
187
2582
187
88
838
88
645
151
402
64
187
202
139
40
40
830
803
979
1426
1442
47
211
47
412
412
155
412
499
97
97
412
3039
495
230
1158
572
613
734
630
269
196
196
1379
150
196
2711
1092
630
187
737
210
2634
737
564
23
937
1725
201
201
201
2890
234
234
234
423
1587
1114
1114
3424
752
612
234
557
4254
885
319
1261
319
29370
411
411
497
177
201
319
827
248
609
1457
1037
58
852
3003
58
1138
29
2965
359
101
359
566
392
2584
592
592
592
790
1239
1239
156
156
294
787
703
6017
216
1176
238
355
1581
813
216
1310
238
238
8908
149
216
3051
864
149
149
173
1775
7400
2228
231
1669
238
173
231
628
415
1333
2760
173
1458
173
517
1458
58
58
3613
58
603
13
209
37
374
845
4726
1158
2042
1615
392
392
355
355
65
880
314
201
1247
800
45
45
1086
1184
56
1053
327
176
976
125
58
498
1352
179
632
632
88
3044
399
88
88
135
135
88
88
1838
135
1688
612
460
1252
181
1622
1277
1865
1622
1865
4611
89
705
661
1725
1725
7080
1481
3897
1262
2737
1262
10330
865
865
2706
4367
720
132
111
785
668
1366
57747
399
181
1499
1423
395
1855
395
1687
472
528
217
147
591
953
499
773
74
773
773
131
160
844
844
656
97
16568
333
433
651
1855
22204
378
378
640
131
878
4866
642
643
643
642
1690
501
1363
2337
324
126
126
869
532
532
532
1640
558
701
1104
172
322
322
428
6484
550
916
916
848
916
526
307
767
767
2957
680
680
2250
272
17734
272
1424
470
438
63
10146
745
339
548
45
39506
11
227
7544
139
45
1735
139
230
230
139
15
17987
893
893
25191
15
15
1129
336
17454
1882
6869
191
4552
558
648
1140
45
22
1200
20
12887
1084
9
923
923
9
19655
9
650
1819
468
503
9
928
468
198
6268
9
9
1134
104
648
336
543
104
3554
30
46
1099
607
2353
46
46
23
149
5
5
5
97
155
89
587
13211
711
173
3519
149
149
209
679
713
77
713
713
50384
1523
662
662
5724
1475
744
610
1088
447
447
740
129
129
129
447
129
4148
931
931
1228
272
630
9379
897
9712
8
1301
417
153
153
306
1113
306
306
284
455
691
447
455
455
1076
1076
363
429
2414
441
642
2706
7106
12158
220
17
226
358
1262
629
629
693
693
4292
367
629
96
96
903
96
693
581
714
231
399
991
343
1967
2633
444
2775
1567
444
944
444
4936
86
209
184
9864
990
10798
142
14361
142
158
13994
1304
831
491
935
334
414
334
792
125
312
131
1479
69
1786
69
69
248
2113
69
416
1479
202
125
125
4
4
451
4
4
125
575
997
652
744
154
1645
168
154
316
374
513
216
216
316
1476
2381
2597
1817
988
559
2594
2381
3303
559
988
768
412
512
2381
614
503
97
97
923
1078
1708
485
485
2742
134
24555
134
1673
14612
2553
2583
8414
616
1548
1548
616
4252
1308
178
3700
378
447
82
949
82
82
173
25
79
79
79
1184
250
645
3184
370
381
1065
87
87
87
87
87
309
1120
1120
2674
2674
2850
309
309
2217
1841
1022
309
3843
193
193
63
63
1013
1013
89
529
967
1052
292
1571
292
292
1122
1122
7636
265
265
4045
265
612
99
356
4045
356
1573
11038
72127
504
92
677
546
1713
6259
86
857
593
1165
559
2078
10194
4405
33
3313
46
893
316
316
316
46
46
316
1400
6178
981
417
660
1366
1366
2503
2470
3739
901
4747
13
483
309
1469
692
1065
2568
2484
32
1912
32
334
1912
381
381
502
381
1237
2243
1264
120
120
753
1589
305
719
86
109
305
707
305
305
86
86
3689
815
986
2220
253
397
1116
828
728
830
136
856
620
20799
820
136
293
1257
1754
202
188
22
56
663
4523
663
840
162
930
89
258
89
89
1340
4235
1691
1115
2096
5586
1373
174
1373
2096
1791
22
348
566
566
162
28968
350
2136
100
100
100
604
100
100
100
100
100
162
975
1806
100
100
1151
3174
1806
4106
8364
405
1598
1746
2242
18259
1333
2744
4896
410
493
493
2006
493
851
770
81
1943
141
81
81
307
275
100
1636
100
947
947
504
593
958
690
674
1957
266
539
1703
19
1368
574
507
507
1722
827
7561
779
357
507
187
540
433
433
460
186
332
37
1079
1079
1079
3282
947
73
496
73
37
433
73
1258
555
399
73
146
100
73
1441
100
1116
947
849
706
937
464
585
480
508
416
1238
5368
29804
1586
1425
470
470
470
1123
1395
576
488
362
833
641
586
866
815
586
2569
1879
344
760
183
2183
344
2671
996
56
335
2154
4179
387
187
978
2065
999
1590
519
765
519
7169
667
765
1158
8
8
2438
2421
276
3054
214
214
276
167
558
305
547
768
768
1133
454
201
2656
21
2656
213
213
219
213
213
213
117
711
1172
936
1635
187
1635
303
239
419
239
1068
1068
239
613
9255
33
33
90
952
2414
189
334
2580
1443
301
92
156
33
7458
3527
6992
116
1555
506
1430
840
1751
389
389
475
1751
389
389
389
77
828
446
77
515
233
6
6
963
963
2053
1751
1739
745
1022
1751
801
801
2669
20526
1219
1913
3910
1751
272
1184
293
209
1717
110722
293
716
209
823
2107
209
1477
1067
3526
2289
68
325
325
310
308
620
58
339
6884
69
617
622
254
69
2544
1108
89
79
3045
79
225
4202
1439
1005
622
284
175
622
24898
50
542
887
175
753
74
884
868
884
74
1038
801
152
267
152
263
2832
620
286
267
152
267
267
152
358
3294
205
744
205
205
205
154
4243
205
147
448
1205
217
239
217
147
184
147
890
621
1550
1008
754
11386
1741
754
718
718
824
2504
824
718
754
100
100
433
37
217
52
3250
15
15
52
5
1629
728
5
37
1223
1713
1674
358
358
358
358
12494
576
107
217
1441
668
668
222
222
1643
1441
79
1067
1748
1748
3017
1441
1441
792
483
792
792
483
792
389
848
56
56
1296
190
190
26891
190
81
81
81
81
2252
2218
3066
228
1024
34188
170
8659
915
1012
1012
4323
284
1693
198
37
37
37
865
4852
304
937
369
2258
1675
351
63262
2121
351
8
23
1744
23
23
8585
23
10376
475
700
6071
840
81
237
1724
369
562
7772
1731
887
1396
136
369
581
174
174
970
3257
1129
608
1421
285
285
1028
1150
121
187
123
981
187
187
123
371
221
221
285
221
221
42
42
284
233
284
42
233
109
233
233
109
109
42
42
42
42
42
42
142
1376
1223
340
340
356
340
542
1685
57
1029
2186
57
2038
276
3490
1729
920
1260
504
57
57
152
657
686
657
321
281
1242
418
1023
39
361
321
997
232
3409
833
2771
556
302
2094
73
1681
1999
1088
231
231
231
2858
236
1019
4724
437
1383
236
346
346
118
1828
1855
501
3963
3234
56
56
56
40
56
220
220
4213
6
2266
379
379
1004
944
738
738
1792
738
296
13211
296
296
132
426
15482
167
167
1636
1003
911
1509
190
237
664
1926
237
2899
684
190
791
420
420
767
595
738
60
1314
96
1121
1867
631
631
248
2054
2054
608
260
2569
2447
1609
1609
1609
1069
39
12562
815
322
2132
546
448
751
220
133
322
322
6
1594
322
781
297
28
28
28
492
242
972
266
8725
414
50
6
83
6
259
949
296
2505
2505
670
1304
670
529
8
1084
529
8
78
78
133
670
836
1715
836
836
836
836
7945
1806
2234
836
2891
597
860
597
597
619
2299
192
192
350
779
1258
2424
12636
705
2604
881
118
3903
447
183
5175
118
437
59
118
198
372
4275
198
59
191
705
1553
106
1007
1007
1400
45688
825
825
192
192
192
500
436
1562
436
5392
1045
1427
1360
316
1236
667
638
291
10220
1481
391
11558
975
6821
2707
6821
286
759
2754
2754
13757
6521
570
217
212
570
217
570
1181
704
704
2112
2112
215
1892
1468
174
174
215
215
666
930
972
234
1449
12082
957
476
476
88
811
1956
204
204
6
726
1300
2734
1010
561
256
13
326
3731
3040
2050
2880
291
943
1242
2025
1440
2093
2093
892
418
438
242
242
2603
2038
1065
2803
3191
438
1007
1007
935
935
438
190
3957
438
979
141
116
116
116
116
116
9298
44
119
783
3236
137
255
137
643
650
452
181
332
129
129
2598
539
2349
28
1592
946
1479
2911
1671
931
628
75
96103
84
242
1901
659
671
671
44
44
266
744
20
20
20
503
503
503
531
538
267
5619
1876
28
28
1079
364
992
364
1281
364
1604
548
2151
201
1041
752
107
1168
1908
1242
2211
3241
259
9552
813
1305
1305
259
733
226
790
226
790
790
733
299
957
733
299
508
605
1512
2040
505
257
257
957
255
565
284
144
144
144
2229
144
255
859
1092
149
99
341
201
341
956
184
149
255
149
22971
149
890
819
123
527
266
266
1540
266
68896
138
1540
266
2372
138
2082
11
1019
11
688
11
11
540
5614
5614
138
384
1084
598
1453
266
1150
2337
613
684
922
2830
613
613
2182
1241
1696
1696
384
310
310
343
343
776
343
343
115
1308
62
188
384
529
365
484
484
818
925
16415
1570
245
2151
1094
994
1370
917
483
994
886
886
1634
540
186
186
204
373
545
187
627
627
627
3407
327
6284
4735
504
712
504
504
589
157
607
378
2926
5
5
1280
5
5
5
1781
1026
2940
805
805
805
458
1235
1919
146
146
1840
3036
121
458
3876
146
699
135
135
4445
399
399
3185
1655
616
944
143
143
143
660
422
51
1690
51
143
51
2618
57
19
51
422
2595
98
98
654
4418
98
98
290
400
6927
4628
5
278
278
1014
547
8
8
8
361
402
56
87
1070
12
415
12
404
905
905
1756
794
211
2792
67
566
2936
1856
555
3419
26401
2652
3204
799
968
3975
432
432
432
986
986
2207
12221
771
2765
488
473
664
680
464
2301
1617
3484
3267
65
65
1120
65
680
1120
1051
307
1
1
10441
509
2035
29874
434
457
65
722
843
1068
434
124
443
722
65
2465
1696
768
35
3996
394
416
429
429
534
1449
801
2383
2020
848
2422
3293
2358
1617
14
14
9637
2831
29976
203
315
751
751
4221
824
14031
2830
434
727
5758
3650
193
193
309
105
793
541
2633
11038
5160
750
1692
1189
247
1692
416
1040
901
333
1040
333
333
247
1125
333
611
611
2604
5555
226
3814
533
36
36
1711
911
14610
294
382
294
294
121
121
121
209
209
209
396
3231
399
1656
506
506
10
10
987
187
111
220
1311
207
31
1068
779
2008
2008
57599
1080
1079
2397
439
289
4109
341
2023
2023
2023
341
289
289
316
144
931
3629
719
2016
1706
118
823
202
47
1555
2139
47
335
47
318
675
335
919
320
67
67
162
1743
67
4
4
14
14
349
4
320
120
1388
120
120
1414
399
399
400
399
11044
492
3197
18
399
394
400
7
386
400
1528
246
246
246
246
246
246
290
3
290
2862
3
897
3
3
486
3
486
23
852
1227
417
417
1524
350
806
3519
81443
263
2541
263
502
825
302
503
804
10197
416
536
415
187
1031
300
3117
1591
1
991
410
1
1
410
828
26
198
198
25261
1399
196
196
710
710
710
2206
10591
544
157
5647
157
383
298
1703
298
1017
298
5731
575
3440
1273
1273
1836
1757
352447
1429
260
1754
647
312
1435
10002
312
292
538
71
467
787
196
6822
1325
196
200
30493
1138
1969
2601
5419
267
267
1205
1391
7649
380
340
4453
572
385
1391
385
417
71
283
2057
1885
417
283
1737
1214
27
99
145
12
268
807
811
357
223
12
1061
12
12
220
114
979
2154
821
6297
1964
53
2155
795
795
462
1206
53
6002
53
53
26
26
60
26
2107
373
294
780
350
294
786
2088
8270
1466
2532
3315
1715
26
361
3592
1283
589
589
275
2137
1393
2137
827
1611
835
1611
1611
589
275
589
470
620
937
2080
716
5506
1428
716
3903
2393
2033
476
264
264
235
1206
106
1437
568
796
500
109
718
769
1656
2538
334
1007
1788
869
39
524
39
39
1709
508
351
351
457
729
20
835
130
1051
20
20
20
20
20
529
559
569
569
118
118
118
480
6873
572
4742
607
7701
607
335
1052
607
335
988
349
607
2546
365
705
1670
5146
257
257
760
660
660
257
2004
45
4638
770
770
500
865
1256
698
953
146
641
1692
1183
6024
446
446
3035
897
897
897
3918
125
608
2096
608
1329
448
1288
1422
475
1247
2116
3338
1303
3524
221
1123
16011
543
543
307
268
381
74
819
213
819
1667
193
543
543
193
543
543
199
5823
541
22
7794
1011
265
207
850
967
274
1019
274
197
274
1055
1238
19410
260
376
2064
376
260
1959
260
1626
3538
4485
221
375
3257
276
1654
2327
1151
375
6768
221
375
3747
221
375
120
16953
103
496
1564
106
2241
6623
498
1375
355
355
355
355
61
1375
61
212
61
212
1100
229
212
61
126
272
1170
174
2088
337
337
11997
1146
1159
724
1635
3154
813
5656
3759
92
92
6336
92
3383
525
525
1011
1586
3322
2090
2686
2686
2686
4084
4561
11791
147
147
1147
28
25601
840
8753
927
541
541
628
410
400
410
410
97
83
676
723
256
256
768
5190
708
708
256
115
256
1003
748
8464
748
110
203
203
203
1081
398
203
1081
592
1563
2292
475
405
475
3069
3461
865
865
2279
1078
51
1265
35
35
35
35
945
3598
1253
3930
117
1253
1791
613
816
1253
117
816
816
382
59360
1877
405
356
7
382
109
7
7
263
536
549
302
1023
596
893
1316
394
187
126
126
187
187
1380
126
346
187
771
138
126
669
5776
1932
3909
456
1495
106
1495
1495
146
219
943
4014
121
121
845
845
845
845
912
5066
1963
11398
1774
2791
1253
1990
745
14875
601
2622
2622
383
106
383
4268
211
129
129
809
3639
2277
408
1394
1394
432
307
5971
307
307
2861
307
143
143
203
203
384
316
525
2254
806
316
316
4132
2799
1007
57
280
280
144
231
231
280
231
231
825
825
541
541
218
218
2652
2008
633
842
549
282
5880
282
500
282
384
384
952
1067
1809
821
2315
1067
1067
964
1838
821
821
137
118
137
118
270
863
575
3549
731
575
575
1341
970
970
970
1553
2087
2726
145
2726
74
560
560
560
461
1753
397
227
227
270
227
13
148
351
1327
989
151
738
1663
10140
779
2722
11784
3112
148
57
846
1878
145
881
41765
2146
2521
145
1981
1981
32546
204
9048
243
135
204
243
8
5772
243
500
8
243
243
8
8
8
8
769
769
3
1052
945
171
939
728
1675
1173
469
1173
2
2
2
928
184
237
28
399
2896
399
534
392
649
489
1959
267
1848
889
267
844
496
421
421
68
68
68
68
197
606
161
679
3465
594
178
178
178
727
437
218
640
218
1021
478
4421
1517
320
196
196
64
196
196
64
196
761
196
2989
607
974
3499
974
875
607
283
195
283
195
232
159
159
809
3764
1083
65
65
590
65
65
65
2610
34964
1290
3714
923
6333
1445
46
1120
1616
46
46
522
485
522
291
522
8917
291
10198
325
141
141
141
141
1260
807
5411
901
1413
187
499
117
664
117
693
187
1416
774
117
803
2550
929
5934
121
762
518
55
518
61
441
61
441
419
495
6393
1171
4200
988
441
441
1914
825
682
2328
59
682
682
59
59
2992
682
2328
682
626
381
381
682
9840
2298
16554
29
661
59
29
59
368
59
29
117
833
945
1075
945
945
1091
2588
3330
486
2058
537
537
166
323
3318
234
725
1502
53
834
1040
463
648
1185
2232
5595
1297
1459
505
1958
3919
954
806
1331
772
2744
874
2424
780
1376
2605
416
1376
617
617
617
956
956
1707
3521
956
374
3933
3923
303
820
262
461
262
262
266
765
299
1346
76
38570
1514
7
25
25
327
1522
578
578
327
25
1517
965
1945
25
14511
7045
110436
435
1980
221
435
4779
426
90
8
8
8
8
258
1056
46
45951
46
548
1072
261
229
935
478
435
1232
821
897
821
1499
2373
669
1323
669
743
534
705
40172
299
638
984
749
11086
8745
2
2
2
1073
910
462
546
1206
1206
218
797
319
971
319
40
40
156
40
271
54
54
423
4938
156
462
3989
661
2678
534
1830
434
434
6551
6568
434
621
894
1830
621
331
601
601
1057
104112
8850
1432
7959
1286
1286
108
108
679
338
338
338
213
213
213
1457
832
213
5250
953
1604
1604
773
1
681
762
781
110
1989
377
340
340
848
729
1394
1394
870
747
1500
870
941
677
1336
1022
1272
404
1336
4798
729
677
2997
620
1579
470
4928
1199
677
600
106734
600
1556
600
1349
323
600
326
326
360
99
99
28299
99
1186
6325
1540
171
1330
171
5351
472
1826
3210
3210
3201
573
91
1378
1378
2510
1944
1036
90
90
90
3473
391
90
496
472
472
472
643
712
1134
228
150
150
150
1009
150
612
3028
95
1782
150
968
181
637
37
37
687
181
892
748
443
443
443
252
583
399
252
1608
1173
252
130
130
252
130
147
866
147
130
1512
3318
339
339
130
130
130
130
525
525
2051
130
1279
525
4993
34
379
302
34
220
34
150
221
646
1931
2630
1931
15
683
202
479
479
4712
479
844
483
483
3416
786
3567
993
280
214
42043
280
214
282
171
261
261
214
7527
214
96
135
59
59
59
59
1520
945
1120
560
369
369
1081
556
1255
70
1297
374
2146
2146
70
135
559
559
454
232
454
559
232
1227
70
297
483
70
102
102
102
282
48
229
1131
282
6
8577
1751
968
1465
214
753
130
130
130
445
44119
57318
445
445
693
282
967
3627
1378
217
1868
838
1868
1868
4563
497
4276
1868
664
664
26
642
1619
7682
456
311
731
453
107
107
1765
1046
11092
1182
1415
1415
1046
1182
384
1046
22222
438
3313
1914
703
1683
703
794
1620
2727
3687
35
1620
35
35
722
1917
1007
13310
7208
7208
238
2045
159
159
426
776
138
7585
102
102
1328
138
668
1336
102
15
4970
102
395
325
325
5807
1598
588
194
135
4103
1105
1207
194
17
295
7690
244
9
542
9
295
970
500
1265
1056
666
970
1180
732
1195
75
58
58
58
58
2337
807
119
119
119
119
119
728
113
1020
839
1136
332
454
409
135
1481
1310
2541
737
4964
1725
6204
877
2376
6825
3223
3624
1059
95
2714
476
5365
5135
1260
1260
5722
1088
671
1525
1710
4446
754
161
1442
76
76
529
3834
230
370
3
529
3
3
1005
810
1648
804
287
2536
372
62
501
372
501
385
385
1346
1074
2155
1346
1074
1485
18724
2019
168
168
168
382
263
287
1079
1079
1079
1910
763
763
763
203
969
707
65
1147
1147
674
654
831
1187
65
1435
566
357
593
1781
4593
4389
1359
470
608
431
1724
645
645
1106
873
1746
2011
27196
362
1136
2648
939
939
536
10166
802
1251
166
328
671
166
3283
166
680
1301
2320
213
1387
1190
1659
516
1015
671
1015
1015
237
237
237
237
277
4005
321
1183
202
321
951
951
339
1000
1000
951
1320
266
3015
3015
266
1787
1955
2195
931
2631
5109
931
931
60
278
278
24
3919
24
1082
827
1161
3132
239
5079
1217
149
1040
327
888
681
1955
399
132
132
3603
399
3509
10409
2143
55
150
55
47
150
858
150
10596
47
1675
862
185
185
1133
334
6028
334
4461
2648
2648
47
523
293
293
293
299
711
4462
313
3124
3513
743
893
1818
1667
151
266
207
1713
354
266
916
3332
3427
195
354
354
214
214
618
24
4194
24
618
24
24
5550
13865
24
132
3319
1008
132
303829
912
712
59
59
912
132
306
654
431
136
825
429
431
358
784
928
431
93
136
93
1332
3353
2659
39
1048
92
771
533
136
533
26
646
1146
2738
74
2060
665
269
2007
306
924
2850
1494
394
394
269
269
378
19
242
585
417
1903
269
7699
845
19
681
195
167
112
112
259
195
195
1595
631
631
978
195
484
232
43
569
232
232
232
232
232
1668
80
404
82
82
82
4190
2929
924
444
1881
1580
195
72
642
1430
853
1944
107
107
1238
107
107
166
107
1084
166
132
104
132
770
104
2364
1961
3868
192
192
176
8436
176
5133
899
166
1489
2717
5385
436
252
1079
2072
411
956
1660
164
17
17
164
360
17
610
426
880
3364
102
102
102
285
1671
285
231
285
1180
1818
9865
3891
1547
1547
676
922
2384
840
445
142
1365
457
457
865
28
753
553
1412
468
468
16340
992
512
512
8359
70
70
70
2871
543
1279
2493
91
91
2871
1279
611
17
17
1226
1226
1814
3612
405
800
800
800
627
800
22180
347
1120
1120
361
1198
361
207
207
207
207
6649
110
77
77
1134
220
8976
364
2134
235
736
736
870
1879
736
1478
1478
759
202
202
4741
379
202
35
491
35
395
173
1394
54660
133
2092
1510
133
308
2673
35
35
35
35
324
98
98
1213
936
35
35
35
441
5699
1314
1547
769
7286
298
3369
2167
410
918
762
1780
122
2354
144
144
61
144
144
144
61
801
61
1323
61
1608
1608
1608
2133
2682
2133
87
1255
122
102792
122
476
42
1560
3490
19
224
190
5298
67
835
440
440
749
340
2006
2006
1737
264
2795
249
249
6716
17924
1128
3599
345
1113
1673
25941
1804
918
611
3267
183
31
1517
6031
7266
1074
1517
2343
200
5093
48
733
236
1920
8437
1622
2026
20679
1475
1475
709
2002
30
993
709
266
4710
25
664
25
1282
25
108
44536
108
25
1714
264
95
836
3404
34
681
805
103
805
103
42
42
655
1778
2700
575
811
1034
2090
1379
3315
2090
1666
34970
1931
1666
234
904
792
792
312
478
483
52
5
136
5
5
79
909
515
515
783
107
566
783
874
1391
1391
1528
1528
452
452
9820
460
701
623
284
284
284
496
284
768
551
2356
284
769
769
284
640
640
2
1083
2
565
2
605
349
1540
947
6347
776
280
279
279
100
100
394
396
956
396
396
839
839
384
169
837
230
230
2956
169
169
55
36708
169
1493
953
587
937
587
587
961
3265
450
648
401
401
763
2008
467
1733
31
122
122
698
203
8293
203
1278
1319
1960
569
5412
299
363
363
311
646
1714
5794
898
898
898
898
299
44
44
44
539
794
363
2662
393
1963
5259
156
292
1758
420
420
7365
100
1345
100
50
89
3980
623
623
623
1342
5409
3715
607
100
278
467
14279
1020
1070
98
98
98
101
101
2344
101
8831
336
101
1383
863
363
363
4281
474
7983
863
863
2177
336
336
875
374
138
35
1069
11507
969
1707
1675
791
50
50
50
335
4091
469
264
264
139
264
363
2452
232
264
844
412
295
295
295
295
673
5368
947
92
92
92
2036
1091
2950
1399
934
872
520
1248
520
367
367
2016
91
1764
1764
492
44
44
492
492
2408
153
171
1254
492
16450
1051
1022
31266
2764
307
281
190
1211
52
900
900
418
581
52
612
137
326500
52
317
7600
8189
319
2189
510
751
20334
70
191
423
191
191
191
191
191
996
513
19214
647
1387
1126
30
30
30
30
813
1628
376
845
561
240350
2504
15180
848
254
254
254
121
848
2274
121
2712
132
3131
220
106
106
220
6767
158
340
340
340
439
298
235
1476
1476
1972
2182
1338
1338
1338
168
2146
2846
20377
408
408
260
260
260
590
987
409
2010
1134
1637
4186
1637
931
832
452
6207
581
1640
452
452
7255
872
752
752
872
3512
107
1218
586
1218
554
107
2895
6101
943
642
1143
1310
846
849
1863
1855
853
786
1863
1414
654
680
712
74410
2290
226
11473
160
221
221
780
685
513
837
1631
710
300
300
513
692
387
981
325
4861
13377
1891
17046
2388
246
3720
1721
658
273
1788
1780
1788
808
58828
52
52
16264
865
28
973
956
2002
7800
33642
4313
808
8294
2129
484
72
72
568
1843
807
1539
3432
1851
4307
11230
12892
10
851
206
265
2342
7875
206
11558
206
561
561
2408
68819
4047
619
4868
619
376
376
444
444
481
444
117
1619
117
117
17
17
17
630
3284
3650
453
453
453
1728
1427
1427
1728
824
785
2087
1997
380
1930
1930
1525
576
1525
1619
693
1582
381
2869
1519
443
844
510
510
17
17
2661
981
981
586
586
586
586
292
10344
288
1191
1191
27488
331
12982
462
1614
900
3284
1142
1142
5060
1529
157
947
14000
509
14000
1853
1096
118
118
118
155
2890
2249
1560
226
454
1736
1651
813
11829
371
371
2409
978
51014
767
18379
1160
2409
5659
2200
1190
507
1417
1529
661
1406
936
1406
5155
123
671
671
267
29
2491
829
600
600
323
323
470
340
345
784
106
1548
846
504
946
353
917
372
1809
300
1525
689
1626
1626
1666
4149
580
222
222
240
105
769
17553
358
358
3584
591
171
1322
1322
181
181
6808
181
551
16879
2283
976
186
148
147
551
1812
2301
598
11
11
1853
11
691
22
189
465
189
723
723
920
1385
40
566
566
2154
1034
694
121
2128
47
2490
90
1131
1131
238
1560
51
238
1560
238
732
732
324
238
238
178
316
178
238
1168
353
42
8507
238
245
245
800
245
20
1082
245
800
20
645
20
20
488
891
585
414
942
517
942
664
43
517
239
942
43
43
13911
736
153
153
320
1696
613
300
3035
672
516
1457
561
1532
4040
561
1093
1564
495
389
800
4262
941
438
438
438
8204
936
596
578
1414
619
1414
1502
1765
488
488
488
157
488
157
20272
282
24
282
24
159
945
2311
2190
945
28
28
867
622
1384
663
1118
663
586
586
1118
663
586
1082
56
448
448
456
81
869
43
1268
81
180
457
56
619
619
334
431
1335
2361
1175
7715
386
386
386
159
1946
13554
1417
834
1417
366
1417
386
834
243
243
122
386
310
200
2535
200
434
325
462
395
553
165
1944
2594
335
165
346
359
936
1804
669
1178
10
136
3532
1191
2002
35
1101
25
1684
1133
340
153
159
69
340
340
246
246
97
1311
455
455
2470
828
707
80
585
82
246
7631
249
291
3506
2484
832
2536
673
502
502
412
1560
96
96
1849
1292
3406
848
1292
1560
54
504
54
69
54
54
475
22500
1513
86
3218
86
538
538
97
97
504
762
544
1077
1024
1999
1269
5500
890
2390
386
1238
386
620
386
339
448
1397
136
944
3908
454
1365
264
174
184
174
1172
184
194
3671
194
667
4130
779
779
743
743
856
1442
2495
2636
611
1005
1599
1136
102
102
351
102
102
169
169
1806
3551
996
359
996
1729
2118
777
777
777
4063
789
174
6206
1163
208
1163
1163
174
754
174
208
6438
208
1325
1437
208
1437
823
1047
722
477
48
17
15950
722
403
145
505
119
2431
119
146
169
2242
440
176
4137
325
631
631
631
4592
667
667
1
1
1651
1651
367
141
483
4592
141
483
483
807
1672
807
1649
112
1665
1670
112
1670
4191
1420
112
141
1649
967
363
32387
1056
708
187
900
601
112
601
661
4142
339
3593
98
98
395
98
73
192
73
1653
887
73
700
74
763
897
1784
74
4152
371
74
1613
267
267
16785
181
2708
934
923
267
267
267
759
759
5809
888
5389
267
377
252
970
258
3198
988
5394
252
252
2528
400
921
4173
221
1932
3173
1043
115
115
115
1373
115
4415
1582
1582
1582
2138
4415
2120
368
3757
112
723
943
238
427
427
660
660
370
370
10858
587
370
587
370
1091
370
981
6426
38596
2977
211
1720
4473
