500 1000 500
725 327 263 750 767 137 886 177 110 823 262 205 773 266 882 219 183 251 260 49 929 82 743 990 950 721 634 5 696 416 333 600 222 642 777 663 857 456 227 354 923 788 337 819 690 9 17 207 817 441 374 814 233 847 803 161 934 22 157 979 188 769 844 675 484 821 75 562 73 692 929 952 16 891 463 587 391 742 378 843 525 203 931 55 667 380 221 556 265 889 158 688 508 5 82 226 743 432 645 12 367 877 784 875 564 868 390 446 404 379 959 806 618 329 676 429 223 595 307 826 48 898 334 699 841 604 407 132 855 26 559 992 540 643 392 820 135 903 527 132 498 895 254 105 568 826 240 696 974 539 414 713 849 609 498 525 145 575 683 993 677 69 472 883 399 454 88 275 993 629 866 628 360 97 496 771 8 688 609 327 1000 91 94 449 399 31 357 782 462 524 741 202 920 313 466 408 833 71 410 751 331 660 750 255 614 163 117 557 32 355 653 899 459 965 403 291 583 82 430 29 608 892 455 711 993 652 203 533 272 156 932 481 36 61 180 740 269 332 124 774 666 713 133 163 825 704 669 519 523 971 892 931 477 256 127 191 535 967 4 562 462 135 199 561 388 113 277 220 339 676 423 527 326 403 857 744 881 916 651 204 194 587 40 327 743 950 566 875 810 354 237 440 459 102 491 502 900 310 975 239 459 99 492 408 891 977 57 209 420 345 383 907 572 496 522 465 926 448 387 250 10 893 693 287 861 915 592 680 707 598 635 980 730 873 12 32 169 739 316 231 848 800 935 979 794 788 106 699 552 285 104 829 560 577 518 630 46 29 21 960 409 903 432 499 106 335 399 576 896 906 340 121 583 383 44 565 387 694 911 323 463 596 267 148 507 612 206 102 773 35 571 230 535 67 968 29 618 883 573 471 969 212 951 904 353 103 717 64 111 965 715 505 347 351 701 534 363 728 910 278 507 823 466 633 540 449 657 210 74 54 958 638 979 307 326 172 965 264 236 133 118 803 644 590 898 349 894 804 801 795 366 375 95 344 738 874 272 321 804 321 59 913 945 556 446 821 760 996 771 3 79 988 257 319 411 26 894 454 678 333 188 671 662 712 161 686 851 912 579 475 601 515 4 658 199 730 587 604 439 17 
54 399
231 332
145 303
383 436
386 434
13 485
52 194
309 322
233 374
309 464
202 346
120 324
153 323
188 352
9 183
318 397
255 326
429 448
361 461
120 282
7 49
186 202
118 386
109 137
237 480
83 305
272 356
103 136
27 466
272 445
16 105
24 160
71 236
33 418
130 495
216 447
231 467
114 482
36 482
92 348
5 282
150 432
177 190
286 340
53 189
99 345
64 376
362 370
430 499
137 185
23 102
301 337
440 453
93 205
389 434
279 492
53 248
437 454
123 443
80 447
110 283
208 454
271 482
40 257
11 107
300 456
173 401
265 330
4 298
279 456
410 414
385 400
3 383
131 479
31 251
105 283
34 231
161 176
82 189
37 465
259 271
108 168
176 353
197 199
312 316
20 351
85 294
73 220
36 315
119 141
149 262
136 208
137 375
81 119
282 373
27 313
174 417
205 497
187 270
402 422
134 186
31 165
150 229
382 478
117 261
127 260
53 477
38 96
66 440
384 389
200 204
298 460
176 262
407 440
16 260
86 108
84 247
34 466
175 294
144 209
158 372
207 398
196 359
58 425
196 263
74 266
363 371
19 213
357 464
14 269
126 308
65 315
116 287
44 483
222 373
43 279
143 329
346 367
344 468
79 266
311 417
229 412
71 291
246 485
126 273
147 229
291 348
188 330
82 191
12 71
10 414
304 382
108 250
209 403
405 407
149 354
259 321
184 298
21 306
111 407
246 463
19 237
436 461
27 442
62 141
477 493
298 391
134 189
5 102
189 201
25 71
148 282
132 492
1 459
193 208
163 222
190 239
120 422
54 342
216 440
73 184
333 415
58 251
291 345
180 212
179 286
224 274
29 205
33 186
384 481
369 473
13 336
140 247
172 443
316 420
201 490
272 405
39 500
174 363
157 366
92 400
210 272
7 379
33 336
74 151
156 159
326 416
89 96
94 220
3 147
142 485
11 44
180 405
2 423
403 480
212 498
187 340
171 445
209 293
334 400
179 308
113 348
13 367
40 462
30 223
109 206
164 486
21 162
91 385
34 248
34 356
167 445
195 370
354 439
2 74
58 280
103 353
287 313
239 402
51 79
298 466
215 361
117 186
117 423
253 274
153 324
233 282
40 403
91 193
78 133
205 435
81 482
143 354
94 344
91 227
149 247
63 378
76 310
133 360
51 298
7 14
78 365
30 95
68 375
77 192
250 372
226 447
165 346
141 207
181 418
278 306
230 455
111 220
337 358
53 184
390 436
65 322
67 267
46 186
238 372
96 390
243 461
358 405
111 206
376 484
323 447
2 22
34 310
274 309
169 345
318 376
124 128
189 275
320 480
55 401
59 416
246 332
107 393
30 112
218 385
155 171
279 352
296 302
229 317
122 373
120 263
189 247
71 95
9 227
192 396
395 472
384 403
58 435
218 292
118 337
7 282
6 414
113 313
178 463
324 369
14 296
6 257
75 336
148 184
147 380
28 375
381 453
384 480
64 101
362 366
206 479
118 438
334 356
387 434
243 426
222 258
196 380
283 430
73 103
28 283
157 186
196 245
181 266
174 303
181 450
358 421
341 459
275 300
261 297
231 383
2 268
229 331
83 208
93 460
326 444
304 386
129 432
87 373
42 127
241 491
315 458
4 405
215 323
189 358
236 394
313 442
114 135
201 215
83 205
135 461
132 138
34 247
328 415
96 154
141 432
110 112
323 363
40 188
170 482
100 366
147 202
194 339
367 418
173 351
44 77
282 399
325 374
311 418
144 376
68 487
97 312
91 445
15 291
249 290
64 105
384 402
137 239
16 205
286 381
442 447
107 306
163 210
63 163
149 448
52 189
62 387
89 182
159 168
150 333
5 235
99 226
116 406
64 110
19 104
2 324
233 469
113 356
344 491
139 450
242 308
324 500
75 355
200 500
168 266
207 266
25 430
243 265
190 261
122 303
6 65
139 468
141 150
5 194
325 326
44 239
266 477
51 321
228 402
264 345
109 421
285 363
179 353
220 488
14 327
59 318
70 319
49 179
136 305
122 344
357 417
426 443
115 442
273 354
217 383
133 390
127 419
88 431
298 391
183 378
187 299
324 409
186 477
324 500
182 245
437 495
89 486
365 424
343 359
251 457
75 149
15 132
269 405
270 434
304 487
26 90
86 126
248 321
104 397
144 256
400 422
20 457
121 369
9 154
18 366
137 245
270 340
119 173
16 83
144 433
355 417
56 471
403 431
159 410
218 330
269 341
226 230
8 81
222 494
23 463
308 455
