2000 2000 102
417 1308
419 1308
419 1307
419 1307
417 1308
418 1306
418 1307
419 1307
418 1308
419 1308
418 1307
417 1308
417 1306
417 1306
417 1306
419 1308
418 1307
417 1306
417 1306
418 1308
417 1308
419 1308
418 1308
419 1308
418 1307
419 1306
418 1307
417 1308
419 1307
419 1307
419 1308
418 1307
419 1307
418 1307
417 1308
418 1308
417 1307
418 1307
418 1306
419 1307
418 1307
419 1307
418 1307
418 1307
418 1307
417 1308
419 1306
417 1308
419 1308
418...
Output
417 1308
419 1308
419 1307
418 1307
416 1308
418 1306
417 1307
419 1306
418 1308
419 1309
416 1307
417 1309
417 1306
416 1306
417 1305
418 1309
418 1305
415 1306
416 1305
418 1310
415 1308
419 1310
416 1309
419 1305
415 1307
419 1304
418 1304
417 1310
419 1303
419 1311
418 1311
414 1307
417 1304
418 1303
414 1308
415 1309
413 1307
414 1306
415 1305
419 1302
416 1304
419 1312
416 1310
417 1303
417 1311
413 1308
418 1302
414 1309
418 1312
415 1310
416 1311
