10000 1000 1000
496 731 392 866
488 348
25 719
365 653
670 897
712 419
938 429
239 785
554 634
318 834
173 397
49 101
798 751
262 274
680 241
100 94
957 519
302 218
972 882
107 767
143 111
995 310
341 757
23 695
136 463
347 549
272 3
625 95
163 396
505 820
275 610
118 343
461 361
410 108
2 255
76 614
358 106
240 209
816 361
435 837
829 386
38 877
336 951
171 229
968 565
328 332
92 94
22 28
117 515
279 210
313 671
755 700
1 311
383 468
138 236
669 930
364 288
358 309
98 226
781 325
121 355
472 885
713 861
533 509
544 234
481 981
771 717
542 34
876 682
440 92
465 515
864 988
35 694
398 562
488 352
951 45
782 959
39 367
157 772
291 40
224 809
642 667
434 887
494 366
287 507
218 634
619 223
99 775
434 453
431 338
733 555
518 440
285 636
774 435
705 964
265 170
941 39
421 428
607 967
926 83
806 259
29 680
466 205
330 62
623 118
586 696
247 379
832 551
244 842
693 312
980 755
60 894
880 736
928 618
288 337
965 623
83 48
938 566
477 986
826 420
483 483
995 167
335 583
395 793
130 704
308 834
368 861
669 108
659 641
834 794
776 892
217 621
592 683
346 803
571 183
517 312
13 448
640 515
701 958
463 501
121 388
99 952
964 361
172 540
610 620
15 688
655 321
654 721
369 958
659 936
641 88
524 691
425 305
555 674
290 57
80 221
631 910
746 838
28 800
386 55
209 104
724 567
461 682
381 204
603 119
71 55
322 102
797 772
319 976
632 446
499 188
411 36
491 673
518 864
836 235
116 184
17 55
365 727
41 38
246 873
739 572
825 55
44 688
261 706
287 762
356 47
661 776
796 967
158 331
195 861
335 265
123 364
194 865
361 319
232 598
16 577
95 509
515 50
245 629
861 600
840 811
380 832
670 29
515 327
376 647
941 717
887 930
445 443
360 718
236 775
427 240
570 347
255 684
879 383
691 928
598 674
98 751
767 812
789 647
197 488
952 141
416 600
73 872
962 490
214 300
75 194
933 570
208 195
456 597
377 709
286 636
520 709
593 520
609 322
87 549
360 55
425 264
971 205
410 604
552 52
472 216
466 731
518 256
50 318
612 708
960 419
452 330
840 9
178 241
222 975
945 849
93 987
303 178
843 853
63 897
71 385
186 323
943 132
807 851
944 830
676 638
373 234
213 873
63 693
23 128
330 254
242 117
537 443
452 286
200 935
718 819
280 460
230 993
873 251
734 188
867 817
466 79
565 780
620 953
994 497
785 209
281 184
689 607
177 816
191 844
577 106
342 823
441 504
761 306
466 733
686 413
12 417
586 645
127 646
426 173
694 648
576 175
875 680
596 195
267 243
141 966
760 153
362 37
239 393
657 141
762 65
28 334
179 820
967 194
411 695
317 312
661 239
504 586
738 801
689 275
980 794
788 873
512 344
138 480
57 863
61 79
627 663
618 541
405 851
657 178
810 814
523 80
780 587
673 286
284 258
55 539
372 6
0 248
843 728
225 834
314 633
194 431
679 151
542 277
727 325
187 373
719 641
731 666
366 765
367 210
858 351
69 243
985 138
415 957
278 136
578 38
206 274
413 60
252 204
978 533
840 462
528 391
943 575
972 358
932 297
524 485
630 88
931 32
560 660
122 30
456 26
882 449
868 913
933 327
239 971
650 102
993 543
368 278
719 391
481 218
16 88
504 882
434 262
598 534
97 557
631 608
66 803
534 555
419 359
604 213
755 267
744 826
306 310
741 797
519 675
393 71
622 692
523 644
385 199
738 78
361 796
159 381
206 820
937 770
459 918
498 652
152 306
754 370
293 339
604 303
98 179
884 947
509 260
259 341
657 167
615 178
475 460
241 801
502 622
662 559
564 994
324 37
411 866
104 512
864 535
919 920
301 592
367 900
882 758
286 613
76 586
941 794
895 835
673 490
780 159
147 621
164 18
361 986
525 621
991 996
571 582
374 826
934 718
952 348
759 12
936 231
433 463
950 742
950 822
743 314
763 627
810 167
430 899
866 379
412 287
399 590
248 77
133 294
556 703
953 6
661 729
475 931
910 898
789 486
568 653
801 309
222 216
571 655
931 295
91 221
282 264
889 621
701 977
645 116
786 725
82 231
610 157
274 847
995 35
510 792
253 482
90 735
773 739
538 127
982 551
926 551
26 739
137 634
666 481
758 962
217 42
436 540
180 186
309 421
398 612
153 867
538 352
502 510
536 552
413 458
596 264
532 796
27 48
450 15
265 595
981 624
390 577
450 144
924 406
246 39
626 673
818 781
83 681
392 951
574 726
712 122
594 526
731 773
539 35
391 847
53 399
864 97
663 668
126 329
308 689
465 343
298 168
810 528
413 347
145 643
533 257
258 852
499 327
202 897
248 794
859 181
918 871
256 945
87 131
224 316
293 578
438 660
545 259
820 897
676 615
683 497
226 942
827 706
619 317
799 532
118 876
231 95
335 97
747 223
27 741
218 606
854 479
89 170
92 224
553 722
569 886
3 492
510 209
741 433
978 230
882 939
605 100
833 323
157 583
663 83
663 375
927 336
845 516
228 110
415 631
470 699
647 946
558 811
716 901
740 744
236 504
538 998
113 476
743 21
839 40
907 842
25 114
3 262
505 559
171 915
265 213
430 371
208 168
573 812
396 309
485 962
547 403
400 108
469 947
563 306
15 221
125 829
7 116
468 539
876 927
158 434
289 536
466 996
706 712
343 520
292 868
448 53
235 224
467 411
98 818
815 574
414 598
497 574
788 412
502 521
26 306
583 622
494 983
26 559
976 496
593 32
583 744
618 644
622 153
139 812
578 842
570 359
150 481
579 317
889 941
717 690
133 753
902 774
284 389
263 500
571 337
913 866
762 198
484 913
28 541
654 965
354 107
490 150
947 942
735 990
866 755
399 368
590 613
819 494
66 120
370 268
81 340
485 928
852 428
347 8
903 999
18 311
700 171
264 744
144 302
196 65
552 68
30 532
986 793
977 571
994 855
38 85
484 255
908 661
364 594
863 161
241 2
463 150
419 669
198 685
61 4
991 301
912 18
858 785
742 788
603 613
399 134
310 195
957 332
389 417
820 147
459 866
239 281
101 534
18 92
633 558
286 124
385 786
620 875
218 339
134 539
190 244
102 686
869 652
337 500
14 370
68 769
873 35
538 179
812 100
336 496
64 238
640 455
777 227
990 67
942 766
224 783
202 855
264 257
884 488
859 868
919 141
853 680
825 230
235 298
617 882
840 593
281 783
987 524
714 881
507 89
144 214
806 976
437 994
960 453
282 752
725 841
802 166
562 569
841 267
329 933
910 879
861 790
463 94
778 691
816 412
22 716
815 807
108 886
787 777
276 943
667 431
355 478
972 556
875 221
784 795
313 977
552 600
384 741
521 22
175 594
131 693
293 448
31 215
25 868
412 967
430 51
160 191
784 712
755 83
740 866
89 388
661 90
378 34
659 2
764 349
216 665
511 487
538 218
826 122
96 565
402 593
238 609
621 763
491 181
862 549
600 137
51 363
104 539
110 438
163 955
555 319
124 541
152 702
466 693
2 297
888 502
370 188
535 883
625 502
430 43
75 538
239 75
591 121
566 1
58 809
628 453
636 969
804 228
900 455
933 137
783 298
179 182
973 104
125 833
809 829
49 558
357 908
620 956
884 807
657 773
790 252
331 690
792 671
546 585
835 365
727 23
929 460
584 599
612 610
65 906
562 643
933 222
768 988
166 218
994 972
252 166
652 850
843 548
309 282
786 923
419 601
502 20
265 254
105 181
32 683
86 277
732 670
348 992
227 32
52 79
626 682
688 864
545 363
816 756
151 463
624 72
992 190
859 857
449 406
506 225
945 764
65 945
25 271
119 414
761 24
633 163
397 239
674 697
878 189
803 876
946 973
451 492
555 105
324 235
147 674
929 65
323 377
564 44
398 48
223 914
632 253
983 341
383 645
435 518
976 127
159 244
40 581
92 256
815 151
72 683
642 333
929 934
920 831
252 848
353 399
271 970
137 327
949 909
871 226
269 640
906 504
67 538
401 960
217 13
41 660
189 56
749 20
710 653
55 989
737 977
420 243
149 765
45 881
894 799
435 443
761 921
180 916
159 839
859 578
576 67
475 289
209 611
886 489
503 614
411 727
938 64
375 413
535 197
9 737
988 606
946 65
976 123
761 870
296 852
974 495
296 537
315 795
273 947
201 921
195 80
791 212
580 913
724 50
423 964
937 634
872 155
483 963
155 961
877 230
759 980
186 941
681 355
992 271
852 407
279 330
468 455
232 422
413 121
32 206
508 547
82 142
858 863
334 827
551 751
153 542
972 925
921 268
552 448
312 446
825 355
459 177
475 441
353 458
29 877
104 617
934 333
550 59
428 450
929 926
996 678
256 972
922 244
468 763
682 673
81 498
291 266
824 432
679 601
760 513
290 556
289 387
85 793
781 532
360 197
712 799
879 518
333 673
692 332
175 35
777 859
771 734
815 942
60 954
488 868
852 578
303 648
701 399
27 482
415 720
875 662
840 489
996 193
297 794
458 920
616 185
803 276
773 179
577 718
162 221
923 643
468 522
578 151
350 238
695 977
828 914
663 325
981 538
370 787
658 422
989 935
662 126
926 731
299 633
149 972
22 794
765 843
458 669
349 707
534 665
590 630
878 484
806 350
726 707
443 659
855 158
494 5
507 518
164 259
426 45
631 550
658 872
995 288
95 176
108 878
539 199
451 820
399 175
317 188
510 477
989 824
636 574
461 388
566 214
288 32
569 805
509 26
800 571
411 958
152 996
867 565
370 111
580 15
137 907
684 759
601 955
273 9
929 705
203 295
249 444
935 485
208 320
125 398
775 842
638 225
163 410
766 490
409 683
366 596
460 930
613 194
419 613
39 227
799 3
984 981
728 34
694 343
243 598
496 324
567 831
510 164
347 337
765 899
681 999
707 874
63 160
981 916
223 348
25 109
620 932
735 964
695 17
506 902
229 843
452 24
456 741
949 723
156 333
30 236
543 776
516 320
210 559
797 923
145 800
537 687
116 52
881 732
518 676
967 989
271 359
565 827
131 528
33 258
211 78
784 862
234 202
140 844
796 85
726 658
436 471
889 25
516 819
898 345
292 630
849 338
675 863
111 531
514 156
314 163
87 630
608 281
275 252
462 547
866 183
455 683
634 946
613 29
516 533
461 72
68 877
565 76
157 143
674 441
855 704
914 476
737 641
796 416
773 685
876 251
342 707
663 311
53 275
292 65
891 95
140 164
707 873
184 777
600 388
771 410
737 556
413 600
794 596
302 428
905 816
791 184
586 118
489 851
407 597
518 544
208 639
190 209
34 940
916 352
982 174
974 699
252 12
941 594
872 51
122 518
27 810
806 993
718 901
797 790
405 515
247 128
279 292
748 972
946 736
344 156
374 799
554 629
241 542
71 493
216 228
357 538
259 307
788 95
341 139
649 674
559 222
252 98
105 392
900 350
485 106
376 60
971 280
918 694
249 866
518 968
521 783
239 503
721 747
244 521
897 89
329 461
434 991
825 620
88 963
19 914
710 219
597 737
415 574
993 764
662 932
379 364
191 568
215 158
686 216
903 522
319 659
675 773
469 920
231 788
486 715
134 55
26 208
843 648
217 948
398 860
14 375
752 64
123 759
538 357
545 378
80 876
461 157
336 110
236 130
884 768
434 951
643 278
389 340
739 38
485 153
499 789
720 151
800 706
483 440
955 715
452 437
735 878
211 390
549 448
86 549
943 285
286 186
725 965
838 953
712 821
14 854
573 286
204 955
837 844
432 320
888 320
550 803
380 719
362 67
379 840
849 404
252 497
237 710
896 840
384 214
594 602
178 530
20 999
379 39
696 998
163 346
411 763
79 95
893 705
230 528
658 749
359 291
642 383
767 116
343 378
69 607
207 528
675 520
427 363
245 295
673 854
387 368
693 824
442 347
322 884
765 407
652 630
165 641
292 920
450 185
355 553
797 424
737 176
832 973
130 542
0 947
935 409
362 581
638 916
508 289
41 718
998 629
378 71
179 87
781 202
571 796
707 732
2 828
287 219
189 353
444 795
106 377
390 13
223 727
322 254
384 717
613 828
666 682
925 401
911 882
668 770
596 836
488 519
914 182
785 576
771 631
137 471
366 782
827 570
8 334
859 64
279 933
157 741
972 157
835 965
830 302
438 760
222 415
225 963
741 546
839 110
752 150
601 660
29 417
194 57
497 183
192 147
780 892
253 486
66 629
915 54
564 914
173 248
511 534
795 252
418 674
720 989
777 303
723 986
678 218
615 492
50 372
798 377
453 28
481 106
168 268
909 69
126 707
767 577
392 377
433 290
469 447
786 72
732 248
686 683
915 164
443 409
858 120
345 118
562 235
96 175
628 658
275 902
991 851
987 942
710 837
571 329
828 469
211 623
988 207
64 736
626 753
25 632
363 28
514 492
986 569
364 286
998 484
159 513
88 748
599 94
841 752
545 491
118 480
946 195
432 89
114 87
591 692
71 776
992 86
4 919
724 347
361 483
427 191
226 428
705 914
500 608
283 647
156 813
737 654
332 460
529 691
214 272
393 485
971 838
213 46
736 211
741 468
741 197
282 643
219 837
202 184
614 459
865 891
228 919
302 138
120 875
877 147
121 555
987 862
503 757
977 579
351 871
760 923
979 416
239 392
467 951
931 926
458 245
675 784
994 938
149 485
436 719
51 42
580 270
750 457
342 861
988 371
766 823
514 75
963 404
767 981
939 477
700 991
857 907
439 702
243 531
753 988
260 170
565 552
150 405
64 432
630 466
143 292
653 636
539 110
491 693
113 659
334 460
525 670
574 462
821 879
780 140
918 407
585 299
475 889
625 966
663 812
780 812
220 523
267 176
461 215
96 635
847 446
405 529
139 613
20 453
48 334
848 724
330 855
939 433
422 945
296 155
822 729
529 121
122 516
513 202
792 587
825 574
520 486
704 712
557 634
340 680
731 730
714 232
265 661
730 667
79 216
768 556
446 338
745 887
84 300
531 77
196 321
457 133
90 107
104 944
694 100
299 514
837 822
242 510
766 436
849 555
589 193
431 424
279 757
557 68
955 847
393 312
876 767
121 983
178 343
51 352
147 807
995 400
33 623
328 320
709 865
430 426
870 982
499 266
336 995
320 332
464 208
737 580
701 809
768 772
97 155
521 493
97 500
208 461
914 752
606 672
91 34
199 546
945 296
45 876
813 855
480 753
167 395
28 354
811 346
878 938
691 736
680 536
677 352
490 121
648 612
266 174
619 781
485 85
764 925
462 517
970 230
412 410
599 7
153 125
624 942
639 609
983 517
728 300
148 10
967 417
466 129
513 402
347 966
460 75
435 504
35 548
754 451
906 161
187 748
774 936
223 33
230 420
179 828
721 746
988 115
542 223
263 552
404 72
851 12
429 356
573 195
966 638
708 834
719 248
845 993
655 533
214 577
697 216
184 415
733 287
147 846
709 172
151 840
754 439
499 858
793 447
599 950
635 833
624 407
69 721
665 848
815 202
394 48
467 634
516 654
128 238
919 69
102 454
87 235
326 764
223 745
261 579
574 738
917 187
681 785
390 745
872 822
102 780
994 203
757 361
298 150
358 190
143 607
481 898
43 928
118 869
596 302
320 660
952 213
281 133
38 23
664 615
763 147
822 637
605 725
43 187
699 910
651 816
535 268
213 938
501 927
545 950
109 604
469 228
454 877
889 192
918 317
327 234
245 202
197 943
935 24
932 763
549 428
963 89
582 535
684 943
271 603
187 278
258 796
941 761
71 860
710 111
273 896
919 421
297 578
389 936
436 547
663 127
984 923
451 520
586 414
699 571
905 911
564 449
562 561
6 239
602 70
567 290
319 741
231 58
951 832
914 495
231 776
134 810
42 512
525 818
599 782
437 222
173 887
921 409
425 846
894 202
955 895
757 725
37 377
402 329
951 187
135 524
723 116
599 515
614 176
274 407
947 727
672 744
675 18
999 592
124 644
158 43
538 632
315 81
20 0
936 501
166 504
424 733
759 225
543 717
442 653
870 776
412 396
561 710
969 753
335 514
911 581
148 700
154 421
713 474
497 252
699 102
712 190
358 62
484 497
382 775
465 688
257 656
388 13
784 403
279 644
434 85
352 778
27 743
822 929
468 825
347 359
314 474
352 639
511 542
158 984
462 582
492 557
939 372
938 729
336 378
862 159
459 30
427 222
516 555
753 507
260 916
838 349
936 33
651 212
624 53
991 650
56 424
939 12
767 335
106 123
380 254
727 93
752 408
97 57
391 966
19 310
666 118
916 103
861 437
846 207
130 44
403 715
503 329
547 719
975 735
698 27
311 751
283 656
566 289
96 520
277 505
833 514
877 540
230 354
903 263
732 743
34 29
782 24
319 247
945 521
837 80
557 763
405 491
252 854
390 291
521 956
76 547
530 662
871 964
951 972
718 143
199 280
440 425
660 231
596 160
105 820
817 939
898 961
341 407
741 164
786 459
617 83
943 445
6 178
429 311
76 267
953 232
73 6
604 97
522 501
87 679
1 659
46 420
911 922
423 115
373 597
819 999
839 619
821 133
979 773
95 513
880 399
630 872
624 816
834 75
698 13
675 136
138 207
324 656
622 973
857 629
939 914
356 863
525 863
845 617
629 600
954 985
344 155
827 358
240 278
804 280
409 201
287 628
875 414
115 123
897 651
89 909
464 386
837 668
790 174
3 439
297 183
135 669
923 434
321 848
516 370
815 881
288 395
611 711
160 64
320 831
446 699
845 470
737 324
121 775
643 562
581 311
424 701
282 520
272 364
992 319
509 603
472 118
476 987
621 756
454 40
299 708
153 518
803 800
467 520
871 625
544 115
828 788
304 518
820 394
797 550
277 819
155 195
776 747
382 120
805 681
143 560
468 117
884 684
72 662
641 459
409 371
839 313
489 48
759 892
510 453
261 756
53 35
77 170
405 79
631 958
781 102
446 544
511 733
562 277
776 553
989 232
856 959
82 474
495 735
295 666
851 211
450 827
183 369
223 740
926 85
864 254
608 88
760 775
240 620
81 494
274 702
249 949
977 485
274 44
280 249
769 401
349 980
602 524
959 21
728 340
734 393
538 527
277 581
346 661
300 230
486 883
384 780
779 289
17 116
392 974
473 985
842 132
740 924
95 960
601 972
863 362
823 148
193 815
396 465
543 814
5 189
6 502
584 918
365 172
764 1
398 271
62 272
914 440
137 925
818 322
10 418
168 661
9 334
0 699
760 599
688 857
489 867
140 266
505 561
553 781
32 862
888 167
852 984
902 740
789 496
504 150
791 665
101 253
38 703
503 632
812 574
845 360
747 67
675 216
515 49
216 754
375 652
841 137
210 847
529 309
855 735
303 72
723 338
935 894
792 339
600 999
215 816
847 294
539 691
591 17
469 184
389 466
295 256
592 409
0 519
127 47
889 246
534 602
485 38
533 99
982 50
951 461
353 837
688 225
905 167
940 521
240 973
120 806
274 581
543 294
133 326
787 488
793 366
814 120
823 70
134 408
848 720
936 212
436 482
454 259
621 242
937 764
45 338
483 180
276 695
654 308
476 5
471 675
78 419
703 73
235 452
167 105
572 32
160 737
704 522
303 47
846 300
512 743
317 843
74 740
597 522
207 830
642 283
548 524
992 586
919 738
516 962
442 850
736 198
810 585
577 730
384 490
995 967
123 326
233 605
849 431
138 913
562 336
97 550
849 668
926 922
358 909
52 172
398 323
264 980
14 514
863 755
202 13
79 257
262 177
85 591
433 131
693 703
329 724
234 891
795 560
624 456
690 250
659 204
111 422
103 282
449 652
346 119
850 832
163 588
466 316
399 680
365 274
709 273
945 140
637 841
546 303
981 21
352 620
563 923
683 315
158 129
389 288
684 93
485 504
860 695
757 133
507 259
732 657
134 699
175 426
572 126
318 101
45 532
53 879
156 568
871 567
295 152
471 887
293 786
167 377
244 895
361 576
124 547
993 646
795 489
471 619
554 728
140 590
758 913
675 633
473 983
108 821
102 483
674 741
657 11
549 371
322 889
569 821
601 701
432 828
881 727
443 391
884 821
569 240
450 678
625 963
989 735
282 907
894 843
299 780
355 949
735 922
603 526
138 470
749 196
263 286
844 528
721 581
284 486
229 24
37 983
614 986
665 189
157 407
463 179
786 888
89 361
525 139
477 32
753 596
161 428
347 747
899 480
462 204
165 775
102 841
455 22
563 230
665 965
198 782
155 850
312 321
735 315
953 177
690 12
170 476
557 306
627 653
740 535
273 209
442 282
955 360
929 781
293 907
602 987
743 428
597 276
74 337
694 24
143 921
948 528
2 509
795 680
382 796
81 383
786 968
920 793
352 667
932 607
887 641
687 33
55 821
121 630
421 952
965 689
142 878
485 836
781 146
393 680
172 962
162 197
742 553
897 603
988 622
33 894
547 647
23 263
300 926
509 844
738 675
814 655
356 534
229 850
698 235
215 153
620 126
360 609
533 773
771 279
251 62
356 817
79 830
639 542
116 516
814 573
600 224
529 980
383 588
924 897
834 792
751 114
599 345
331 255
396 9
320 182
470 864
379 440
516 649
175 844
977 560
486 206
209 413
566 575
246 582
389 394
93 996
739 771
388 459
571 106
439 872
443 362
866 752
248 727
407 330
825 287
443 120
234 556
80 732
696 822
687 910
509 816
779 493
837 924
808 903
22 112
489 290
166 651
727 313
917 141
933 998
232 71
708 336
596 776
755 486
58 419
637 528
967 738
837 787
78 701
981 950
148 947
769 982
925 630
334 836
227 991
211 575
315 791
802 727
527 20
704 973
800 365
409 241
118 545
276 195
980 503
243 252
534 729
153 451
998 134
664 374
386 506
356 90
505 972
275 739
66 209
725 297
610 889
747 558
223 752
177 792
953 269
525 890
967 642
454 881
883 449
774 551
880 266
153 173
274 554
132 702
761 59
35 500
851 980
119 672
914 979
592 36
193 408
882 670
869 288
683 995
522 427
385 353
501 923
45 756
994 484
42 357
622 89
604 68
805 211
30 313
592 267
7 520
757 788
331 468
939 459
572 832
627 420
371 167
627 909
101 130
668 885
449 418
316 158
654 167
3 732
367 535
90 660
381 38
235 308
169 147
943 115
446 467
35 365
960 780
987 492
862 673
54 831
373 458
793 825
793 109
805 727
307 660
684 520
351 129
627 926
896 795
100 862
626 839
489 102
634 535
803 504
423 203
26 332
38 122
687 723
450 962
591 622
716 291
378 900
287 763
357 335
173 756
669 996
240 12
390 508
926 459
836 498
772 655
936 517
704 689
4 668
825 773
915 201
538 178
700 660
739 36
767 940
822 27
893 512
966 481
734 22
932 933
693 509
567 166
471 890
294 562
31 710
264 60
7 909
731 533
743 222
311 408
599 767
888 354
599 503
357 124
929 978
503 561
909 254
309 769
658 413
974 758
244 887
756 556
468 814
424 869
170 286
407 638
900 527
545 190
748 349
406 46
274 782
39 718
408 624
497 127
489 141
73 424
981 81
185 573
304 957
870 984
27 543
31 598
458 287
403 39
35 25
353 293
221 862
575 680
393 221
665 725
945 664
569 161
568 990
76 895
201 370
389 557
483 479
991 755
293 452
173 399
779 922
715 843
970 644
358 791
573 151
329 197
285 558
566 792
76 221
826 374
588 556
628 468
25 661
450 517
735 450
46 452
25 266
679 276
582 255
499 165
83 211
650 996
787 649
634 15
800 687
714 679
522 879
864 89
887 548
172 185
865 834
504 437
47 910
704 549
37 681
363 509
561 940
312 256
825 669
528 677
844 959
351 556
119 525
284 105
374 412
854 593
870 194
674 759
248 468
909 105
665 439
218 127
165 549
954 379
967 322
327 377
849 456
88 335
259 820
106 810
205 130
963 65
85 653
430 3
824 562
721 396
89 281
859 287
268 838
418 315
527 60
607 452
327 520
120 843
511 592
309 186
969 744
838 357
688 167
987 630
689 599
389 60
638 702
164 165
785 550
230 42
188 71
751 399
280 18
0 583
108 441
321 918
340 211
586 935
988 508
654 538
773 959
443 915
379 204
850 773
881 847
281 842
342 906
578 912
273 715
834 294
256 854
366 22
400 437
991 352
741 907
303 224
131 871
937 625
678 86
323 566
945 586
421 289
306 787
155 940
165 83
589 918
444 12
259 911
223 920
952 836
180 742
946 699
163 565
742 732
924 429
966 410
651 559
273 356
426 687
100 939
56 520
425 624
669 97
686 529
361 998
901 579
599 610
366 864
470 356
920 657
48 440
873 410
677 91
268 559
249 20
87 892
445 648
462 612
972 308
264 186
636 106
713 37
229 181
804 704
537 103
731 49
989 247
803 58
165 388
729 826
141 425
121 258
453 977
710 829
82 366
259 498
508 553
485 73
503 106
921 49
249 96
768 390
393 3
169 663
348 700
52 373
647 895
10 593
81 621
908 678
119 76
514 459
536 50
266 429
414 978
24 254
678 220
491 426
204 753
942 157
174 686
456 935
87 19
477 736
490 407
904 872
471 676
505 88
783 301
111 336
99 982
74 225
44 413
990 916
909 656
934 438
100 853
568 147
43 606
817 444
336 355
747 526
177 323
240 722
558 356
771 134
462 992
505 454
443 215
212 918
960 467
160 822
253 379
566 405
464 645
992 354
20 700
431 314
537 915
240 126
103 913
464 109
378 105
283 828
938 223
237 89
967 716
113 917
980 784
970 784
121 206
291 812
922 344
232 893
481 402
996 760
329 153
623 511
333 5
644 603
789 434
974 40
608 550
566 685
508 806
89 711
947 813
175 570
287 550
384 346
428 281
894 260
598 846
30 545
320 782
156 845
640 57
59 255
396 622
594 5
553 352
882 424
801 468
90 973
161 314
45 572
314 224
571 735
104 654
669 837
694 861
834 632
748 197
56 137
775 682
217 955
125 504
667 746
262 377
171 810
799 731
470 407
11 73
288 819
531 646
736 972
708 53
221 798
599 532
105 599
673 937
612 722
29 157
762 599
591 430
129 90
137 857
21 570
269 741
8 40
47 369
5 487
661 126
90 287
731 895
775 848
374 633
586 103
880 638
235 798
692 454
589 485
199 945
46 462
160 61
941 921
564 863
312 180
331 901
755 780
516 973
803 368
886 407
394 808
830 998
589 279
760 309
229 217
919 957
753 560
230 653
778 49
394 866
421 80
566 212
906 963
513 340
903 767
596 979
190 947
732 251
143 570
2 304
740 423
114 880
898 853
298 351
91 908
786 87
118 392
232 419
943 155
170 402
291 706
787 355
792 555
665 825
938 560
776 889
468 680
438 81
827 434
216 630
461 444
614 588
140 931
38 402
332 373
999 327
449 744
496 741
809 202
323 813
525 173
590 750
324 576
89 86
58 572
401 423
971 872
821 923
447 539
67 834
713 439
690 583
229 260
726 611
438 213
676 293
611 522
126 822
293 696
245 258
160 105
209 543
686 561
777 221
105 66
743 47
711 768
997 367
831 351
257 358
717 699
888 866
893 328
544 134
737 369
23 57
396 210
368 577
736 144
946 457
461 164
428 680
213 692
425 850
828 848
900 535
830 717
430 410
784 336
454 731
574 758
915 415
921 970
930 997
420 102
705 640
980 708
540 39
939 760
919 939
344 202
0 674
921 103
579 656
945 326
438 376
24 718
703 510
58 436
864 218
492 514
723 282
50 343
373 293
949 651
559 710
608 276
76 32
485 198
846 433
930 50
630 296
993 525
107 132
420 639
307 252
907 69
655 125
521 810
670 323
506 735
215 939
426 563
76 966
849 306
108 746
202 354
767 437
866 548
352 941
965 637
363 586
138 616
318 761
511 245
751 327
734 536
457 686
263 767
148 462
109 730
102 735
29 308
371 892
729 771
377 895
668 174
7 225
708 781
721 704
637 21
779 252
586 793
790 786
855 475
52 313
59 142
220 3
593 212
253 385
686 512
173 730
378 206
125 858
561 159
730 469
805 993
838 996
61 821
178 923
446 550
704 244
242 489
616 132
801 741
205 255
47 224
422 309
792 35
857 721
367 165
704 382
988 695
299 997
74 123
193 149
266 494
865 304
169 771
984 748
364 206
672 613
750 826
862 327
734 774
914 486
50 586
795 635
661 681
26 50
173 590
754 310
368 204
889 633
541 261
840 51
874 87
432 912
602 934
183 962
1 288
926 90
370 113
204 644
727 264
18 891
588 443
735 8
533 322
43 763
60 87
854 678
755 292
264 358
795 84
992 512
655 862
547 81
74 549
491 908
536 64
232 80
20 567
285 494
838 282
112 271
249 687
999 656
921 230
852 105
133 615
339 350
738 614
291 964
948 61
24 661
463 580
925 294
177 26
927 611
596 95
996 687
788 675
554 203
669 109
469 367
948 672
228 851
649 97
351 616
451 631
444 743
263 602
625 321
251 289
617 545
895 800
418 614
912 91
199 352
361 681
968 422
470 450
405 58
977 555
871 966
482 821
408 680
581 318
938 667
649 661
47 152
534 983
26 944
171 868
344 432
634 48
338 894
455 137
473 203
272 732
181 465
968 449
454 794
102 90
366 129
302 22
418 419
162 187
206 567
264 50
363 930
860 62
651 81
761 86
65 707
861 479
322 671
525 429
387 866
316 756
38 689
442 719
832 193
579 368
611 311
505 90
511 412
440 891
605 238
539 445
947 482
766 324
991 101
963 947
203 622
472 825
891 119
440 774
861 211
299 8
206 305
724 409
154 750
787 657
883 707
120 584
514 74
101 507
803 653
702 999
168 494
844 997
209 877
547 502
302 760
975 16
762 544
232 851
862 887
440 676
84 666
494 190
6 547
21 521
999 75
676 395
589 861
630 78
405 578
955 94
198 227
345 454
412 861
63 87
893 47
207 698
567 634
383 968
348 723
373 68
842 10
374 162
143 168
526 245
106 876
158 948
255 820
765 688
783 245
758 197
834 687
564 123
544 54
485 826
968 28
688 975
646 598
544 610
590 487
75 467
537 726
44 311
642 125
26 92
962 254
967 893
23 597
156 307
911 798
365 122
997 795
673 69
107 91
862 230
552 322
896 498
394 781
386 78
365 41
612 948
421 738
99 476
232 54
87 543
217 606
305 503
416 290
648 482
381 936
817 913
195 886
153 592
764 581
59 233
211 976
794 598
693 845
15 15
27 99
63 194
331 802
185 490
127 760
415 593
391 755
403 206
335 958
221 410
398 938
263 890
853 42
918 844
339 44
994 896
687 698
792 333
779 236
582 603
413 997
550 79
406 591
470 347
354 550
830 819
444 422
281 995
630 741
178 70
711 847
571 155
117 169
227 350
717 415
285 792
89 893
427 645
73 790
995 490
333 261
683 441
445 340
408 822
624 585
515 947
413 526
914 555
174 119
146 359
300 836
58 479
59 107
44 392
518 575
352 920
417 525
387 52
310 720
231 900
124 125
891 177
461 779
614 924
249 335
860 699
942 959
980 493
511 450
486 323
451 299
873 640
769 284
504 908
278 913
72 383
825 667
629 269
564 282
286 565
178 652
710 710
170 849
258 59
181 342
892 472
786 418
88 760
74 268
491 707
560 708
761 525
605 434
118 966
447 894
952 461
892 429
703 365
475 769
791 544
302 259
803 124
206 788
905 562
710 142
683 227
69 490
175 632
708 633
149 687
460 923
976 603
210 420
937 101
919 50
516 659
484 100
452 541
249 727
622 32
959 268
272 134
244 646
257 336
792 534
679 188
181 772
489 207
153 967
884 280
612 159
759 909
15 244
755 291
502 30
652 199
27 729
848 713
520 295
806 908
414 746
333 205
621 550
896 483
158 357
742 421
138 748
137 220
376 948
860 951
273 942
366 414
779 483
323 179
814 840
729 154
799 153
441 882
287 429
947 618
716 748
696 335
864 654
45 347
966 605
977 7
556 366
131 993
307 626
675 469
6 470
846 504
134 35
921 79
655 599
424 432
658 300
602 832
899 400
922 729
865 631
801 899
864 283
404 920
814 431
893 997
652 239
355 34
495 887
369 564
184 790
841 748
136 684
149 61
950 733
809 312
679 192
471 167
37 491
533 227
647 867
937 155
391 987
21 943
529 673
329 303
478 742
295 289
683 898
757 822
398 915
892 466
284 22
302 545
358 870
606 483
181 254
991 633
555 591
585 401
469 476
603 942
930 932
944 474
611 126
712 811
767 983
222 122
348 164
909 239
22 122
963 853
843 79
513 538
909 763
137 762
263 587
655 844
807 428
798 948
990 702
645 952
437 347
745 420
480 603
792 162
759 516
566 884
448 488
887 396
771 567
612 80
123 616
8 973
668 315
948 326
370 842
65 386
181 35
555 872
817 455
262 534
371 128
220 274
593 482
429 716
280 116
437 343
967 410
138 824
82 88
238 227
380 368
40 640
424 697
601 307
381 275
996 863
66 69
152 255
536 321
867 237
990 852
678 790
463 647
743 356
366 313
79 893
951 906
946 719
442 904
568 749
849 442
473 7
413 238
239 412
344 609
783 794
249 310
33 465
114 399
716 232
59 439
353 509
136 433
704 73
494 859
520 155
68 74
935 980
99 975
65 424
558 569
47 238
847 607
195 743
62 850
156 800
248 626
755 11
22 113
826 599
344 279
167 817
624 680
683 153
579 390
490 787
173 212
304 652
405 861
786 421
920 52
123 34
803 87
308 373
689 793
584 93
629 263
463 837
351 907
485 799
635 531
419 703
792 527
348 624
736 128
441 806
969 395
652 228
500 419
817 896
225 236
397 936
369 617
647 287
277 319
393 420
802 984
889 850
82 810
231 395
189 744
211 823
336 576
661 376
491 865
890 612
182 494
454 14
358 590
751 183
716 241
415 514
292 361
73 471
11 65
238 639
590 904
142 171
273 485
703 613
111 382
178 711
122 457
411 99
219 203
13 704
710 980
641 703
658 615
70 843
344 827
611 990
636 477
383 149
997 40
931 582
591 969
110 594
168 656
431 123
543 582
816 933
748 674
446 204
736 620
815 846
622 178
409 270
29 590
112 309
358 71
697 884
980 99
162 773
162 622
481 204
810 150
757 574
778 773
122 371
5 854
168 735
676 323
16 543
21 173
905 362
679 773
92 852
956 482
954 81
274 167
9 911
588 202
965 774
629 268
979 604
672 926
630 999
289 458
247 869
346 325
910 979
52 836
86 709
655 250
690 597
959 267
731 891
196 649
882 579
276 676
270 701
688 378
969 931
432 454
598 144
335 530
146 755
464 695
524 906
580 725
47 344
564 206
152 293
154 174
402 149
600 570
934 681
676 623
163 167
637 944
411 225
787 245
832 469
460 993
506 888
897 607
323 61
901 623
792 999
418 458
105 369
603 443
956 61
839 714
387 369
489 532
941 706
153 438
417 722
965 841
589 213
185 189
540 587
468 920
23 646
436 292
32 720
718 110
892 688
772 265
952 345
811 301
356 998
540 779
230 188
100 902
6 566
17 714
460 418
160 133
578 575
315 365
941 365
177 466
604 941
219 788
873 481
647 593
651 490
560 399
300 587
408 353
984 791
264 623
377 471
229 756
372 751
420 670
443 884
298 35
397 406
914 76
309 600
561 695
270 250
598 278
657 275
60 348
26 783
853 365
786 419
516 903
865 114
496 365
574 64
409 61
194 967
713 589
518 9
750 578
899 848
811 665
478 381
550 698
138 170
311 415
625 472
770 830
600 87
848 773
866 872
435 343
997 62
558 294
653 273
878 385
418 683
114 202
875 493
253 562
257 861
137 952
126 944
113 607
823 72
313 752
791 23
655 102
51 245
780 633
162 766
216 680
711 957
227 284
826 358
940 148
337 24
533 400
837 628
604 102
877 43
354 616
347 274
399 653
974 86
445 99
216 670
332 536
603 916
22 628
41 665
245 249
490 220
836 575
932 828
388 999
58 515
797 784
259 293
963 752
197 858
118 378
398 151
597 281
954 137
452 246
693 127
90 256
162 902
749 810
85 785
934 14
203 209
268 946
185 231
846 952
233 995
914 730
23 72
688 10
42 743
523 869
45 182
637 830
840 989
393 281
92 237
731 827
222 583
418 949
207 30
306 129
465 175
28 212
387 223
288 313
704 19
74 358
868 704
223 71
766 260
61 287
801 405
212 157
881 687
231 875
695 292
250 52
319 533
435 849
413 506
756 975
145 710
707 17
521 871
9 317
623 370
748 269
237 640
358 818
304 40
370 503
807 444
894 339
729 977
292 970
542 347
780 227
711 794
728 904
407 47
871 350
14 851
833 704
412 939
502 251
642 880
989 645
572 726
629 684
200 741
14 821
337 158
986 179
369 184
200 503
825 419
143 558
119 815
300 82
915 897
927 726
13 784
829 46
722 865
462 7
85 155
438 205
851 739
394 786
658 91
748 319
818 798
203 999
753 849
613 778
20 944
658 691
333 578
267 827
786 339
478 69
271 298
949 695
883 758
905 896
124 635
395 558
846 173
143 480
99 889
875 884
683 132
160 197
98 658
509 999
795 722
155 94
455 315
588 932
848 2
728 418
521 455
544 291
894 380
743 972
761 938
429 567
223 150
666 381
163 775
102 215
147 723
392 599
121 406
164 83
614 266
12 45
893 712
646 0
692 584
807 474
398 278
26 957
745 788
24 136
699 96
573 523
834 262
537 664
435 925
609 323
945 982
420 878
158 79
954 428
110 647
637 485
935 146
911 904
358 457
94 512
324 327
247 551
914 551
914 57
80 705
672 281
478 587
768 995
721 207
492 845
972 876
139 73
816 170
257 863
427 544
398 88
32 642
200 279
440 957
292 700
724 432
682 619
34 798
188 216
536 200
738 86
117 340
951 668
954 715
108 99
649 746
774 650
17 80
20 848
871 236
379 553
795 145
543 385
974 104
254 485
62 881
247 943
89 629
326 82
640 557
883 702
333 835
25 192
225 202
901 20
70 608
107 624
415 740
648 436
747 457
373 505
52 353
996 630
312 647
205 402
88 794
522 68
150 382
827 880
486 343
829 771
431 570
33 998
404 8
979 901
487 666
439 805
470 692
394 406
538 432
917 555
454 462
989 832
647 797
744 135
257 25
980 692
861 850
736 898
294 428
637 509
649 911
902 994
722 704
862 896
391 648
694 122
471 724
722 645
711 143
402 444
982 950
36 495
608 617
890 955
425 795
489 359
784 291
784 439
898 649
606 446
79 81
291 364
620 570
204 325
399 399
596 143
582 775
446 267
807 235
419 949
206 440
149 477
509 859
343 894
327 396
495 183
505 65
654 518
675 716
112 618
777 975
730 240
666 595
706 731
555 848
145 470
263 636
670 441
793 685
409 958
601 685
389 952
413 893
299 779
947 352
950 219
552 50
520 256
755 499
396 439
61 269
27 538
426 572
175 308
207 737
901 671
117 373
451 42
406 96
686 305
823 730
747 40
738 270
404 595
38 291
700 364
49 748
915 440
937 0
652 88
525 148
291 166
875 410
566 662
744 583
809 547
414 995
837 647
29 166
749 494
478 581
842 51
984 304
210 593
618 321
476 30
191 89
677 419
172 838
221 500
367 621
199 857
527 103
703 557
995 974
111 189
886 710
336 495
870 494
127 40
989 978
106 188
831 321
992 79
673 608
238 874
68 876
848 644
944 432
913 604
236 596
375 131
655 339
37 160
551 253
538 640
497 86
166 815
573 934
281 582
757 925
834 85
930 83
23 912
723 324
428 378
32 669
861 855
330 889
880 860
415 808
6 40
321 665
558 210
872 850
930 456
508 108
152 239
238 901
58 12
570 858
830 272
192 514
602 792
940 489
127 416
401 113
447 162
333 805
599 389
100 728
529 723
951 514
303 499
857 372
634 782
385 572
53 612
762 415
49 416
323 168
971 154
31 60
609 61
326 694
39 585
228 856
434 255
994 443
492 763
971 644
797 567
587 921
48 167
684 74
94 292
20 13
745 968
530 24
720 423
191 302
707 838
912 462
750 863
306 921
172 895
438 299
360 112
28 97
759 121
228 616
487 470
668 278
716 147
510 966
328 436
692 593
615 690
885 395
127 366
365 565
114 895
996 817
933 623
317 652
229 456
899 580
270 836
371 456
834 398
487 894
829 323
853 975
755 522
587 902
136 964
992 833
105 214
95 227
509 456
194 936
476 91
727 895
992 504
443 180
822 208
967 458
174 457
477 425
513 929
895 561
409 951
108 268
798 734
859 364
997 361
607 101
99 898
176 661
564 73
605 634
943 274
382 956
439 516
463 934
114 142
84 324
237 6
471 368
324 9
660 377
203 771
207 828
427 319
664 446
235 920
864 815
718 985
401 715
766 80
0 832
711 126
392 158
979 546
193 64
665 273
119 248
502 275
880 34
469 329
833 890
285 983
194 627
819 943
700 326
340 961
209 541
315 722
683 190
49 268
875 894
605 708
64 715
629 20
506 602
925 457
983 970
3 586
682 441
410 278
701 66
287 415
957 347
33 913
325 829
61 993
951 780
989 660
483 344
864 300
59 447
927 228
45 738
602 740
13 641
219 457
555 615
964 423
963 901
568 387
302 316
488 818
406 896
62 287
586 398
54 13
456 769
852 738
196 779
276 169
966 73
22 81
297 324
326 618
38 544
578 195
803 318
20 400
546 753
903 789
612 639
463 549
959 119
651 501
388 662
711 919
663 731
214 738
318 175
471 719
279 649
351 652
272 784
511 622
950 359
951 492
346 394
415 394
630 837
431 875
300 782
586 931
980 426
678 604
964 639
702 846
293 919
640 607
763 547
85 791
458 177
272 761
610 947
514 461
57 189
329 778
76 587
181 890
287 365
305 319
727 650
185 451
450 455
46 118
55 511
749 500
541 39
483 72
77 893
624 162
658 263
310 873
0 393
293 137
190 787
938 642
407 912
61 460
517 928
405 436
764 269
123 478
194 309
919 977
144 108
327 561
80 375
558 775
36 117
223 59
845 748
838 699
75 680
418 222
235 739
167 77
288 725
571 412
102 880
418 803
402 692
54 114
921 785
447 707
622 286
998 423
717 440
850 587
101 102
221 533
479 420
384 9
223 151
887 138
122 714
678 1
7 507
808 362
316 678
870 362
513 309
951 447
662 469
828 600
256 260
18 990
27 96
703 225
713 466
730 734
185 784
479 124
489 950
801 549
655 373
897 949
716 496
339 66
997 687
698 784
113 475
926 835
427 323
197 941
26 714
321 94
271 345
460 598
540 501
217 709
699 831
475 869
638 235
528 860
541 670
16 35
844 595
52 701
63 886
847 930
533 300
945 855
170 569
330 296
904 907
831 356
272 65
464 744
440 126
192 786
940 451
925 897
8 512
571 2
376 898
90 364
594 257
41 987
983 158
137 781
926 678
457 796
576 455
518 688
780 898
561 903
60 774
982 37
633 765
543 683
668 470
425 668
777 147
458 43
938 492
71 669
351 512
338 181
718 563
143 820
515 138
61 905
655 240
227 525
270 17
958 317
130 973
884 157
887 889
45 19
808 375
626 806
611 803
566 47
850 524
822 889
630 581
790 455
962 691
886 181
22 83
833 149
523 301
989 508
110 743
747 203
331 633
296 393
39 36
737 355
133 441
754 842
605 398
210 802
84 1
982 245
464 679
780 82
277 412
448 702
48 594
824 5
978 423
400 848
835 34
532 14
988 14
90 68
34 199
494 966
249 877
860 450
761 699
283 64
91 102
357 291
962 64
280 955
8 996
911 757
475 109
583 219
173 698
567 408
230 10
736 228
174 612
547 338
82 970
45 350
194 387
96 392
822 911
948 953
196 252
436 786
192 49
310 406
455 839
655 774
893 279
242 827
804 357
221 948
588 263
696 495
684 518
726 311
713 789
790 72
346 666
824 407
930 714
521 893
442 753
351 823
537 160
30 534
451 508
987 978
107 369
772 388
381 101
553 368
229 377
307 610
308 944
517 28
493 381
112 857
317 482
117 831
81 368
356 218
285 235
888 779
605 771
226 244
161 844
64 369
16 798
574 458
402 77
719 291
447 756
960 193
452 548
48 593
441 707
94 837
520 834
791 336
145 552
956 556
454 118
89 978
47 481
265 230
574 76
902 550
31 93
956 38
942 239
753 907
380 27
674 140
804 505
965 561
969 674
608 45
390 297
176 539
815 15
42 302
359 466
905 810
890 582
292 23
959 42
810 225
713 334
467 2
234 792
566 965
829 990
502 485
379 117
57 240
3 222
792 897
274 961
591 818
41 84
269 846
80 391
904 708
865 282
843 849
132 126
249 470
73 473
239 287
483 600
657 277
744 232
114 250
659 458
832 963
81 760
571 530
596 149
183 180
557 931
472 180
176 37
256 255
978 465
60 620
845 388
377 91
726 152
681 145
517 663
488 219
266 993
29 936
660 719
397 785
441 728
894 69
656 241
79 258
849 685
173 959
563 953
905 198
485 8
274 999
510 675
22 998
13 111
55 802
116 398
371 230
731 833
395 931
122 386
170 153
369 473
651 118
350 62
7 888
624 737
531 472
759 555
25 704
968 997
50 737
888 918
828 168
475 692
551 906
232 168
697 58
435 981
648 168
479 629
228 187
639 495
644 113
871 836
373 164
414 959
558 94
546 51
147 522
868 182
633 551
805 841
556 416
289 771
134 272
186 415
828 671
576 830
120 97
941 280
88 538
207 276
133 122
98 209
447 917
18 230
391 379
41 310
248 703
452 697
353 426
659 793
159 659
538 98
224 454
459 23
370 37
440 695
301 437
400 235
781 818
672 539
217 212
89 142
282 635
907 762
608 621
964 24
57 901
734 131
287 50
411 501
521 676
964 984
705 204
115 642
678 711
733 103
307 936
740 267
543 28
55 249
917 425
760 809
588 494
667 956
159 829
322 558
541 85
621 238
178 692
364 52
378 368
264 978
38 20
716 376
95 67
597 788
304 648
389 469
615 986
784 331
386 207
864 181
481 685
396 424
451 717
819 68
981 786
493 437
13 733
817 708
154 905
854 72
33 393
427 810
570 835
228 1
590 665
669 332
358 338
555 893
48 978
377 784
339 866
189 153
198 882
551 29
40 734
908 509
333 370
223 906
438 561
150 790
572 367
511 521
681 415
256 97
329 941
673 731
254 828
903 154
154 517
19 14
920 565
453 464
527 724
385 105
399 967
926 661
259 900
545 665
668 597
154 177
106 467
821 180
829 517
101 454
354 666
288 849
255 580
389 631
89 322
862 880
856 91
164 161
265 205
281 194
20 213
568 873
590 256
669 218
690 410
758 3
93 500
349 683
24 410
351 610
663 600
529 73
459 496
869 113
529 631
860 728
854 114
149 731
84 316
321 50
153 212
172 477
334 101
615 706
875 390
190 971
558 732
471 273
155 601
530 385
461 88
197 422
120 6
89 932
712 454
328 300
226 404
278 919
409 551
737 342
937 521
290 662
475 367
514 861
82 440
945 46
290 295
149 542
633 850
344 32
72 337
633 624
921 4
954 563
60 513
305 488
803 328
921 155
424 809
918 912
998 752
332 521
27 261
840 195
14 276
591 48
748 871
77 795
557 503
580 540
539 15
414 722
88 856
767 484
709 117
199 142
428 152
82 157
18 893
807 880
977 193
779 155
319 491
211 625
614 931
698 329
326 395
675 910
749 147
864 435
265 48
370 274
586 908
355 965
861 506
373 517
529 375
525 915
624 250
237 916
889 535
487 462
989 71
88 254
311 864
118 883
958 941
105 449
268 931
262 584
552 117
225 815
731 788
260 457
382 964
509 535
542 586
415 739
194 221
941 644
868 385
127 543
357 968
615 29
714 204
355 80
563 331
521 275
384 254
258 126
919 242
721 843
418 13
105 379
196 929
985 881
321 181
781 908
879 294
388 887
183 511
538 958
396 601
546 946
484 534
661 791
644 964
345 445
68 549
323 151
513 617
114 420
439 688
476 303
608 308
414 21
179 711
523 839
996 493
809 865
98 647
381 120
31 65
716 645
236 84
939 599
814 891
397 428
722 176
128 462
602 694
263 310
132 520
44 373
310 853
932 320
746 247
865 403
513 406
686 799
172 400
749 837
253 122
562 654
429 92
526 703
228 36
436 182
164 207
472 352
459 865
513 370
81 787
755 741
926 179
265 16
457 930
645 299
660 406
221 385
554 375
396 264
206 620
336 363
232 745
479 435
177 576
468 849
25 276
865 725
916 794
874 163
182 18
944 553
795 70
654 106
301 616
401 579
599 817
669 345
335 199
820 46
197 706
117 493
460 33
86 443
607 734
710 703
885 953
621 413
350 896
993 626
892 23
822 174
47 199
650 956
660 209
837 268
502 153
771 698
817 276
129 127
570 879
751 934
433 838
11 148
21 99
217 294
705 561
611 548
531 898
89 279
228 744
575 628
312 355
21 922
32 318
395 359
844 281
498 982
97 781
94 426
105 189
91 541
811 994
66 108
376 25
161 60
510 313
266 351
965 983
841 206
974 25
452 429
478 194
391 840
784 893
691 172
127 966
745 98
587 145
506 830
421 368
947 84
427 46
525 152
574 233
607 176
32 512
572 229
34 690
399 835
414 184
609 983
917 14
419 680
204 908
663 778
342 174
327 658
368 875
664 610
539 313
535 699
951 855
614 886
806 310
994 724
641 949
510 429
625 906
223 310
83 169
56 66
316 219
842 853
774 739
683 74
79 984
913 422
733 955
271 370
673 951
148 240
569 680
377 998
492 165
498 816
859 769
282 818
184 216
498 678
568 655
886 937
659 317
886 14
148 864
857 330
488 858
857 945
70 352
976 711
905 928
888 197
541 124
267 63
112 390
769 578
561 608
392 655
707 957
918 551
574 352
573 337
887 943
890 615
729 955
466 411
517 835
705 780
829 190
73 227
923 253
63 55
684 926
809 734
665 49
346 40
967 308
335 461
57 557
571 240
456 929
989 878
603 15
822 416
584 240
544 575
694 621
843 178
554 881
486 225
198 943
29 978
633 343
319 838
996 323
130 432
483 394
824 504
573 546
742 75
839 722
497 355
764 924
985 965
390 751
185 682
895 265
549 120
138 213
419 412
49 978
877 819
636 109
56 858
880 911
993 514
176 471
479 14
487 361
607 321
147 982
621 133
299 690
762 613
927 53
77 425
526 51
59 43
252 532
199 882
677 671
272 927
643 853
67 860
529 496
534 584
842 292
173 13
943 442
952 54
617 32
185 57
538 366
543 945
388 359
173 305
921 603
488 51
415 522
968 295
350 499
188 894
121 380
590 17
770 862
721 950
150 448
402 354
44 912
884 47
21 49
810 988
894 164
622 48
795 333
677 105
985 116
153 76
149 172
182 934
97 729
835 465
854 91
330 333
142 865
438 607
511 329
562 844
403 700
27 515
946 1
421 61
824 603
960 322
722 950
106 407
768 340
958 477
121 387
850 848
106 170
326 827
326 429
220 482
151 19
98 463
837 8
258 756
515 115
477 896
212 827
151 413
34 399
971 809
28 431
719 169
979 662
790 38
170 793
659 106
615 321
999 459
118 775
329 240
550 115
660 198
435 187
959 184
554 51
714 918
960 734
558 220
984 244
298 94
971 615
392 522
468 978
542 187
18 504
457 248
12 362
310 546
662 970
805 856
534 259
564 78
88 894
584 361
960 328
80 664
558 767
608 528
881 642
328 201
236 26
301 120
744 458
39 433
278 234
222 354
15 301
396 874
135 818
685 605
964 267
286 506
822 923
745 580
818 842
201 974
676 472
605 441
899 40
945 972
209 226
665 968
685 334
623 777
31 429
101 518
698 573
107 12
11 485
881 970
525 462
257 308
32 673
467 742
290 632
217 238
883 73
75 877
926 355
354 256
247 914
56 869
926 74
856 922
351 82
300 801
341 686
702 906
725 847
597 122
246 116
348 93
752 570
239 556
317 588
227 539
0 167
351 531
906 773
981 284
903 445
650 798
746 914
701 426
259 394
75 185
537 688
538 881
558 471
411 807
283 286
608 702
197 519
88 126
151 195
405 442
795 321
593 82
214 30
439 791
71 500
416 7
171 989
961 512
144 792
721 2
879 324
476 88
419 439
620 551
343 542
190 847
733 663
551 313
573 1
793 198
220 933
932 3
750 60
679 170
728 793
264 254
988 856
70 477
354 24
480 255
99 976
201 853
773 3
719 577
48 259
671 360
569 838
789 823
525 189
485 543
82 313
350 541
671 19
378 475
294 968
778 321
841 542
174 294
773 307
516 745
516 2
853 577
736 490
765 529
28 946
642 95
809 604
456 977
892 400
943 980
514 762
995 739
862 263
851 791
98 242
246 951
521 16
395 181
610 936
451 524
834 116
108 190
94 881
585 688
203 719
207 109
211 995
661 622
33 263
403 245
444 13
460 958
414 773
400 400
692 781
943 323
909 135
747 664
592 564
889 428
222 640
151 143
720 969
336 997
913 386
220 436
765 104
73 645
468 764
228 376
163 383
554 804
894 722
657 738
706 126
654 482
847 187
337 90
908 665
533 870
529 398
574 586
509 529
456 581
427 559
789 410
318 946
127 679
411 910
574 173
256 686
577 99
493 775
922 944
128 923
104 152
646 440
315 875
832 321
344 863
445 746
284 354
481 132
270 351
896 172
601 890
363 8
551 573
110 602
231 92
928 372
9 331
452 910
362 184
645 208
346 279
494 716
719 203
328 724
952 113
603 48
406 574
218 720
975 751
323 673
88 736
830 643
840 540
275 164
850 622
896 193
543 86
353 993
131 580
106 779
331 815
494 46
921 606
610 203
741 42
870 942
998 904
530 196
454 395
690 2
694 236
9 777
738 828
19 707
144 506
824 889
78 639
988 99
55 332
805 939
387 14
131 111
944 348
766 74
213 160
176 118
128 131
266 67
339 295
273 477
725 880
68 464
884 188
327 789
5 901
567 891
133 716
818 568
694 606
867 227
774 386
409 886
731 431
898 549
128 380
794 847
756 473
43 91
949 636
121 961
985 587
146 10
270 221
815 474
140 791
776 485
544 543
222 388
916 18
174 501
726 656
137 654
39 790
358 823
105 681
976 870
878 908
259 397
290 886
846 939
546 46
423 869
62 923
818 880
436 447
622 474
409 532
800 647
551 315
965 808
139 915
952 505
492 909
142 235
943 10
605 995
935 992
492 493
201 154
705 259
9 964
747 956
426 713
675 34
549 502
593 956
509 532
198 326
307 330
617 646
470 69
425 428
304 105
525 788
915 643
348 909
38 54
857 775
650 416
588 26
615 58
540 477
554 170
960 969
322 697
158 127
10 594
652 136
669 373
132 26
555 96
392 261
949 753
688 35
181 425
418 593
489 831
717 215
999 602
929 494
855 184
296 94
744 133
630 251
490 116
709 702
223 936
506 793
15 338
997 32
371 150
97 706
625 141
31 400
258 564
270 100
903 615
987 585
336 531
135 909
29 532
909 275
388 300
46 579
983 733
144 781
327 551
912 410
626 803
201 180
772 564
870 657
229 283
38 712
416 606
598 300
120 206
241 869
494 208
983 362
551 601
724 593
10 705
296 333
797 76
33 836
720 154
222 770
558 946
985 611
157 269
398 349
45 916
748 544
701 404
419 693
139 252
913 685
198 856
777 547
323 816
861 703
372 480
709 178
289 365
97 962
339 901
648 478
402 760
162 89
491 351
593 55
320 875
84 430
939 354
85 757
876 331
79 667
612 461
103 811
882 94
542 412
305 279
706 143
333 963
827 830
561 198
127 507
867 824
809 778
139 143
631 94
693 406
896 0
32 326
162 77
963 544
187 75
537 442
679 574
772 361
104 507
235 579
259 648
108 473
806 597
248 325
681 113
326 153
409 9
696 863
264 557
184 408
126 616
572 949
602 654
495 111
856 139
390 851
494 812
533 52
836 608
827 23
738 144
81 102
352 371
135 944
996 562
521 411
312 537
360 952
189 76
691 206
10 553
325 906
648 285
898 486
423 659
895 103
48 768
429 357
723 183
489 458
737 378
11 640
569 623
260 699
981 203
959 511
252 445
794 797
926 796
191 938
478 556
270 199
339 291
32 297
493 794
869 153
848 525
383 541
821 513
291 527
523 662
575 178
483 104
818 125
575 684
520 477
661 192
46 323
931 640
468 717
789 155
550 780
254 461
911 414
787 150
120 776
17 901
463 122
902 802
8 796
699 890
381 114
107 218
373 81
47 582
199 514
11 390
125 586
618 631
234 890
722 892
879 775
398 174
941 198
740 948
436 563
310 494
399 18
191 570
949 343
89 211
841 89
836 355
306 424
454 274
771 365
948 447
122 332
190 437
635 339
897 449
643 618
238 773
90 854
111 63
545 783
479 802
251 302
807 355
29 395
137 885
747 570
81 578
5 975
452 140
527 655
359 538
555 854
638 591
335 305
133 633
937 289
114 899
984 599
146 955
427 916
201 115
208 793
564 361
274 437
174 912
135 410
504 671
119 132
127 575
353 962
324 973
453 740
648 738
971 554
756 955
9 326
261 998
727 339
70 798
307 31
102 834
67 623
878 992
674 963
362 527
42 515
456 919
149 467
236 333
413 364
923 806
421 683
349 198
93 382
184 645
290 210
300 819
761 319
256 326
606 97
194 728
637 811
818 60
108 133
524 73
284 35
84 515
992 380
29 227
358 880
379 347
407 708
609 582
976 742
205 651
977 353
716 25
166 349
180 148
652 425
913 338
397 723
745 479
351 785
245 27
184 220
839 117
597 147
304 205
410 218
593 394
609 576
880 787
846 831
809 505
281 695
67 438
372 974
919 323
328 641
182 102
891 476
461 594
675 724
425 40
827 886
965 409
334 778
201 982
383 456
901 492
700 181
531 552
159 337
444 2
352 934
401 148
57 343
24 237
104 721
916 426
976 445
686 960
950 857
188 817
856 955
931 927
946 313
315 70
272 247
749 982
725 236
878 138
228 581
547 962
54 808
384 905
891 444
322 124
735 368
596 396
520 450
85 931
616 656
472 60
832 670
116 649
178 757
952 260
389 875
654 976
180 793
945 88
770 910
364 474
114 450
91 925
202 656
267 568
593 189
929 963
587 847
348 270
309 922
4 99
159 592
129 331
596 439
355 36
687 471
881 804
244 135
805 99
686 115
185 740
152 100
91 947
620 559
298 173
200 547
789 255
681 626
143 742
840 357
384 783
981 199
83 961
182 988
452 590
118 538
664 702
798 575
804 702
333 569
963 746
573 483
485 47
20 98
44 928
509 68
218 41
590 592
296 861
100 184
883 390
577 728
965 417
835 424
392 105
592 230
448 797
470 370
453 510
884 618
418 625
394 332
224 859
963 816
406 409
748 947
579 748
467 869
696 783
688 127
433 236
373 933
201 409
531 315
375 816
288 103
277 404
594 456
214 684
112 790
176 14
786 34
971 489
675 857
561 277
640 661
725 807
167 56
524 979
455 3
285 79
352 927
940 192
338 864
505 851
197 11
248 666
234 462
92 920
868 799
406 554
479 493
305 668
194 958
792 165
496 743
386 548
856 355
361 265
488 153
663 596
487 237
717 9
409 432
331 40
25 392
416 234
25 91
30 15
6 996
834 177
250 362
123 604
777 976
572 50
631 96
879 177
117 826
248 212
159 590
73 975
218 929
306 309
196 80
434 837
880 335
246 384
224 816
28 542
230 394
469 619
605 433
962 501
606 280
580 167
343 930
522 314
535 187
626 588
837 173
772 875
114 468
322 790
486 49
828 271
63 125
777 784
917 813
914 540
273 604
344 84
136 118
747 146
838 287
442 652
323 393
644 909
527 919
704 55
114 47
436 126
32 490
33 245
82 904
368 307
810 647
627 80
243 789
844 731
874 402
259 643
101 5
190 797
477 639
474 878
672 900
263 60
278 529
223 988
340 306
587 572
282 911
863 601
849 690
869 596
10 262
49 570
650 427
452 848
244 638
219 83
162 506
568 344
322 208
487 26
874 97
386 165
13 408
312 525
314 124
811 85
110 214
773 883
551 665
612 331
390 517
704 155
734 942
75 915
854 568
220 558
961 103
834 21
265 308
721 129
411 121
732 474
369 483
897 818
739 96
876 150
811 167
788 40
36 644
283 601
861 143
88 15
861 288
628 528
384 982
675 714
908 898
419 158
713 261
69 188
785 840
962 684
819 689
289 649
763 55
21 732
836 102
417 123
53 346
863 817
428 352
670 844
795 246
278 604
187 90
744 323
405 299
48 306
125 667
228 938
69 829
404 267
935 94
382 937
366 981
389 178
955 71
204 280
662 463
272 960
936 881
24 108
92 733
660 28
525 332
591 918
755 873
64 880
257 566
540 100
388 815
766 649
619 794
43 233
935 766
504 441
567 499
614 802
59 322
791 232
553 305
572 818
820 979
543 456
550 725
563 368
98 649
716 82
893 218
337 551
270 521
725 618
856 775
356 757
720 904
493 219
617 27
632 377
318 944
577 713
117 487
815 798
983 725
597 782
234 211
213 885
164 119
412 989
753 669
194 29
775 339
720 71
464 229
668 880
895 513
966 278
848 949
471 187
784 429
662 574
813 694
514 900
383 472
784 905
73 412
620 84
876 780
620 317
960 130
312 163
15 136
425 92
367 411
153 693
775 105
813 738
772 163
412 404
925 603
974 533
935 162
735 461
421 472
480 563
591 503
635 932
510 436
295 607
496 750
994 992
935 903
297 471
699 728
767 722
307 127
931 821
30 287
286 778
332 408
414 814
925 226
474 26
968 208
848 756
50 153
442 213
360 539
720 571
944 825
232 752
121 982
751 302
123 86
411 762
543 425
465 774
142 614
631 840
265 931
114 743
682 916
285 968
163 418
722 512
580 549
871 268
81 563
217 483
176 738
170 872
112 467
366 442
309 433
182 687
691 231
775 574
322 163
115 488
377 554
988 868
697 286
456 59
848 93
747 546
313 926
776 662
434 639
706 6
874 848
684 802
148 39
802 157
88 359
922 558
94 358
521 458
847 584
987 627
379 530
885 711
845 537
27 624
357 135
64 661
714 550
629 919
982 248
678 972
547 972
541 603
865 24
210 50
147 704
577 759
672 387
199 52
431 102
851 384
299 488
266 629
264 949
695 180
683 438
242 617
12 391
205 293
477 940
418 833
823 708
144 407
118 226
661 701
896 393
543 239
444 991
921 330
498 282
272 857
536 984
307 552
778 869
998 376
890 564
35 977
923 152
350 251
968 248
126 894
324 851
259 71
456 816
893 418
956 660
760 773
446 927
404 704
659 931
425 135
713 965
631 907
659 923
266 672
777 477
300 122
53 286
908 846
972 362
402 535
552 457
22 711
1 613
833 885
708 115
723 228
403 543
632 65
685 476
20 589
893 412
546 555
349 850
239 595
37 812
478 90
2 679
291 980
333 667
909 755
480 185
728 163
238 579
760 15
661 999
938 274
731 304
997 816
56 272
205 221
782 532
142 898
542 70
204 22
345 971
41 812
872 480
385 537
278 551
517 940
371 523
884 530
62 772
275 801
40 555
162 978
733 159
843 27
489 738
539 300
618 559
468 200
289 857
553 670
665 379
818 805
979 786
128 989
680 180
534 742
749 858
392 984
527 428
747 870
628 432
554 427
699 466
713 415
389 35
871 303
700 441
430 578
884 956
154 461
123 361
960 605
159 807
594 575
254 126
734 392
855 399
637 862
120 461
660 407
946 559
147 930
856 771
883 114
30 137
685 233
86 102
43 613
680 338
274 759
67 759
786 300
247 973
479 204
963 454
714 898
536 145
498 764
84 92
905 900
637 980
114 611
30 415
583 167
972 955
576 817
773 964
804 178
260 245
224 803
921 505
620 626
646 680
119 256
103 418
154 190
923 216
48 858
580 75
608 933
767 894
271 925
488 956
231 102
637 739
21 557
762 822
887 579
335 978
228 278
566 102
561 703
518 292
928 877
860 394
286 258
270 744
342 378
862 81
375 332
189 96
525 498
953 518
798 872
122 941
231 5
315 386
745 147
153 970
188 619
614 433
214 771
259 48
487 436
133 1
685 881
874 570
852 279
665 749
396 912
149 447
953 31
292 575
415 42
505 332
858 514
380 45
337 768
943 727
35 146
234 952
376 386
191 893
356 187
943 237
501 168
897 538
134 828
404 839
426 592
49 287
554 987
194 855
156 312
243 812
66 201
941 630
987 650
988 411
68 39
487 616
357 52
604 424
700 113
486 634
333 201
887 240
722 882
529 491
545 691
635 349
840 855
434 994
918 301
507 835
710 139
173 577
495 75
284 365
138 883
147 526
201 301
864 540
653 491
942 657
63 17
914 882
522 410
187 710
704 395
345 492
858 962
746 876
614 998
793 738
702 687
950 137
456 666
781 601
436 590
446 82
487 975
235 969
425 111
457 50
217 622
989 907
388 113
77 580
899 430
96 830
217 44
878 60
715 402
107 951
381 224
596 999
799 768
937 482
545 914
582 790
851 398
616 148
302 524
725 798
582 332
623 697
724 523
944 132
515 128
901 746
253 751
901 300
315 832
20 23
262 509
752 757
762 800
599 667
905 780
150 679
606 267
311 23
297 540
254 748
615 161
212 353
969 144
7 643
239 509
213 492
130 816
401 859
932 238
425 579
91 662
791 966
169 422
512 919
673 576
821 231
202 971
610 677
410 898
808 564
107 246
560 960
377 931
125 276
89 290
794 223
453 494
296 642
890 721
926 699
7 104
658 464
987 36
829 564
209 359
52 374
801 374
851 724
352 322
668 434
858 219
960 475
457 603
331 180
371 217
306 127
946 77
108 763
690 464
480 877
52 358
874 741
194 781
486 505
69 485
272 236
726 562
890 156
493 111
866 400
852 559
625 431
554 474
201 131
280 126
197 862
395 971
527 161
42 607
436 311
829 645
873 243
458 351
220 649
415 206
701 388
638 24
568 457
412 193
11 258
816 91
613 460
565 587
403 511
298 674
704 857
52 38
185 182
70 714
495 856
684 591
980 456
881 761
989 582
865 62
764 641
919 469
5 248
99 969
776 373
422 7
598 709
532 778
35 613
364 268
935 534
612 676
961 564
148 845
759 596
985 516
282 994
97 87
348 460
222 559
901 909
366 860
971 262
166 582
92 762
881 244
461 239
769 83
200 195
521 361
545 592
912 335
623 550
78 904
162 222
965 77
826 533
733 44
252 775
994 131
419 770
149 58
197 182
429 74
398 972
199 712
120 985
632 995
573 273
94 443
955 321
872 824
989 185
949 532
347 789
204 426
682 66
503 910
416 327
822 57
294 761
350 389
335 717
75 156
877 656
943 518
431 199
500 19
535 96
257 190
991 972
418 905
934 875
973 961
862 526
996 216
414 838
866 530
324 975
720 597
66 712
486 188
193 6
879 833
95 811
96 784
919 66
648 561
554 680
444 990
587 318
25 852
438 532
919 320
203 373
896 943
49 444
668 163
975 406
810 433
967 130
586 350
88 80
558 217
468 224
23 590
709 68
559 237
694 551
556 373
408 339
153 190
700 360
646 746
127 266
2 570
495 74
953 669
619 339
456 121
121 241
336 260
14 472
623 443
506 693
718 798
363 66
357 201
818 356
721 945
526 491
871 743
667 75
850 695
25 141
918 161
246 594
474 659
564 680
688 381
552 800
406 295
632 823
235 147
791 864
164 949
54 371
957 125
4 882
95 588
296 576
192 844
559 126
529 253
289 837
677 896
893 607
470 939
822 801
810 349
639 469
896 96
409 828
163 885
329 113
755 265
856 733
232 632
528 498
58 312
895 644
643 856
17 64
684 611
93 671
312 568
542 806
909 600
837 465
999 189
79 596
168 45
978 853
118 620
654 984
761 518
580 843
208 85
285 480
933 872
673 292
346 466
442 742
5 338
768 913
769 587
453 699
614 645
586 938
455 160
32 764
77 82
457 388
615 177
827 425
82 407
276 336
209 826
125 631
567 325
330 370
419 104
282 841
130 320
238 256
684 629
362 753
97 715
183 293
430 159
4 585
292 828
271 681
760 263
533 552
179 275
908 585
438 284
285 270
389 991
812 242
355 221
609 542
671 31
352 554
783 214
479 304
19 205
751 209
397 483
514 153
575 352
978 79
17 367
366 153
887 938
390 964
189 532
567 329
769 937
552 699
279 246
961 503
962 46
866 955
211 316
460 5
72 173
328 821
258 569
878 872
518 727
721 423
730 655
525 672
267 44
910 661
940 107
211 165
21 816
71 169
861 843
280 324
673 446
101 264
106 126
963 634
727 744
802 551
759 91
776 527
28 570
889 882
982 38
617 24
300 793
972 99
125 159
444 378
25 62
582 72
227 379
684 316
483 699
591 7
307 691
738 287
529 248
310 177
603 73
404 430
414 514
171 426
362 114
314 616
10 765
836 606
811 21
430 219
848 50
783 666
800 33
937 301
398 843
273 302
104 879
252 618
191 598
778 563
357 77
856 838
924 818
952 615
421 804
361 442
401 239
20 681
196 876
605 29
736 929
496 285
248 951
724 194
252 267
396 973
804 156
800 396
635 916
467 159
547 920
276 113
919 218
576 547
687 835
241 465
862 654
468 981
355 353
205 832
637 660
413 880
129 196
953 217
137 86
733 161
781 111
892 157
53 289
419 209
405 762
66 707
250 884
174 759
478 281
585 4
741 211
95 333
577 122
162 475
78 720
959 935
817 180
51 784
877 213
209 142
586 818
93 100
763 999
818 742
957 366
717 127
561 55
728 305
369 465
262 310
34 832
295 423
427 180
814 24
469 653
538 13
922 598
697 191
230 334
361 205
866 1
49 617
525 456
19 178
179 302
347 803
267 521
269 222
143 343
589 912
951 363
421 249
87 717
783 790
41 562
564 523
381 978
597 601
172 450
424 297
226 764
417 436
803 864
842 20
336 907
568 366
853 276
284 685
134 80
690 633
112 26
729 106
126 624
850 27
919 14
147 949
853 404
925 786
813 765
402 527
83 718
763 606
20 540
676 648
399 891
935 452
428 718
808 158
327 342
825 333
304 841
481 170
361 1
239 572
931 832
120 621
513 947
591 200
524 521
594 171
232 971
731 777
323 672
712 238
8 700
887 839
499 644
294 691
32 562
519 523
202 468
50 202
750 927
249 197
6 245
135 761
910 180
823 778
161 326
186 665
508 15
166 174
784 438
795 59
414 558
227 356
128 738
659 169
392 221
302 30
900 636
232 794
219 526
644 666
310 803
170 792
80 708
635 663
340 551
730 560
494 438
381 146
71 775
539 503
40 801
394 943
924 629
307 807
399 113
135 235
858 451
885 783
912 957
833 62
538 520
879 415
647 33
607 893
573 20
825 791
495 426
518 447
566 524
168 218
698 756
526 900
766 800
243 331
970 161
541 762
432 552
472 297
134 109
930 59
865 59
503 873
801 905
542 709
600 401
146 202
918 620
748 566
648 377
659 393
645 643
641 571
291 174
492 461
714 717
673 252
87 382
294 244
846 825
438 536
680 522
696 909
616 13
440 313
78 168
722 352
991 628
865 644
447 865
926 808
248 893
817 892
42 458
223 820
906 677
491 272
177 215
372 801
136 478
81 893
353 914
563 891
756 283
973 646
373 717
978 801
843 904
316 397
971 344
326 133
362 375
150 778
664 220
374 408
912 923
536 632
469 569
236 268
758 367
753 788
608 453
471 90
501 881
427 94
985 212
754 675
441 294
800 259
673 362
141 579
929 385
268 613
666 922
800 360
235 348
12 516
853 562
446 336
707 641
404 487
261 72
198 518
674 654
970 889
39 416
167 915
510 188
370 406
470 776
499 10
978 166
830 180
551 436
950 147
122 224
945 908
662 49
390 215
709 398
989 611
996 158
729 168
54 595
309 201
307 214
712 35
633 296
609 508
800 472
921 90
18 244
531 165
166 308
723 776
476 279
4 622
23 157
534 192
15 813
786 33
187 256
271 843
776 832
80 524
737 643
853 219
457 927
431 584
462 592
2 450
636 238
809 982
918 168
868 276
980 930
57 708
609 378
649 887
62 693
596 700
188 56
134 381
94 304
308 209
71 855
159 245
640 865
136 248
166 893
409 664
973 735
336 626
381 13
117 810
10 816
794 748
263 449
231 795
161 86
487 629
884 455
465 675
53 210
756 354
815 727
658 450
751 989
268 731
182 946
697 707
789 274
825 82
206 75
162 986
687 554
147 298
660 39
409 708
3 883
670 140
773 961
939 17
544 605
114 907
91 799
795 723
669 13
304 413
57 295
765 31
68 319
538 738
431 564
926 393
82 50
29 850
775 531
747 9
870 499
821 622
158 298
963 920
733 637
767 420
592 823
327 386
488 965
87 610
827 629
395 724
686 776
293 325
120 518
284 889
843 33
721 473
900 956
645 69
909 447
529 658
143 711
95 521
319 181
662 653
34 83
279 225
789 117
236 288
478 508
976 566
473 87
400 277
521 740
583 262
336 73
722 571
185 84
887 238
282 627
967 708
172 688
237 662
303 125
487 700
349 13
584 618
96 730
608 5
191 393
945 219
89 499
141 961
221 736
683 512
261 347
86 168
900 468
347 58
172 421
350 452
749 174
413 189
523 779
801 952
101 231
833 596
285 698
577 209
872 652
889 590
132 772
211 812
839 421
797 158
513 859
236 658
358 912
150 774
57 680
301 31
237 716
817 477
308 918
908 594
631 781
666 262
197 75
920 676
125 809
475 185
22 527
864 75
840 71
65 68
857 405
317 121
280 231
908 565
119 91
260 963
437 244
124 169
543 267
149 502
142 67
642 758
217 590
499 215
87 39
315 129
625 559
716 301
913 301
440 671
939 758
376 777
948 274
831 197
749 781
714 330
35 447
754 965
287 305
261 28
967 770
843 840
458 553
539 844
58 308
31 853
454 436
964 878
857 103
402 501
292 812
608 52
767 471
519 750
808 774
523 148
307 159
884 378
185 695
499 587
279 226
912 752
394 91
960 885
599 993
637 490
117 477
364 140
537 938
198 168
549 246
461 510
952 310
803 611
58 759
855 963
725 469
42 815
393 323
198 472
471 998
118 495
508 159
246 508
445 546
1 735
170 354
273 796
216 298
267 374
113 117
224 777
28 961
908 653
490 184
126 803
719 687
685 826
953 444
196 566
949 791
948 802
93 463
774 436
184 697
847 111
808 860
842 524
188 188
491 284
243 807
523 584
587 228
818 208
480 350
499 719
356 320
982 915
463 239
557 716
581 388
351 5
112 692
468 111
616 218
613 7
102 855
654 19
687 871
527 601
800 970
113 90
266 410
245 301
933 635
355 435
422 287
966 902
537 177
879 667
305 711
38 346
344 831
145 20
317 935
922 453
533 252
878 864
451 70
853 121
564 95
922 130
191 202
894 572
449 547
31 152
663 22
278 310
463 976
25 861
368 707
522 147
912 268
175 601
860 510
20 423
101 187
140 162
421 829
264 440
774 821
658 746
616 717
121 894
756 801
308 697
335 144
96 955
86 260
988 81
466 171
343 74
182 380
130 448
426 595
863 319
810 869
723 227
246 372
887 230
68 12
550 316
939 557
721 21
678 242
715 82
789 459
736 76
442 758
587 770
223 265
765 573
916 925
40 800
478 878
98 793
590 29
483 856
934 600
199 398
570 614
791 39
547 953
239 955
665 246
270 709
857 521
582 570
969 768
540 81
22 239
122 29
96 603
130 575
985 404
752 898
196 370
929 479
53 770
103 238
588 357
101 243
200 613
691 632
572 505
747 725
761 634
750 449
967 819
970 874
422 735
151 602
190 95
116 788
158 714
477 23
364 854
550 85
511 479
516 480
456 455
150 168
612 31
902 82
108 192
26 558
562 364
297 328
410 600
492 170
982 850
12 769
564 654
770 519
128 322
292 526
436 263
928 943
302 383
750 681
45 612
129 121
788 112
103 877
566 516
406 711
474 834
144 308
244 327
72 677
415 338
954 962
358 340
962 711
0 510
479 284
660 399
73 727
450 993
957 838
317 524
416 121
222 498
822 103
974 165
167 685
53 886
711 416
925 990
612 360
920 99
344 798
598 26
989 371
613 666
386 348
467 348
610 150
327 146
99 963
942 443
280 981
28 476
469 63
456 740
81 629
980 664
639 486
334 33
687 419
460 95
738 267
349 133
359 943
417 942
506 762
856 258
575 331
953 917
617 494
833 506
680 65
783 174
9 520
946 443
611 758
2 511
4 938
403 867
177 573
676 596
927 186
244 507
58 184
830 230
320 311
903 758
202 452
572 485
713 762
493 205
996 107
807 199
479 696
22 132
707 705
608 769
306 923
493 566
221 767
308 169
244 301
546 735
944 112
481 999
274 78
698 452
20 94
259 692
610 937
761 480
78 541
488 689
494 980
473 40
170 84
997 716
93 267
64 3
604 387
550 134
517 225
962 982
480 524
591 132
613 740
285 742
424 102
816 882
453 765
692 681
461 786
620 518
89 537
460 723
821 53
331 124
74 705
772 64
797 448
148 966
58 212
302 339
764 54
754 518
53 358
617 829
862 105
155 969
188 212
757 238
739 130
309 275
918 646
142 571
355 372
265 337
189 31
584 264
25 667
250 255
972 498
846 578
713 68
606 163
355 638
910 528
455 44
376 493
651 591
149 927
393 911
59 75
457 286
6 315
379 60
509 338
318 778
746 757
686 330
328 193
217 503
303 127
898 15
814 244
555 2
704 669
579 373
367 355
527 894
96 550
297 616
524 507
252 136
629 107
858 223
694 975
963 458
527 404
755 334
351 722
828 950
556 987
461 524
97 13
219 710
703 37
145 968
78 181
854 358
57 224
211 648
392 460
795 258
294 693
56 358
628 469
455 63
639 659
410 858
244 555
57 531
895 165
260 91
151 12
548 634
497 601
390 907
195 287
32 930
318 733
978 232
385 284
727 334
43 453
214 808
678 245
614 657
809 352
59 174
284 863
364 42
807 335
738 552
697 482
193 809
833 98
850 766
512 94
514 866
997 641
586 252
720 786
378 919
861 796
582 64
983 684
502 192
617 811
887 685
390 564
877 398
32 492
200 238
723 118
885 649
748 889
87 861
581 917
119 286
332 589
206 382
667 897
68 71
597 121
157 496
108 870
135 68
667 135
735 13
13 589
797 953
377 938
15 673
825 911
66 115
943 705
478 576
790 397
193 335
28 425
711 78
159 955
940 193
685 112
413 335
982 209
701 486
333 242
320 402
900 91
403 283
666 518
938 24
3 454
800 283
783 267
461 863
882 291
615 510
803 125
750 155
735 532
688 53
930 824
708 610
31 256
4 23
501 495
747 718
572 374
21 412
7 336
627 127
315 97
924 507
120 525
892 163
395 474
191 796
825 628
732 390
785 245
8 171
77 349
647 658
795 23
438 813
378 463
527 654
258 264
244 293
680 600
722 841
125 234
519 785
201 668
682 404
707 56
295 362
693 372
971 704
454 78
183 553
675 630
764 204
834 689
454 71
890 36
459 934
3 329
589 926
319 9
55 740
142 259
825 691
864 169
76 867
400 311
482 929
53 84
850 545
609 329
465 643
856 55
459 853
223 923
612 217
231 136
638 548
260 614
409 118
88 868
850 443
492 632
975 878
513 407
961 268
26 682
960 998
449 988
480 60
106 780
313 683
772 229
118 204
97 373
283 333
630 835
455 400
629 55
494 245
885 998
597 48
210 90
687 417
708 663
533 18
996 31
695 745
174 941
698 103
693 28
68 231
537 762
387 207
116 728
111 712
460 956
323 744
487 494
260 330
572 173
247 952
832 889
720 35
678 339
279 921
369 610
461 643
228 699
479 925
777 263
930 884
760 426
731 620
520 525
944 429
179 530
331 329
782 534
15 646
589 831
153 646
584 481
795 235
857 468
299 465
118 197
789 437
423 496
227 901
694 278
710 982
800 714
620 38
834 652
603 640
150 727
634 886
482 584
133 937
311 535
780 979
940 434
142 623
387 398
215 358
700 282
119 564
325 261
433 212
933 848
900 831
719 296
478 563
189 686
582 373
589 161
392 915
692 188
800 140
230 582
152 264
952 994
417 591
156 953
731 937
765 227
688 631
749 294
33 806
656 932
789 629
506 511
794 654
705 689
369 965
563 119
76 243
757 456
44 484
65 793
537 665
102 242
576 311
351 803
910 657
124 403
630 844
598 844
321 977
227 359
274 771
831 335
664 926
139 672
155 822
687 920
263 322
104 940
498 810
764 526
52 622
843 103
521 548
527 704
838 877
249 1
972 621
844 825
740 679
826 185
591 24
73 461
325 98
762 907
962 955
460 558
9 992
579 962
611 619
458 601
899 927
745 411
628 112
144 238
81 555
430 299
318 429
183 245
866 724
167 3
993 803
781 129
293 998
212 924
909 819
277 370
805 255
147 462
7 339
236 372
482 655
216 839
361 435
737 535
649 429
643 665
884 637
946 470
689 753
801 444
931 606
115 153
541 562
370 28
995 741
222 103
631 465
738 911
624 298
543 207
521 841
53 461
667 696
946 693
742 584
130 545
588 414
14 867
831 73
403 73
983 821
772 627
941 776
718 786
137 981
334 314
95 822
422 577
428 510
359 233
461 331
483 543
43 732
653 778
38 98
807 669
949 453
677 133
949 40
935 965
104 762
120 282
665 403
330 637
561 194
617 840
644 160
504 268
564 719
185 816
882 682
739 832
639 516
324 575
92 976
44 212
104 31
404 548
196 432
381 851
346 866
16 674
320 375
444 489
763 426
328 26
982 169
794 167
321 820
147 269
890 448
982 401
40 160
594 728
428 783
56 48
680 741
973 720
874 79
515 767
704 722
515 595
811 452
943 555
910 412
231 635
835 817
78 632
930 480
575 936
124 689
497 824
938 992
251 224
4 436
841 390
789 14
742 773
912 27
204 946
799 45
182 902
844 98
943 384
7 146
550 544
489 933
629 549
183 252
259 559
936 860
124 837
963 483
330 980
70 855
235 435
901 91
362 410
480 62
534 373
736 225
594 487
184 994
195 954
741 456
245 657
495 401
467 180
410 701
189 327
241 467
510 370
465 367
114 638
523 723
585 398
428 194
297 851
545 735
518 710
499 901
956 863
104 300
631 263
376 652
414 53
162 201
19 714
497 336
750 36
316 194
177 304
26 134
229 904
42 236
581 107
557 771
785 578
917 603
310 600
11 567
802 632
770 594
823 559
518 478
225 141
19 186
971 602
552 145
277 202
710 824
771 152
337 238
823 146
97 451
266 53
530 301
278 677
455 346
938 166
525 677
834 324
4 612
180 945
856 937
558 529
517 796
520 88
222 848
503 345
237 691
453 166
232 592
788 480
61 511
455 224
474 452
16 777
13 411
379 947
194 532
841 573
317 681
709 698
625 457
385 474
625 31
407 574
741 724
875 913
664 422
401 329
583 642
377 896
985 461
846 867
660 105
507 140
846 245
920 277
976 883
94 678
217 380
90 802
842 763
59 546
534 776
805 233
998 989
911 852
40 252
151 207
881 371
107 841
832 423
984 365
3 911
945 974
922 303
238 200
896 374
476 353
686 818
410 870
914 983
111 251
825 635
402 406
326 749
918 169
5 216
264 965
480 432
123 261
183 455
770 10
696 911
676 843
402 323
39 968
537 342
502 397
118 570
148 261
242 262
719 8
600 45
297 545
980 478
670 365
521 299
622 252
213 637
585 394
119 383
429 523
422 522
852 499
333 371
442 160
516 911
608 577
908 136
430 174
947 203
214 950
642 293
1 748
32 190
667 767
463 407
370 846
784 759
970 865
449 613
434 542
106 413
617 171
890 925
173 259
221 362
833 488
497 890
633 582
832 948
268 162
730 995
203 154
648 792
396 607
724 310
422 38
830 395
250 214
745 852
84 637
482 212
885 696
569 58
283 806
262 259
821 898
59 899
20 867
8 791
614 264
1 846
850 775
116 557
123 50
465 185
549 291
135 510
120 605
268 580
871 367
479 309
656 565
389 514
435 355
915 834
820 228
776 578
14 882
719 818
141 631
322 285
685 611
500 315
810 309
712 862
885 386
487 489
415 640
173 691
368 367
215 900
740 885
7 324
354 378
199 87
428 663
897 110
427 807
401 760
818 0
171 488
769 650
847 67
851 653
478 71
937 24
210 466
535 143
250 145
497 156
52 399
717 916
790 635
238 427
39 349
690 844
719 421
865 15
31 738
404 337
398 228
196 855
668 219
226 878
582 372
491 966
346 286
8 877
76 593
152 402
371 966
109 372
599 898
352 679
227 353
426 311
305 232
841 337
45 798
347 368
305 741
810 84
280 927
109 826
883 130
547 449
264 683
421 77
959 34
862 121
772 214
800 926
123 620
908 414
507 544
856 47
96 834
504 737
466 441
574 825
672 572
37 170
150 310
826 516
743 514
929 512
835 3
177 146
299 89
505 399
293 476
616 922
900 88
986 943
752 126
604 499
621 504
89 445
186 398
993 949
996 389
684 468
203 6
837 37
73 158
237 376
290 826
682 3
908 286
536 122
565 134
780 244
515 294
248 786
521 638
57 236
535 480
777 571
629 850
468 559
424 274
709 288
181 709
314 109
533 425
100 242
765 409
447 257
789 71
66 260
139 365
378 261
153 887
486 989
138 471
26 428
824 852
316 275
185 608
197 16
985 384
308 852
70 932
243 175
362 98
355 868
709 97
896 818
251 182
752 157
781 138
122 846
86 289
754 479
327 542
682 340
924 246
540 322
71 690
550 78
22 521
930 962
639 171
424 694
405 384
658 303
815 738
127 846
151 882
72 543
887 169
796 818
565 249
12 537
592 768
755 690
757 8
168 171
194 410
56 967
271 445
863 428
665 552
28 920
719 182
286 725
325 541
589 989
535 329
209 17
154 994
59 31
218 996
480 800
230 808
356 993
534 546
40 137
389 545
606 205
439 506
730 537
370 209
452 38
436 269
400 422
996 341
98 75
128 588
348 111
445 813
506 631
601 637
826 785
338 882
397 551
254 501
295 853
10 905
352 702
359 456
818 897
361 227
281 614
760 894
28 566
822 81
739 880
976 676
87 533
458 267
929 969
932 496
957 32
130 453
527 199
143 564
705 493
157 716
701 258
28 229
731 337
349 695
531 4
309 257
142 305
682 180
706 60
183 373
527 996
182 913
819 514
221 254
765 604
30 437
381 529
608 733
566 73
960 198
521 488
338 775
216 521
332 961
164 939
309 613
254 978
968 768
939 259
981 696
481 637
296 7
820 762
556 915
437 755
850 932
223 387
953 647
610 843
18 987
919 830
468 443
184 863
788 935
443 619
369 93
889 470
443 329
36 756
224 951
762 458
469 681
265 248
879 525
634 756
422 725
737 268
770 78
78 508
269 938
458 950
588 404
729 56
379 891
960 99
593 770
239 519
549 498
291 662
993 575
952 757
872 414
142 913
607 754
927 304
593 198
936 642
568 892
99 206
953 585
830 254
561 981
478 103
80 19
454 783
575 727
358 536
898 609
378 511
120 659
234 632
604 561
669 432
404 874
240 33
822 481
118 907
571 225
614 734
834 673
356 829
599 198
902 7
353 540
205 88
120 307
120 786
404 711
997 423
631 915
99 304
439 106
978 734
574 298
377 458
139 678
958 527
56 146
873 497
605 649
527 723
367 760
35 137
560 205
36 925
49 374
893 415
221 455
342 154
918 718
623 548
623 43
556 312
339 138
617 289
724 685
702 210
170 240
81 778
61 796
892 610
194 706
675 352
471 305
305 918
915 886
405 447
128 14
402 850
38 10
849 403
892 352
805 420
897 482
877 180
869 911
769 86
385 633
777 531
589 243
568 730
502 195
240 632
655 707
860 519
378 964
606 370
145 947
381 614
24 945
460 819
646 4
78 700
433 938
986 390
738 15
554 614
167 239
709 113
298 145
998 120
801 422
948 907
376 260
245 352
251 905
570 889
476 285
436 601
995 984
832 20
882 109
735 35
303 274
817 237
869 821
625 96
371 858
181 437
149 429
295 593
26 271
3 253
712 96
983 208
355 362
266 536
214 847
198 775
751 166
905 715
394 414
621 647
42 770
441 0
539 97
971 512
471 188
541 479
626 949
328 406
794 290
827 655
977 944
49 325
980 576
294 359
653 38
215 460
900 441
676 997
608 549
855 643
883 242
661 87
42 125
601 547
573 746
5 627
236 176
98 455
643 123
425 671
60 633
620 505
504 276
208 789
108 479
907 672
121 556
837 93
609 846
261 480
347 410
591 902
854 348
862 768
996 339
424 602
894 971
58 677
259 460
354 989
771 653
22 602
129 986
180 789
788 729
78 985
978 409
129 30
699 897
117 301
116 294
753 466
772 88
95 454
537 174
927 120
871 404
996 689
808 334
913 985
916 13
311 427
482 964
593 448
623 624
191 72
421 372
754 73
880 478
758 159
720 850
156 807
437 959
133 676
254 696
635 241
708 771
490 463
22 232
491 161
599 647
846 940
778 656
890 521
106 868
282 121
967 416
796 344
447 669
585 786
714 239
985 840
682 338
938 478
131 218
410 408
312 178
804 52
564 605
431 558
593 652
693 986
717 569
558 884
217 540
938 161
807 204
314 42
528 875
371 113
26 509
983 440
540 249
230 113
874 54
374 117
302 416
324 23
738 389
959 752
339 466
94 900
679 231
338 279
525 250
514 494
894 782
709 765
353 961
348 986
949 813
123 260
294 778
890 467
790 651
568 224
295 641
278 5
205 403
238 848
73 143
723 924
212 71
686 353
330 589
956 31
753 317
185 854
896 30
266 895
512 170
815 354
551 939
578 3
30 696
947 170
386 769
800 353
766 206
696 227
119 257
304 282
339 633
815 956
841 455
931 596
732 779
797 715
311 47
772 743
482 589
109 84
480 842
575 843
332 711
227 179
36 620
642 358
477 554
78 908
786 267
953 555
103 491
653 658
873 286
897 414
776 101
153 590
170 26
898 441
38 313
890 701
628 302
40 558
925 451
617 383
880 419
780 817
931 805
361 535
790 70
262 132
641 213
274 732
817 598
312 934
111 446
479 976
200 264
0 310
474 296
217 368
300 237
677 492
187 254
515 413
513 550
961 949
981 545
690 95
799 276
819 9
364 746
