10
2 100
2317 171
-3757 -8077
352 -454 -4601 1563 5348
-7128 8245 6197 -1577 988900234
-2115 6905 -1855 3740 909335283
-9363 2544 -7983 -7413 10053
1362 -2038 -3655 -6627 952946918
-2875 8387 1508 5733 5124
-7087 4488 2193 -1645 11124
-749 -3886 902 -482 3784
-391 6122 -5766 -9672 971194929
8479 1957 3105 -768 6026
4097 4697 -510 -1947 8085
8740 5103 -8267 -31 996710004
1046 -2693 1271 2367 976360310
-3947 -4196 7132 150 11901
7264 1955 5268 -3437 5750
-8923 -4720 -5427 -3309 982783133
-4337 1394 3567 7545 10016
1396 2863 -4332 -4945 9684
-1456 -6260 1452 3025 957548766
9821 -584 -1897 -605 936329966
1063 -9921 -1014 -587 9563
8216 -3074 -6350 -6632 951841467
359 -4977 -6723 2696 932366060
-9796 -654 3982 2974 14248
-4662 -1005 -1785 1347 3717
-5528 755 -7810 -2794 4220
-2359 9103 7336 -9818 21261
-8967 -1695 -5499 -6201 984905246
-6019 -9985 -9271 8150 947217444
7682 -7914 222 -5646 906332313
-7241 -8446 4558 -1184 13855
3506 7531 5735 -8257 15945
7790 8786 3477 -6879 961870146
-1524 3062 -1793 3619 978340068
-2116 902 -148 3175 3007
-1119 -9081 -697 7672 925005367
-5565 -4408 -9869 2978 8549
-8594 6997 8681 9533 17461
-9982 -3444 -2562 3172 922365631
3462 -2332 6169 -1375 946416277
4972 7901 -7415 -3329 980164126
9395 7577 -5309 -9074 957586664
5141 -9146 4074 -3271 5972
-5406 -16 5052 -170 935630472
6571 -4376 -4709 7453 16346
9835 -5830 -2867 -6562 12724
9127 8295 -8953 -8304 915133980
-1747 8129 -8790 4949 997634969
5715 -9402 6736 -6981 909659968
-1270 8129 2549 4956 915140671
9563 -27 8469 1960 900193086
8708 -9051 -4792 2605 922558705
3551 -7856 9341 8290 982934439
9051 -5579 -7134 6381 977342736
6683 6248 -5558 -8852 19439
-9634 -1847 7543 -9722 912563065
5028 6610 4872 -4020 10632
4582 -7338 8513 5793 13707
-4942 -6527 5713 5716 918019530
-6300 7120 2376 -6915 16501
-8214 9298 -500 -6467 17552
2584 438 6776 -3795 5958
3054 7589 8575 -8488 16999
4835 6244 -3205 -8017 16372
7225 9298 -1452 9271 8678
5873 1329 458 5931 7107
-1197 -180 -8101 486 6937
-1760 -3231 547 -9160 962360096
-2322 9072 -7824 8810 993017840
-9121 -24 5779 -2917 15179
2822 -1510 -4297 3798 973277025
3679 3567 909 2961 948234632
6598 6814 4672 3622 3729
-2200 -4701 -831 8944 984128125
8455 -214 -4940 -475 978842884
2628 -4951 881 -5536 930053615
-1119 4917 3842 9334 6643
7808 3785 3444 2961 942295575
5874 -1902 -1527 629 914180293
5681 9425 8196 538 948480330
5562 5584 692 4216 5059
7878 -5435 -8704 9443 22279
3696 9808 -7486 7910 950484581
-6913 6221 631 8116 950410895
-9836 -5409 1689 4786 15388
-7015 -7260 5835 2449 980753112
3132 4029 4566 1583 2836
-8371 -8941 3630 -6377 924897970
3885 3933 2610 7254 941832381
-2204 7657 1048 -2310 10485
1643 2471 8774 5442 7726
1128 -4465 7117 -5429 971659946
8727 -8074 -8593 -4890 17611
-9316 2668 -1303 -6701 939151123
963 -9440 3521 2761 12467
-9348 -1277 -1024 -8590 947095117
-2497 -8643 -4917 -8387 922151702
7709 8534 -5865 -6768 989947523
6150 9405 -1395 7007 7917
2955 4364 -7276 6624 922915926
2 100
19 4
-9 -7
5918 8535 1855 943 8611
2632 5208 -6994 -4723 945444584
-2803 8108 337 6702 931647240
9236 -5431 259 8305 16410
9149 -4468 808 6153 907757652
7608 9932 4314 7525 963723058
7901 -9466 -4150 1316 16171
630 1624 1769 -4405 909336585
9125 1589 5686 6430 978614174
6518 -2514 -2050 805 9189
-1186 8926 -8715 -4045 14998
-5321 -2755 -1505 2240 6286
-9301 -9676 2399 -6362 12161
4165 8480 1776 -2138 10884
-3779 -3650 -4262 2578 985398135
3756 -3553 -1971 -4202 985431828
-3970 -9641 -4418 8094 17741
-6492 -643 7864 1444 14507
-9362 -7073 464 8579 18481
6523 4740 9577 5701 3202
2012 -6396 -4453 -6801 6478
-5852 -3745 -4569 -2066 939373746
7586 -9332 4364 6442 987348167
6505 4885 8431 1355 912303734
4070 5704 6879 4851 2936
2179 2232 5078 3849 3320
308 7541 9401 -8574 18504
-8646 -5833 9264 5871 21396
7801 8258 -7852 -8716 989132573
2909 4974 7134 8153 5288
570 8987 -6725 -8937 911967625
4914 7838 4636 -1764 915982145
3416 6707 3386 -1276 954145878
-5808 332 -9217 -7936 960229243
7254 7134 5300 -2945 10267
5121 -1028 -387 -9138 9804
-1770 -9761 4678 7795 926072594
9475 8044 -6646 -8488 23091
292 2766 2164 4666 2668
6847 -945 5919 -1523 1094
8536 -4994 -4602 499 996179603
5801 377 3814 2608 2988
8810 -9570 -8979 -5364 18280
-9877 5900 -2156 -3458 12133
6289 -3067 -1472 5632 11658
-514 -4324 -9290 -6454 9031
1389 4460 8525 6348 7382
6477 8787 7771 -2907 932691931
4565 -6028 -7159 -4281 924879714
6902 2905 -7835 -4315 16411
-1979 7527 3711 -3715 953492811
3397 -762 6270 143 3013
8460 -7194 -7641 4953 20170
4665 6337 -3075 -9425 946758651
-5469 3928 3065 3118 8573
579 470 6863 3677 971401085
6035 1768 5711 -1597 3381
-3410 559 4776 -8441 920640326
-3343 -1573 -7319 -6792 924461009
-6751 -3691 -4908 -3874 938409129
-181 3413 -2500 -1183 5148
-4283 4831 -5923 7149 2840
-1298 8935 480 -7928 16957
-1195 -1397 -8942 -518 7797
8991 -2828 -7343 -2183 955902397
-6749 -8769 -7665 -5333 3557
-1103 5149 -4030 8836 982300042
-6763 9672 -4718 6633 993446105
-6498 -289 2423 -4673 962848329
-2666 7208 -9669 -3805 13051
6196 -2493 5523 -2241 969320889
-9276 -2467 6260 8676 19119
383 6905 -5162 -1142 9773
-9520 -6771 4207 1348 968551536
-1732 5624 -5194 -2992 900387523
9850 -5028 -7338 7055 21011
-8555 8713 -577 7724 8040
2146 -9527 -9715 978 980142987
8583 -6621 673 -8742 8190
-9206 -7945 -7407 -9173 2179
7090 9486 -9657 -5353 958396052
-7278 2092 9541 -5421 900248866
8530 8661 7397 2638 6129
3178 9655 -9290 4479 942421104
-4259 9054 1634 2321 8948
-6052 -7671 5249 9728 962672241
4058 -7027 9205 3507 947327164
-183 8734 -2311 6164 949232304
1428 6760 4648 -6544 13689
-2721 -8999 459 -3305 6522
7052 620 7719 -5871 920519339
5270 8583 -4820 -320 13457
3580 -8568 -9426 3912 18026
4375 -427 -5480 -1760 9945
4807 3376 5399 -9836 13226
-4157 4444 9331 -8722 18849
-5285 -6248 -3470 -6788 1894
7661 2823 105 -6668 12132
-4998 -7163 -7364 -314 948369030
-5434 7002 4675 -1139 925498151
2 100
0 4
29 -20
6850 -5965 6670 -729 5240
6527 3053 -6017 -7249 971544671
675 -2729 -2262 8262 11377
-3955 -7052 -7642 7696 905951301
-3514 -9980 -1868 -6038 4272
-3312 -9300 8272 7237 948091729
9695 -2515 -2635 -2306 912556389
-2770 3837 -9978 3663 7211
3094 -6762 6625 7386 14582
4261 -2726 8952 -5011 5218
-7424 4920 7019 -7291 988752544
7726 3724 1373 -370 7558
9956 6097 1073 9997 9702
3713 9264 3591 256 978138794
-773 -4756 -9130 2927 11353
982 794 701 -2051 2859
1982 -6037 4334 -5961 2354
-6074 9364 49 -5323 999302978
1624 7153 -5002 -2476 975207475
7832 -8575 -3757 5418 996492598
-7088 761 5492 8594 14820
7766 2036 5522 -183 3156
-8753 5226 -7879 -9006 14259
6076 6686 -7462 2477 923026456
-7575 1494 5008 7734 14046
2808 5989 6395 2940 999974041
1485 -1905 -6463 220 8228
-1045 2209 2558 2481 3614
-6840 -5122 7156 5039 17296
-1326 7352 -6357 1511 989997479
5456 -3756 7061 7380 942912843
-5669 -2300 851 9199 13219
-2237 6897 2368 -8549 939110942
1110 6515 6546 -3856 916755950
-8725 8780 2201 2698 12505
-3221 2999 -3124 2319 687
-9006 -4617 8469 3380 19218
-7440 5835 -6573 5411 946294889
-3915 -4887 -8766 -877 6294
-1393 2381 2612 -3737 7313
-5857 5692 423 8014 903588140
4641 2632 -422 -1865 6772
4627 -4466 3507 -5625 1612
5002 9131 7764 3455 967389792
7818 8848 -8221 2393 17290
9926 -6346 7347 -9092 3768
1483 4214 3484 3193 2247
-3813 -7930 -1128 -9153 2951
3033 -1705 1892 3391 5223
-5750 -3976 -5672 -4337 945052641
-7192 8217 -1431 -3513 998329962
-5689 807 5877 9725 962899615
3609 -9264 3874 1430 10698
7831 -6570 4457 2821 924091556
4135 -2535 3277 -4900 2516
-867 3615 -9449 1912 8750
7060 8128 -530 -6817 919435633
-6629 417 -7367 3502 3173
1733 -7273 7767 1634 978805088
-4296 -904 1295 7716 923064549
-2933 453 4373 8919 923389535
533 4529 534 -6650 947442675
-5530 3148 -94 1952 989882176
-5482 -3904 -2720 -228 4599
-3147 3188 -5561 -3792 989802848
-6439 -5645 6523 7836 931571571
-9015 -5678 -6736 6965 915017274
-1080 6546 -1412 -5573 12124
8792 -9164 -4402 -8433 13215
-8043 4923 8701 -772 940593269
-5111 9451 1896 6829 7482
2528 3035 799 2037 1997
-3733 4945 5685 1884 912612592
-9992 3266 1684 5677 912259742
-5520 -655 -5247 -4463 982861506
-6074 4282 2346 9138 925584280
8664 1875 7558 70 2117
-328 3124 -2642 -11 3897
-7916 2697 -1791 8775 8629
-4158 -5796 -9898 -5350 5758
-7400 -4318 -5536 -7874 4015
8157 -7246 -1909 2748 939889817
-8019 -904 6694 170 975498825
1243 -5229 8076 6182 13301
-4199 -3957 -4665 8186 12152
6027 -3183 8589 -5858 906875927
1739 3013 -4607 2898 985604378
4286 5792 -8414 6422 12716
2710 9619 6266 -5760 15785
-8836 -58 8114 694 16967
6298 -6439 7023 918 971281601
1618 2132 4265 -5710 978529505
-4737 217 -484 194 4254
3003 3431 -6315 3964 9334
6167 -7164 8155 -4328 951390722
6920 3161 2762 1312 984161780
3147 6436 -6741 2989 10472
7491 -9599 -3317 2013 990299228
-5824 -9707 -2633 5888 15919
176 -2172 -4553 338 5354
2 100
4244 2442
-7095 636
4033 -4233 -7133 -1323 909412462
2876 6142 -2841 -2459 973773409
1748 -5319 -1176 108 6165
-9802 -6880 1689 -2851 924446802
3399 -7713 1562 9443 17255
-4209 -8105 9077 1912 988344052
6107 -8167 -1828 1261 962803256
2841 -8163 1658 -3975 962585325
4968 -2117 4197 5500 972787951
8409 -7931 4080 -4591 5468
9250 -3320 495 3265 992930826
6668 -350 1573 7784 9598
6501 216 -458 -637 7012
-7833 -8826 -4378 -2592 7128
-3999 -5196 -3616 6421 11624
1087 -6830 -6781 -1244 939316092
-8467 -308 -6518 208 969121992
5551 -2856 -2215 6282 958172016
6195 -2654 4196 -9379 969709358
7619 7658 3138 6737 931204904
-5751 3622 -8958 -2827 7203
-5960 -1800 7409 -6613 933477839
9063 3281 -4107 5147 13302
-6573 6627 -540 -1229 9906
4471 6296 -413 8552 5380
-7715 9733 -1631 2537 977442599
-2842 -8317 3780 7373 975261481
-5910 3861 -5251 -5696 939656955
-7394 -4259 1573 -3327 9016
2966 -2426 -1158 5650 901551853
3554 6341 -4311 9087 955776874
6632 -7882 -3871 6599 912291187
8996 -5712 2115 -28 923495090
5225 -5360 8043 -4912 951948758
-2452 9772 -9930 7943 7699
8578 -8590 8144 464 9065
-8103 -8934 -1275 5172 937969662
-6179 9521 5903 2639 950908582
197 1184 -9661 6734 11313
7777 -4057 2531 8796 969485733
-7558 768 -3629 9257 9355
6349 -1435 -9289 2530 956350842
-4299 -5138 9300 6054 949371974
-5420 7047 2205 6646 986606404
-4086 -1194 4657 -8923 902369550
-5224 7234 -9743 -9300 925829996
7786 -4367 -4270 -8572 914317230
-7157 5863 6763 9607 14415
-2634 -9472 657 -253 920978436
4939 -2617 8339 -5846 4689
-4118 9845 -1581 -6113 16159
-2388 370 -1834 5333 903460107
8649 1107 -7084 -847 15854
-1225 -4328 8356 5115 954008098
-6844 8859 6374 1284 15235
-9545 -5375 4389 6758 18477
-5042 2871 -504 -7428 11255
3380 -7489 6854 -1823 6647
5181 -3591 -8576 -6657 921805262
2766 -5097 5729 -5371 948201335
8951 5817 -4445 2985 932902622
-8838 408 -5422 3974 4939
-973 -4226 -663 -6666 996214807
1269 6161 -3013 8805 5033
2037 7715 -9063 4554 993953172
8276 3732 9148 623 3229
-6950 -1441 9661 2173 17000
-4804 4603 2196 -763 8821
1175 -3323 8652 -9326 9589
-5843 7247 9712 1994 16419
-9777 7228 -8403 2504 4920
-4468 2462 6275 -981 942419519
5132 4969 -4416 -7360 15594
-8068 -1931 7220 8836 976335846
6792 -3249 -6785 2780 914087257
-3343 -5288 -9364 7544 947297856
6959 4764 3878 2788 3661
-8543 -8618 7488 -4633 16519
5002 89 -7977 -5013 979987891
-2081 5873 -1910 8845 2977
7788 4561 -4062 -1806 13453
1086 9812 8419 -4344 15943
8921 -1843 5095 -5904 921471190
1538 -307 -841 -9506 944518351
6623 -464 1798 -5887 951996873
236 9536 -20 -6985 917704206
9157 -458 9669 -9283 905654620
-2984 -3094 2931 9199 13643
2338 3871 -4196 1376 6995
-4874 -1437 1300 9280 12369
3026 -1619 4369 -2353 951879899
1534 6414 2639 -3811 945023625
-3803 -3252 9823 -9106 14831
589 -1008 -1832 4315 962987211
-4590 -5644 -7244 -3547 3383
6530 -3054 6138 6833 993848686
8041 -9005 8399 -423 8590
1805 -2738 -8211 2568 908767100
-5177 5958 3196 4825 915198519
9813 -6021 9378 1170 7205
2 100
-289 3940
-7445 -5188
5033 -6949 611 7820 15417
4318 9983 2591 -4986 15069
-2530 8385 -8517 12 10294
9209 1277 6450 -3046 5129
-9016 -4578 5081 -8068 937135784
4808 -1104 2881 5186 999003397
-5140 177 6994 1496 12206
9471 7737 2597 -4203 13778
4925 8036 4768 2077 5962
820 6245 7271 -2329 977955091
660 6013 2080 -2159 8295
2530 -9301 -1933 -7904 995375986
4112 -3351 3355 1733 5141
-8577 -376 5146 6351 15284
2600 8480 -5514 -9020 19290
7745 2941 5779 -5378 8549
-775 -829 -7464 -8500 917770678
-5466 8852 2887 1600 11062
8956 -4302 -7277 -1271 16514
2184 -710 2762 -7113 6430
8165 1385 9449 1628 1307
8123 4128 1186 -9388 960625071
-9594 -5755 -5519 6328 945722779
-4928 5873 -3322 -767 960704163
3918 -1986 7855 -7557 6822
5990 -2094 144 -6526 964963475
-4174 2699 783 -6235 10218
-6869 2309 -4073 -516 965293923
-5116 -5839 -1907 -920 941131614
345 -6280 8087 9207 17315
708 -6109 1413 3950 10084
-9259 -7177 7777 -7161 914437120
-8865 4974 7224 -8982 930436260
5908 -1198 -9438 -3945 15590
7268 -7620 -8256 3936 979730992
-2124 -7935 -2635 -5681 957638463
-8898 -7107 8527 -7463 17429
8097 -8799 -3898 -706 928993144
-6659 9685 1075 -8349 19623
5321 9583 3489 6462 943006738
-4839 -6781 -8083 7520 14665
3040 -3389 -7886 8308 912067309
2616 4013 -8611 -3193 983067135
-4498 -2060 8099 7053 939649237
-5893 8023 -7190 4088 950083341
-367 -8288 9875 -1801 923443880
-6856 4613 -3187 -810 945541647
8725 5493 8625 6005 522
-8637 5760 -3649 -9548 16101
-1072 -2012 -2980 3765 6084
5332 -5518 9370 474 7226
2964 -2863 3747 7469 903910773
-2596 9356 -2304 -4857 14216
-5129 6898 -9245 2501 926808190
-6393 -6136 -1192 -7777 5454
7123 -7198 -8903 -7642 16033
-1535 9668 2648 -7644 17811
-7648 2941 6755 -935 979622573
-1859 1773 7870 9003 939154986
8626 -7502 -1750 -7458 10377
9426 -1846 7262 -9707 8154
-7575 7797 -4762 -6496 978539512
-7062 -3878 4195 -532 11744
-6303 -4915 5187 -11 913078232
-2983 6677 -4815 -5840 962556986
769 -7608 -3959 2205 968275013
-46 7526 -1790 1662 6118
-907 -2649 -7353 -2205 6462
-3670 -6776 -5250 862 984627397
7410 -2130 -3262 4420 12522
8030 -7324 -9455 -967 18605
-1759 -9851 -6182 -6289 5679
-7851 7160 -6918 -9107 916347842
-9020 -400 987 7637 991960626
-6132 3564 9733 -2044 975859904
1794 9422 6459 -5221 15369
8960 -840 -3860 1571 994851496
-2904 -9293 -609 -3873 958592405
-8514 1128 -4692 -2365 950189099
-8422 1536 426 -950 902013382
9641 -8446 -2200 4482 17532
-5077 -9627 3724 -6887 908900831
-8176 1605 -1608 5610 7693
-263 1718 4957 -6496 9733
-3195 9927 -8936 7687 996045986
-2932 2660 -3486 -6185 8863
7083 7221 -5638 7139 12722
-7153 7378 2931 1285 956013755
2338 -3344 9441 7315 928829166
-4982 5961 -9395 3322 5142
258 6579 2789 6106 2575
932 3308 2806 9647 6611
259 3541 4818 -531 6113
-8716 -6499 -4499 4780 12042
4110 -4228 1786 7744 977616301
9214 1895 3827 -2189 947015356
-2315 -6210 -3403 -8991 2987
-387 5765 3351 -116 6969
-8774 -361 -4353 8229 9661
-1023 3980 2341 -1346 6300
2 100
6545 -3038
335 1704
-4149 -3741 -3278 -4324 998237869
4460 3201 6042 5622 996636354
3252 6551 2077 -1038 7680
1531 6032 -9921 -7395 959202926
-9836 3162 -660 -9388 914862932
5301 8455 -5490 6352 974611331
-3294 -7251 -8390 9985 17974
1492 -1476 -5137 4559 8965
2461 -4303 -1751 5889 11029
-202 4005 8427 -2201 10629
667 -1505 -9567 -5106 974138692
4849 7501 -5548 -2989 950897264
6095 -9829 -3584 2433 15622
-6567 9790 -5758 7140 2771
4499 865 -9199 -1814 13958
7088 -4235 -9192 -2119 961461931
6504 3679 6979 5500 922775642
4500 -8889 8910 -3879 6675
-808 -167 -2413 -2505 2836
-2551 -7728 -9565 7989 17212
-5444 -337 6378 1253 983647477
5174 9246 190 -6083 16119
-2899 6876 -2479 5053 1871
-8052 -8662 -2918 -5233 979335912
8200 -3380 7532 2117 5538
-4730 1557 5336 6837 11367
-5197 3220 -7244 -8822 957611755
8535 9020 5981 -2756 957830694
7923 -1540 7432 4137 987240285
-1347 -3066 6954 1604 967868831
-1665 -9982 6792 8807 903312100
6318 -3627 -9404 8044 999281023
4180 -1168 -7203 -8472 900221496
5175 -3489 2279 5737 991794779
187 2862 1467 -8678 11611
-892 -3529 -4597 6540 10730
-4119 -8797 9953 -880 938190665
6055 -8671 -9628 -2221 16958
-1775 -2596 5129 6233 11208
-3651 9453 9428 6694 13367
-1987 5421 -809 5874 965650453
4365 5601 8834 -1205 999816238
-19 -29 -4164 5457 6876
-6454 8800 -7589 -4976 948359842
-4155 -3381 2707 427 7848
3582 6609 -5803 -9403 924507692
9120 6659 8435 33 984609577
1877 7105 3982 5514 910563948
5800 -9642 1253 -4815 6632
9100 -3161 -7636 8300 980405925
-1459 -8912 -8789 6280 16868
-9603 9880 1719 4184 12675
4987 -2550 9738 790 971658240
5388 -6463 -7278 2452 940245929
-709 -2402 -9753 -2366 9045
2620 -2738 -7027 -39 991908232
-7099 9577 4262 -9146 21901
-2790 6007 -7330 6575 4576
5947 7671 6219 -7560 15234
3669 640 3918 -4214 970668160
8565 4931 4896 -2773 986011734
-3099 6797 7310 -860 960654746
-7728 4739 6770 7281 916339031
3382 -8390 1680 -6857 946031698
-75 -1984 4756 -4530 980430567
7515 -3058 6396 -6243 3376
332 4211 -5908 -3704 981614437
-1512 2866 -8475 4128 7077
-7941 -7211 5802 6504 19416
-6694 2012 -556 -9308 12878
-6282 -6581 5266 9059 19442
-7704 895 6743 -7501 16710
-2910 -6348 4820 -9870 913130211
8337 7789 -2395 -3621 909021343
-881 5771 2465 -2112 8564
369 5329 3869 7140 3941
-3844 6669 7714 -1934 14409
2201 -6334 -2044 8881 983957459
3280 -5853 8213 156 969656919
1986 5042 -4405 131 8060
706 108 3749 -643 3135
7636 -6659 -3195 -7508 958789989
-8960 6988 6565 1009 989822364
-5341 -5335 3404 5387 13837
4408 -6502 -5393 -9361 943508016
3077 -6896 -131 -1178 6557
9245 2929 4433 -6749 10809
286 -8139 9324 -8190 935550575
-3983 5779 -3182 4626 1404
8878 4212 2000 4372 6880
-1017 4825 3268 1678 5317
3706 4212 -4919 3242 8680
-9460 6800 -5694 8455 988430471
-5216 6566 9828 -8980 993503530
-9712 7244 9909 9385 19738
-4738 7102 -7653 -1239 982824736
7865 6439 7733 7196 769
-4550 5755 -3512 4574 915879494
4461 3444 -9441 9151 904115409
-1084 -8966 -2250 1354 950767696
2 100
-3101 -5836
2436 -7517
9924 2293 1366 -2652 9884
-6933 -3309 -5494 1362 966106677
6188 2800 -6523 -712 944179923
-971 9305 2121 2677 954181735
-6782 3504 2770 -9622 16234
3002 -8732 6534 4230 912825331
-1368 7428 -6410 3199 6581
-4410 7988 8007 -8877 992971443
2770 651 9042 8464 10020
5155 1650 9191 205 945397182
9898 642 3271 8693 10428
-2873 6967 -265 -4965 922446080
8206 1002 4188 -1390 4677
7008 -5929 284 -6431 6743
-6283 -3620 -4745 -6241 914312456
1157 1710 2111 3094 1681
-4220 3092 3483 -2924 9774
-573 -8532 420 9813 947815117
-4403 -6621 -7174 1860 8923
-659 2335 9701 -7620 14368
5985 -5262 -8334 6905 18791
6064 -8033 7454 -3439 940699998
6219 -6409 7558 -489 6070
-9312 -6776 -8932 8993 986346455
-3769 -1039 5362 8331 902188741
-7552 9244 -8727 5918 3528
-5875 -690 -1935 -3950 5114
3532 4923 2593 -4243 9214
-8615 8455 -1089 9877 7660
5284 -1640 794 -3330 4798
1092 -5506 6373 2649 975349256
-6516 7272 2566 9602 960945642
-6779 -1013 4331 -5862 12123
4673 -6404 2555 -1006 973633086
1752 9991 -5978 9608 7740
-5888 -7513 5511 -134 13579
5668 6302 -8777 3817 14658
-9338 9481 1207 3690 994519728
8689 6726 4392 -5433 12896
-8271 7880 1716 -3600 15217
2771 -9526 9028 -7112 965220404
-150 3669 6368 -4567 10504
7243 -8683 2243 6987 936255898
4700 5681 6699 6010 990674687
-7395 370 -5053 641 941802561
-9505 -6744 -1410 -7497 931249326
3865 5932 2007 -5176 11263
8196 -8864 -8300 6324 22424
5155 8897 1142 4166 943507349
852 5479 -9215 5683 919359709
1394 -1119 -5606 8936 12252
-1698 2049 -1192 4750 922042916
5690 5849 -7048 -257 934738314
-1407 -9071 -749 -704 8393
7200 6943 6069 -8819 914891279
-6887 8419 140 -3106 928983123
2591 -5349 -6133 -8408 966304152
7573 -5913 3437 -8687 958741347
2019 3545 -9307 -991 12201
-8509 -3620 9019 6284 20133
-5336 -471 -5491 4296 4770
8479 -7025 -6024 -4744 978130273
7896 -6227 7454 -2568 926352922
-5718 -7475 3830 8793 947497353
-810 1181 138 -8728 9955
-8952 7909 -1994 8222 973380412
-517 3675 -1344 -7716 931756631
-4772 6871 9000 1403 987682319
6197 -7121 4180 -1622 5858
-3992 6064 1095 -7732 14704
-220 7404 -7662 2652 983319041
-4424 5259 -5481 -6987 916661753
-5811 8740 -909 1699 982601567
-1477 3320 5951 -4282 10629
-4442 -8624 1343 8812 18371
1808 2548 385 7270 4932
-5104 -8056 9642 1663 939583012
-8867 -3489 -7710 -6894 917938079
-9538 2536 1250 -7348 998883349
-6932 2958 -7164 -4155 7117
8352 -7178 9103 1712 915280194
-4893 -976 9268 -1323 917042784
3949 -8133 -9106 -4172 981291241
-2654 2520 9344 -6118 917326373
-9098 -7417 -4102 150 9068
-2646 3704 -2909 5376 1693
-67 -7330 -6746 -9975 910850357
3344 -5307 9241 6089 12832
836 6192 -1001 -4789 11134
-9968 -1823 -2218 -8621 10309
3607 1688 -5312 693 8975
7421 8948 -1619 7151 966820497
1879 1571 5945 -9197 951841254
288 -9210 -7532 876 905871264
2683 6123 -768 5922 957257837
-9065 -4584 7332 8230 998817041
-5142 -5981 3448 -7566 8736
-5323 -8709 6594 1085 15426
-7152 -9435 -2963 -7235 4732
-3781 7239 8887 -6717 18849
2 100
-21 14
10 9
-912 -8580 8169 70 12542
6598 6926 3654 5312 904306464
6079 8402 -4309 -9353 20571
-2451 -9741 -9027 4014 944880155
1701 2309 -5828 -3689 931493705
2252 -9238 -6397 6239 17730
4854 3999 -8880 -8838 939690898
-833 4032 -503 5133 938550396
-1708 4073 608 -3673 965021411
-4332 436 7818 5046 901106044
-2539 310 -8106 18 991010729
-1752 -2032 9717 2162 12212
-5017 3049 -5195 -6442 9493
7747 7520 7388 9608 986485683
8201 -9788 -4155 9686 963084467
-7822 63 -4146 -2020 4226
8565 -7684 1954 6630 15767
5741 -9649 6946 5241 942907663
7215 -6519 -9053 895 17878
-3474 8506 -8001 9371 914902085
-7629 7342 -3568 8859 992204568
-4760 1694 -5352 -874 900241742
2853 9854 6277 -2811 942933249
-7717 8483 3725 -2193 15650
2973 -5721 -7688 7590 17055
4722 3872 -8364 8250 13799
9158 7994 5307 -5759 917103774
8950 6808 -9852 -4417 21898
-4916 -7817 -7735 -7179 2891
3937 -9407 4098 -9842 931797495
-3373 -7718 5074 9692 19351
-4011 -4875 -9981 6017 12421
-1994 2630 -1634 -6940 9577
664 4622 7465 -1984 917860574
9889 -8823 -8495 111 20440
-3144 6527 2839 7826 6123
801 8061 -4581 4941 6221
-6465 -7781 7931 -891 15960
-7035 -5811 5318 8751 988993170
2891 5348 8527 9212 6834
-7813 9135 -3937 -3571 999658563
7976 2210 3516 6644 6290
-2422 5927 -6130 -5384 11904
-4011 -5546 5313 2602 12383
-682 -767 6623 3167 8297
9144 855 9536 -7781 987624120
137 5813 8749 4654 996995807
-8151 5067 2134 -2093 12532
-152 2842 -2247 -3560 6737
6546 -3687 -1168 5641 952029532
-2136 -4676 8760 1559 12554
9438 9635 1134 -9975 966981079
9165 -5374 -7698 -2041 942724996
-4506 6325 4527 -6279 15507
9789 3757 -4297 -9527 915320664
-8831 -4375 3413 -4211 933668846
1358 -961 -9084 2483 10996
-6705 -2501 676 799 8086
5911 -3603 -9799 -8467 955961092
-6642 4192 7204 1938 14029
-8003 8045 1385 2941 10686
3143 -5091 -2371 -6739 5756
2646 4842 8747 -1742 910807416
2821 -4003 6484 -2063 924114585
8257 5397 -3288 448 12562
2158 5036 6489 -2977 979355461
-6497 -1345 4158 5716 12783
-9133 5347 -4287 7466 5290
-5985 -762 4308 -4342 10898
5973 -5608 9809 6568 12766
8171 7428 -6524 5656 988209886
9568 -1831 -8636 5799 926224596
1317 -9874 1571 5435 900179944
-3847 -1734 -3509 2552 982082389
9976 7931 6754 -3207 11595
1936 1263 201 737 1813
5354 -5996 -8559 8807 20316
3226 -4192 -5638 -3851 8871
5343 -6936 -8495 -6330 13852
8441 -6340 -9042 -9933 17849
-6111 -7174 -864 4086 12423
6108 -9434 7602 -2806 6795
5953 1354 1069 7909 996770803
-125 -6023 7833 3706 974738314
-9850 -5745 -1540 -8844 8870
-1087 6441 -274 -7049 13515
1549 -4057 8825 -2137 953506530
8852 -631 -3033 -2737 951981023
4600 -9538 -4099 5621 935935956
2775 -2144 9796 6516 11149
2569 -7344 -8135 3668 976064526
7330 9990 -4192 8014 974654347
790 -1905 8619 -5075 8447
-992 -6918 -274 9646 938805513
-134 -2547 -36 3815 983227798
-2187 9639 -4399 -6456 16247
-92 -8880 -2680 1096 10307
8175 8621 1556 -866 916304685
-3707 -7388 -2144 5639 13121
7806 414 727 -9090 11851
2 100
-8 4
-19 28
5126 -1471 7134 -1413 909811521
3657 5788 -2231 -1517 9383
563 -848 -3148 -7245 935555766
-896 -7260 -7909 7551 16388
-8853 -156 8253 9965 19876
1884 1550 19 6721 959474182
-9292 -249 -7498 -6321 6332
964 -8370 2019 -1825 929127723
1143 997 9149 -1437 995868017
-9825 6667 4354 -5390 943988751
-7981 -7919 9635 -7886 969646990
-766 -3753 -728 -685 3069
-9818 -5343 -9970 1068 6413
949 -134 8901 -6136 9963
-1368 4006 3713 3660 947443194
6535 -7508 6914 -7954 956953260
5925 -1813 2750 3975 969756155
-2594 -566 2718 -8527 9571
6165 5828 -5436 4479 977586845
-3700 -9940 -560 7183 903985329
2890 4768 -5502 7655 8875
-9998 -4646 -7175 7715 12680
9285 3909 -1469 -7293 15529
-1467 9043 5396 -8145 965925488
5262 7943 7481 -2010 917791774
-4744 5695 -248 9145 922938134
-4987 -9177 -6086 5684 14902
-4515 -5785 -8578 2357 9100
-8320 4591 2987 -5255 901516374
7000 -9476 1861 3162 972618531
3207 -4346 5797 1622 971521458
-9813 3591 8427 3182 927818884
1056 775 342 9892 9145
-9893 -2509 8485 -1427 930658570
-5992 -7914 8551 -1765 15790
6191 3655 2224 -1980 995264468
-7379 5559 -9227 4178 2308
-7357 2284 3007 -2902 950949832
4702 -4120 4883 8137 12259
-3536 -4590 -1178 -3307 900547899
-2810 -9433 -5540 6314 15982
-2551 1506 -61 -4224 6248
-1394 -7604 5056 -6101 963570146
-5971 3714 -1644 7612 997143771
6081 -7300 4272 -1276 6290
-254 -4399 4353 6784 957269242
-2724 3511 9485 4751 999817425
-4663 -6106 -2712 -6664 2030
-8726 5432 9609 -334 926684318
-5157 9679 -2580 -6160 910430149
8399 -5207 -4730 5128 16709
1422 1714 5888 -4744 986656039
-7476 2141 1289 -4362 903041135
-8866 1083 -5478 -1282 4132
-399 -582 5055 688 5600
-3316 5077 4066 4468 966843748
-4109 -5638 -4111 -4164 940074731
8200 -7616 -9743 2867 913917999
-6196 -325 -7256 -1114 916328297
-9134 7326 -2259 -2070 999874535
-8033 -5110 6976 -744 15632
4400 -6023 9462 -7066 953293949
743 -7481 -7473 4932 922513971
-6625 -3708 8644 2808 16602
-6944 855 945 3995 964257661
-5412 4414 6236 -3309 975607652
-2789 5590 -3217 -5069 964935971
3202 -2326 3434 1840 4173
8210 -3102 8931 -2946 738
-7780 -7603 5424 -2537 907373431
5437 -9329 114 -7796 968340370
8333 -8454 871 4573 15013
-3514 5692 8719 3107 914970318
6105 -8528 -6084 -2491 950235380
-7695 -1985 -808 -10 993654708
5945 -7647 -9049 3887 994653051
1793 5520 5665 -5631 11805
747 9156 -3891 -3689 13657
-2479 -3393 -7974 4097 9290
8650 -9261 3726 -4113 919789873
3895 -5186 -3960 -1628 909633730
7860 -8338 339 -9211 951842762
-9843 -1116 4593 2567 910621956
8763 -9219 3274 8552 18600
-8218 -5968 -5800 -743 924215463
-4004 -6736 -2412 -7770 1899
8105 3709 5696 -7382 11350
6993 422 4627 -4906 5830
4940 -5886 -6939 -8594 12184
7528 -6688 520 -4050 992826436
1608 2867 9032 9997 906041895
-8228 1157 -6899 6058 5078
-6420 7833 -8157 5317 3058
-4858 9424 4191 1462 12054
998 9059 7825 1810 999024717
-5263 354 9396 -7621 16688
7247 -8884 -6813 7933 959835220
-7777 -8072 101 3235 993882781
-6850 -6270 8870 1607 17584
-707 7822 -8522 -8460 927701763
2 100
-9 20
10 8
-5261 1661 -2807 7230 941084865
7986 8659 -6111 -3234 18444
-5494 -883 -9362 763 4204
-6069 3285 -115 -5357 10495
-3717 -4147 -4012 -3445 989351936
-4205 4983 9892 1738 14466
-6089 -2808 9245 6526 17952
-6244 -7255 -2768 9462 914705717
-860 858 551 -5387 991407743
628 6457 -691 -1729 8292
-4091 319 1565 2914 987867721
9763 5558 -8353 -1849 936577825
3926 6983 -8472 -4261 913822446
6016 5734 -5476 -7097 17226
-6363 7360 -1077 -1450 977666012
7824 -5817 -9667 -7443 966152308
-9650 -2570 6358 9012 976665735
-9562 5348 -9398 4187 946049459
2618 -3462 5970 6121 947805082
9984 894 7905 6690 950746042
8218 -4027 8199 -1090 960141995
-6723 -1050 9563 -1727 16301
-7950 -8009 -8449 1742 9764
8391 8675 5445 7873 988786231
-6693 -7542 909 7869 953285896
3407 3372 5081 3014 965857279
791 4280 -9191 -1861 996715997
-6239 -3270 -9713 -5764 945852843
-3306 2108 4328 -2113 8724
8753 508 -1729 -1870 957697233
8637 3719 -9903 4795 980980986
6265 -2430 -3285 4396 11739
-5261 -1384 9141 5965 910841371
-5020 -1837 831 -435 6017
2643 -6347 357 2947 9572
3467 -7301 -1437 -9706 935721372
5454 -1956 9159 4941 7830
9244 5455 -3825 -8656 931357251
5059 -8981 3175 8083 17168
-6947 -4730 1704 4221 966917134
7747 3963 1084 -7707 909053354
3708 -380 -4443 7974 984613261
-4524 -6592 -9494 6714 926011646
-8255 -4223 8578 2907 18281
-3623 -563 -9920 9943 12249
8015 -9133 3606 7041 16765
37 -966 -2455 -2549 2953
8358 524 1017 -8795 11864
-8436 -1716 5312 7743 901166176
1255 5504 6071 -7344 948263435
-9229 -3739 -4144 2961 8412
-1755 -4299 -8643 -841 7708
-837 1380 1315 -80 2601
-2938 1600 6624 -3825 975771668
5095 -5348 -7515 -3049 12818
-8905 -9984 -910 -3202 915449867
9786 -2530 -7304 452 951200981
4117 1539 1108 6449 5759
925 -1602 -3809 -2433 943794587
1749 1405 4003 604 915325801
5646 -6917 3506 9894 920020725
-2735 4805 8242 489 11796
7460 4661 1639 -903 920530065
8807 9458 -759 6801 928839056
-5204 8381 -5944 5946 2545
2511 2411 -2981 -3304 969368062
586 490 -151 -7932 8455
2445 -5349 -4998 6676 932321441
5680 8010 1368 8976 4419
5947 3452 1482 7715 934163781
655 -5918 3506 -4181 987431425
5671 8580 -1400 1901 904337425
947 -4409 8870 -913 8661
8168 6276 -3703 -4084 904874334
9717 -4323 5040 6455 935285129
5798 6978 4024 -508 7694
-1426 6904 -6699 -608 9178
4412 8833 -3023 958 10831
3927 -941 -2025 8095 909473031
6782 -9756 6420 8046 17806
-8309 -7692 -3336 8951 957498636
-3934 429 4095 6347 901798371
-4167 2464 -4180 4572 2109
-500 153 -8250 4114 915316773
-5060 4062 -9956 -1059 7085
-6280 -8427 -8944 8488 17124
-4174 3886 -7972 5617 955624398
2665 326 -7495 5943 988285378
-2175 557 1598 -91 992574937
5073 -360 456 188 902509370
-792 -6479 -3571 -5876 948385147
1658 -7676 4868 -5899 910010683
5727 1526 5988 241 1312
-4377 9557 745 830 940502541
-4300 8682 -8789 -320 950449463
-1213 -5098 9881 9656 18460
-189 -982 -4098 2240 956805758
8053 -2129 5321 1305 933276872
8780 8562 -2812 6564 995233523
3660 -6183 -8269 7710 18312
