5
30 30
18 18 24 23 2 3 9 23 5 8 16 30 15 10 6 23 21 11 9 19 26 27 15 1 24 25 14 18 13 22 
16 16 8 12 17 10 6 1 7 25 23 18 19 11 13 22 2 29 25 30 18 21 4 12 1 24 29 19 27 5 
28 2 5 10 27 17 22 11 9 15 21 8 1 13 11 17 27 25 18 15 2 20 14 24 14 22 4 8 18 4 
30 16 22 30 18 5 4 20 29 23 23 22 28 28 18 14 10 21 21 30 22 7 28 28 10 3 9 30 26 26 
16 26 8 18 4 14 19 29 20 9 22 22 28 8 28 5 25 23 10 14 6 13 14 5 21 26 23 24 21 9 
21 22 3 12 7 27 2 4 21 16 19 24 25 2 30 12 26 30 11 14 21 1 6 24 19 28 18 21 8 2 
3 16 3 15 12 1 3 7 5 21 18 1 16 25 3 18 22 1 8 18 10 29 29 24 16 6 19 8 27 22 
30 24 8 19 29 2 30 14 24 10 18 24 11 19 28 20 13 3 3 1 27 4 13 19 19 3 17 23 26 2 
25 29 1 22 23 16 17 27 5 9 27 26 18 24 12 29 12 5 22 14 26 3 24 4 27 5 9 27 18 5 
27 26 21 8 10 29 17 27 18 23 28 22 25 14 5 27 12 29 22 7 16 5 9 9 26 2 7 3 23 14 
7 29 1 10 4 1 29 10 7 20 23 8 2 25 23 8 28 6 1 12 6 27 13 26 17 29 14 3 17 28 
25 26 15 11 7 6 23 11 23 14 24 21 14 24 13 18 15 4 11 23 18 14 23 27 30 12 1 1 15 16 
1 29 13 9 5 11 24 25 8 16 14 1 22 14 21 21 13 23 15 15 16 29 30 30 30 19 25 28 25 23 
18 10 8 25 30 13 27 21 1 11 7 28 15 20 20 30 5 4 4 22 14 5 11 8 16 16 24 29 22 21 
30 14 25 8 19 2 12 27 22 28 6 3 20 2 11 20 26 22 30 15 3 4 29 12 21 14 4 7 10 12 
11 14 26 16 7 12 22 9 13 3 23 13 27 13 15 1 17 29 9 18 20 1 13 5 27 8 24 6 13 28 
14 19 6 19 27 20 12 9 10 9 4 22 10 6 18 30 30 5 14 6 17 28 25 13 12 15 10 20 29 9 
18 12 3 2 22 20 1 13 17 3 9 29 12 2 29 8 5 4 11 27 22 14 26 29 28 21 27 3 15 6 
4 8 18 24 5 9 23 28 22 24 28 24 3 4 15 20 27 10 2 29 24 4 11 7 16 11 28 27 29 7 
4 19 26 25 18 8 24 4 18 19 30 7 4 24 26 8 26 22 24 12 20 6 15 22 5 6 29 29 26 29 
13 2 14 1 30 20 27 17 6 18 28 22 11 24 23 15 24 22 28 26 16 25 26 17 10 20 9 17 24 7 
27 14 13 4 21 18 11 30 18 20 7 13 5 23 12 7 4 1 5 21 24 29 5 1 21 29 21 26 16 2 
22 19 24 20 22 20 4 9 7 27 30 27 8 2 18 8 30 29 8 12 3 15 8 24 22 5 3 6 30 1 
6 24 30 12 2 24 24 18 8 8 19 20 13 3 8 26 26 16 2 13 8 29 22 23 7 4 30 28 2 15 
6 1 2 20 11 4 1 4 9 22 7 20 14 28 18 7 12 11 1 29 16 26 7 8 16 3 6 15 6 20 
17 27 12 19 6 15 6 23 6 3 21 1 27 16 10 12 30 16 11 1 12 2 9 16 26 1 7 5 12 7 
23 5 9 14 4 6 6 28 5 29 6 25 17 30 3 20 26 25 30 11 12 21 11 5 12 21 30 25 7 21 
13 8 28 8 23 17 1 21 8 3 22 10 16 26 30 11 22 15 2 24 30 18 5 13 24 26 6 15 28 14 
3 18 19 12 4 13 20 12 17 30 1 8 9 20 8 28 25 30 11 23 26 18 23 26 26 23 3 8 8 18 
28 21 26 23 16 23 17 16 8 26 10 1 12 6 21 30 17 24 22 4 19 27 16 7 13 7 4 7 16 7 
30 30
18 12 18 3 2 19 20 29 14 18 15 6 22 24 15 20 29 28 17 12 29 18 1 2 25 6 24 23 16 14 
28 20 17 16 6 22 30 6 19 21 4 29 25 15 21 2 25 6 19 1 17 9 9 21 20 16 27 17 23 13 
20 10 26 22 29 16 8 19 22 7 10 13 17 17 17 23 5 27 1 11 27 22 24 28 2 16 19 4 8 19 
20 12 15 1 8 10 30 15 6 24 25 26 22 10 12 12 16 30 21 4 14 22 23 24 11 22 13 30 16 28 
13 3 7 28 10 12 16 23 3 20 7 28 24 26 26 7 22 23 16 23 13 15 12 17 20 23 9 11 2 7 
28 15 10 17 14 5 19 21 10 20 24 9 21 18 16 19 6 22 30 14 11 4 9 6 26 29 27 15 25 17 
4 21 17 17 8 24 1 16 15 26 2 8 2 10 1 10 18 2 5 10 14 22 29 1 8 13 23 15 24 3 
26 13 18 23 14 19 25 20 25 18 14 7 18 12 30 4 14 24 18 11 18 11 5 4 27 23 18 18 22 6 
10 9 8 10 17 27 24 1 15 13 13 19 6 24 29 30 9 8 5 3 27 2 13 11 21 8 30 19 6 18 
29 11 11 30 20 21 3 24 10 5 16 5 19 20 24 15 29 19 27 2 23 23 26 20 20 6 5 23 28 4 
24 1 14 15 15 5 27 7 28 8 17 16 14 23 13 16 19 19 20 24 22 16 7 5 18 25 13 21 22 22 
23 29 18 13 24 24 10 4 19 27 27 10 4 19 25 7 14 7 3 12 17 5 12 22 9 5 30 19 16 27 
15 26 17 20 13 6 26 28 12 2 26 7 9 1 18 4 11 27 12 1 17 8 21 24 20 25 25 16 23 13 
25 16 30 24 2 15 4 10 16 21 21 2 19 3 7 21 13 13 13 23 29 14 8 16 3 6 25 30 24 25 
28 19 6 3 12 18 14 8 5 25 30 3 18 5 20 5 4 27 10 25 2 22 23 25 11 5 13 13 9 21 
30 13 11 19 12 8 5 22 29 30 10 3 11 6 5 18 15 13 2 10 13 23 11 16 29 22 25 25 14 5 
5 3 5 9 9 22 30 14 29 24 16 11 28 25 7 5 23 3 3 21 13 9 2 6 7 28 27 20 22 23 
7 25 29 11 18 29 18 24 28 14 14 7 5 11 16 4 26 26 10 10 16 12 12 1 15 4 15 17 25 20 
12 8 7 21 25 30 9 4 22 2 7 13 16 28 1 10 10 7 9 15 28 3 24 23 27 30 13 4 8 19 
26 18 18 15 28 2 28 21 20 14 17 30 9 23 4 30 2 13 1 4 20 16 23 30 6 6 19 9 25 27 
4 5 1 23 1 13 18 21 12 5 16 22 5 26 18 13 15 12 21 9 6 10 2 1 21 1 6 17 3 23 
12 21 20 9 22 23 6 10 8 14 15 16 16 7 27 11 17 18 11 11 19 18 8 21 18 10 16 20 22 5 
11 16 18 1 21 6 4 16 29 15 26 3 7 24 9 12 30 20 27 23 8 23 12 26 28 2 6 22 19 2 
10 8 21 22 27 24 25 18 11 16 28 18 7 21 6 10 27 2 3 18 7 29 27 13 17 20 18 18 18 19 
5 30 2 16 26 22 28 17 23 25 9 29 27 11 30 8 8 22 13 15 19 26 25 2 17 29 12 6 3 6 
13 11 23 29 27 10 4 5 30 7 27 7 28 27 26 13 5 25 12 21 13 18 18 5 1 19 14 3 12 6 
13 2 11 22 15 5 2 26 3 14 2 13 8 5 24 24 23 25 23 2 28 22 6 10 26 15 28 16 1 6 
5 15 9 28 11 17 2 23 9 19 19 25 11 28 23 29 26 22 14 1 4 12 9 8 30 26 9 21 12 2 
23 22 6 13 16 2 14 1 13 3 5 25 8 16 11 18 17 30 6 14 15 20 19 11 7 4 29 10 17 15 
25 3 18 30 7 3 18 1 13 20 9 13 19 26 9 30 6 24 7 14 15 23 13 28 16 28 25 25 14 5 
30 30
11 27 8 29 8 30 7 13 13 3 7 15 7 8 5 10 5 15 3 7 12 20 10 17 11 19 24 5 27 2 
2 24 20 12 18 7 28 15 29 7 20 23 6 4 6 2 9 20 21 12 27 14 29 16 22 9 17 20 22 9 
9 21 20 16 2 1 10 8 9 9 3 21 23 17 18 3 10 25 21 30 12 12 26 18 23 10 15 5 12 7 
14 30 10 17 10 24 5 25 20 30 22 20 4 9 12 19 4 18 28 26 29 11 8 28 14 2 27 3 12 17 
8 22 3 30 23 9 6 30 7 20 15 16 15 10 29 28 15 10 23 10 11 16 8 1 7 28 14 14 11 16 
19 14 3 20 11 29 28 14 8 30 14 12 29 23 17 11 15 28 19 7 15 21 8 1 20 11 1 22 20 4 
28 24 6 3 25 3 5 21 3 6 21 21 24 7 19 17 26 11 21 21 3 20 15 13 11 22 17 13 20 13 
16 2 15 2 7 21 15 11 2 1 17 19 2 6 22 29 5 4 12 24 21 14 20 17 30 24 11 28 2 13 
23 5 3 26 14 10 1 25 21 2 17 27 10 10 18 29 26 13 23 5 6 10 21 20 2 25 16 1 15 12 
26 12 7 20 3 28 16 11 16 3 11 1 11 9 6 23 30 21 28 7 16 21 13 23 21 16 21 16 9 12 
1 18 16 29 16 11 2 3 5 5 13 21 12 27 29 17 18 16 24 15 20 24 25 17 11 4 6 2 11 9 
30 25 2 28 12 9 12 9 16 2 8 2 7 12 25 28 6 23 7 2 21 18 12 15 22 28 7 6 11 22 
1 15 15 20 8 25 12 17 28 22 13 6 24 25 5 26 4 8 11 6 3 1 15 3 10 18 14 8 24 21 
7 10 11 20 17 16 30 2 18 21 21 9 7 21 28 25 24 21 24 25 7 10 17 20 8 8 11 26 30 26 
14 13 22 24 21 6 5 27 8 12 15 30 25 4 12 19 26 27 12 10 29 17 17 6 3 12 9 19 29 28 
17 24 3 23 29 16 8 25 22 5 25 19 6 17 16 5 8 22 5 27 5 29 12 15 12 21 11 8 4 15 
14 8 10 23 20 1 3 9 19 30 18 11 13 6 8 5 8 5 25 12 10 5 2 4 30 24 14 11 5 10 
14 15 7 19 21 4 1 13 30 3 24 25 9 20 6 6 13 22 5 9 10 29 1 10 14 9 14 1 15 21 
27 26 9 12 12 14 8 15 1 6 8 29 16 5 12 15 27 21 20 11 28 21 18 14 28 20 15 13 29 8 
6 27 8 9 7 21 16 8 6 14 8 1 27 16 24 26 27 2 1 16 26 7 14 13 11 20 23 5 16 11 
30 15 9 5 12 4 19 13 29 21 11 27 3 8 8 1 14 23 16 18 21 10 19 10 4 2 29 3 23 3 
4 18 1 12 4 3 27 11 28 1 18 20 11 15 2 23 1 17 27 2 13 4 21 25 11 30 20 4 18 13 
29 29 21 11 29 7 22 3 11 6 10 12 13 19 16 20 15 20 4 12 25 28 13 5 1 24 3 29 22 16 
18 21 15 5 11 6 30 14 7 21 13 29 9 14 18 1 17 26 27 21 23 19 24 30 14 10 15 21 18 27 
19 23 30 12 24 22 30 11 3 25 26 29 10 18 10 8 4 1 14 11 21 26 25 28 21 16 30 27 15 13 
3 22 14 21 17 10 7 20 17 9 12 21 15 14 14 24 9 25 11 27 30 30 23 12 23 27 25 8 7 4 
17 19 23 22 6 4 3 25 17 29 22 30 12 13 22 28 28 7 6 2 12 21 7 7 26 24 7 7 23 23 
7 9 27 8 21 28 2 6 10 22 15 14 11 11 20 26 22 28 29 25 11 13 17 21 4 22 23 8 16 8 
18 19 14 23 9 30 22 23 2 20 2 17 5 19 9 22 23 21 4 11 15 4 12 25 11 22 15 6 5 15 
23 14 27 29 12 8 27 3 19 11 19 16 19 20 28 15 23 17 21 19 8 25 27 16 27 13 21 9 29 29 
30 30
12 5 2 24 4 29 15 13 22 28 6 4 4 6 26 21 11 18 23 11 29 9 11 5 13 15 30 27 9 21 
17 27 25 1 10 5 28 9 5 20 27 1 4 3 28 29 20 13 1 7 16 12 3 22 9 25 16 11 17 30 
26 28 18 15 18 9 16 12 13 17 25 4 26 10 29 8 30 14 8 12 17 19 13 15 28 28 29 7 10 25 
27 22 9 13 14 13 24 16 4 15 27 13 29 2 28 29 16 20 7 18 11 19 4 29 16 14 7 26 2 18 
13 21 14 4 8 14 24 18 28 29 5 17 16 6 23 4 14 14 24 30 8 18 7 17 7 2 26 12 15 13 
10 29 22 4 8 28 28 20 16 13 12 2 14 6 24 16 22 22 2 24 17 14 25 12 3 17 30 24 29 4 
14 11 5 16 22 3 28 9 6 15 22 18 20 21 12 17 25 25 28 23 30 9 16 5 2 17 15 24 9 1 
23 14 27 24 6 20 16 18 14 17 2 28 13 5 5 25 23 10 26 4 25 28 3 21 28 4 28 12 28 27 
13 1 14 23 2 10 28 21 20 22 26 5 11 5 24 25 29 3 26 2 1 8 17 4 26 16 12 14 16 15 
9 24 21 23 5 18 14 8 28 4 27 5 27 19 15 14 27 1 29 19 12 22 17 13 1 25 9 2 8 6 
3 7 7 1 8 10 3 2 18 17 8 23 22 29 5 25 28 26 22 17 27 15 17 13 21 17 13 25 8 27 
18 10 14 21 19 27 19 13 15 10 26 29 28 14 30 15 30 21 17 4 22 27 7 3 22 26 3 6 28 12 
7 4 12 16 14 2 24 13 18 26 18 30 29 11 1 9 28 10 30 24 11 6 12 3 22 6 6 14 25 20 
2 17 5 25 25 14 18 14 30 8 15 18 24 30 19 5 16 22 29 26 2 15 14 16 1 4 19 29 1 26 
19 2 9 11 4 14 30 28 20 15 30 21 15 4 9 26 8 11 26 28 30 17 12 21 4 15 18 4 18 28 
19 18 14 8 28 7 27 22 27 20 22 26 14 6 22 6 25 19 10 30 26 27 23 4 30 12 23 6 2 14 
30 29 11 27 10 29 11 1 3 26 21 18 8 29 22 13 5 26 11 13 12 18 30 26 29 29 18 24 27 29 
17 30 6 24 12 11 17 30 24 6 17 8 25 29 6 17 21 8 6 8 17 27 6 16 26 14 9 25 13 19 
23 14 18 23 22 19 9 14 10 26 29 12 15 8 16 6 29 3 5 16 20 29 4 7 14 17 21 15 28 19 
2 14 1 2 1 18 7 24 23 8 1 18 30 12 14 14 30 25 13 5 27 10 20 23 14 28 14 17 25 24 
4 26 20 10 7 27 25 8 16 10 19 9 15 28 20 11 30 6 5 4 22 12 5 30 11 24 4 1 28 26 
21 25 20 19 10 24 2 23 27 17 9 17 28 23 7 3 18 26 15 13 2 17 29 6 23 4 1 20 20 15 
3 24 27 23 5 11 2 17 29 23 30 29 26 11 1 5 8 11 27 25 26 5 18 15 15 19 18 14 19 5 
18 13 3 3 13 6 27 24 13 10 11 10 1 1 1 29 9 25 19 5 7 9 1 8 9 22 29 25 21 25 
8 23 19 2 18 15 8 24 16 2 14 9 22 25 16 21 8 15 13 14 12 19 13 22 20 10 23 17 16 11 
12 16 10 13 14 1 30 26 8 5 11 1 21 5 1 2 14 14 20 23 26 11 23 15 8 27 19 28 28 21 
2 11 7 17 8 13 30 30 14 16 26 24 4 10 27 25 5 15 16 17 9 13 3 28 25 30 20 17 23 28 
22 8 10 15 11 1 2 29 28 22 3 2 26 19 26 8 20 11 3 25 3 21 30 19 28 2 26 6 25 1 
17 7 10 24 11 26 19 25 23 14 17 19 7 21 19 1 11 16 9 15 8 15 27 28 23 10 13 13 24 29 
10 3 27 29 1 2 22 1 15 20 22 19 6 17 21 29 10 10 11 19 27 21 25 27 24 20 5 25 4 26 
30 30
23 10 15 15 19 22 8 6 5 20 20 12 25 2 10 11 25 8 6 7 19 23 13 5 23 4 16 28 18 19 
16 12 4 25 5 20 28 11 22 15 5 18 30 20 18 3 16 14 3 30 23 16 27 4 3 10 3 15 26 15 
23 5 23 19 9 19 5 15 2 12 5 6 7 13 23 29 20 7 9 12 5 1 28 27 4 19 19 18 24 21 
24 25 28 16 24 12 5 21 26 21 29 9 8 26 29 16 20 10 15 14 18 28 1 4 27 18 7 6 10 26 
1 1 17 16 3 5 6 5 28 25 23 15 28 13 11 30 23 30 9 13 26 21 23 3 23 17 8 14 1 20 
8 21 6 12 15 29 25 27 1 14 10 2 18 11 12 27 24 24 11 17 9 18 7 23 15 14 12 22 10 17 
14 19 15 6 21 29 26 17 3 6 11 9 21 24 7 30 6 23 2 28 7 7 14 18 22 18 26 30 24 17 
25 16 15 28 30 6 27 2 28 4 27 1 7 21 17 26 30 26 13 29 7 26 6 1 13 6 15 19 18 15 
6 24 4 16 24 3 28 19 19 29 9 2 1 26 16 4 30 14 6 22 20 14 20 13 14 16 2 11 2 23 
17 25 20 6 5 22 8 18 26 29 19 8 30 13 4 12 10 29 30 5 4 22 7 29 21 15 16 24 27 5 
19 27 9 29 19 23 7 1 19 2 25 5 9 2 20 16 12 14 1 28 10 28 14 11 6 3 15 18 14 8 
3 19 21 3 2 13 20 5 20 28 21 21 19 23 9 17 25 29 4 22 21 24 18 16 1 7 30 3 17 9 
20 24 9 18 14 18 16 30 30 26 24 17 19 27 14 11 2 18 20 5 11 8 2 29 20 17 20 29 8 11 
13 10 26 9 1 18 11 27 7 6 3 20 3 15 30 25 29 10 6 12 14 25 23 25 17 1 18 18 3 28 
23 26 23 16 11 2 19 15 11 27 7 21 21 20 26 19 10 10 10 27 8 6 28 12 22 5 7 21 14 27 
18 7 27 6 20 20 12 12 3 16 9 20 9 24 26 7 5 3 13 9 24 23 24 23 24 30 13 2 17 30 
17 24 11 22 22 3 11 20 3 19 6 17 14 21 1 14 15 11 2 8 13 19 24 6 12 6 25 4 22 9 
24 7 6 2 3 23 8 16 26 29 14 7 15 2 26 23 10 13 5 27 21 17 17 1 19 28 16 14 22 18 
19 10 14 20 10 10 25 10 19 22 27 10 8 2 25 19 18 14 24 15 15 26 2 11 3 7 29 6 24 10 
24 25 29 20 1 13 15 10 5 19 7 7 12 24 11 24 18 28 6 8 28 15 28 14 25 20 10 13 13 6 
8 29 24 21 16 29 8 22 18 12 8 17 8 30 23 3 12 18 24 1 29 17 11 11 5 29 13 11 11 14 
19 20 20 3 30 12 29 13 28 19 16 19 6 12 9 23 27 30 3 30 26 2 3 13 2 8 27 2 1 5 
8 1 30 25 11 15 21 6 18 1 7 9 3 13 26 28 19 13 15 12 7 12 1 16 24 18 20 17 27 30 
26 30 16 6 4 25 5 14 21 19 27 3 5 1 27 21 6 15 23 26 16 17 7 21 21 19 8 19 3 17 
8 30 23 29 23 8 5 3 4 16 18 10 25 5 13 12 13 4 13 2 12 10 18 2 29 5 19 8 27 16 
11 16 6 22 23 28 28 26 23 24 26 26 17 18 3 19 1 7 29 14 19 23 14 28 23 13 18 27 11 17 
23 4 24 12 28 22 25 4 2 2 18 19 29 16 29 26 22 9 29 6 5 21 16 15 10 24 6 2 29 27 
19 17 17 14 1 1 22 21 20 3 17 24 11 3 20 28 30 3 29 6 24 27 20 30 28 2 14 1 8 14 
26 18 29 9 20 26 24 11 8 24 15 2 3 18 7 15 14 8 22 4 24 17 26 15 30 11 16 24 1 21 
19 16 12 7 27 21 18 27 26 23 4 30 18 11 5 4 23 19 23 10 4 16 22 11 25 13 15 27 27 22 
