5
10 10
1 3 14 30 17 2 15 14 18 19 
14 17 6 18 9 22 23 12 17 24 
28 24 25 11 14 27 12 19 25 13 
9 3 7 2 3 28 26 28 15 2 
27 13 22 1 7 4 23 28 22 18 
13 20 17 19 21 28 10 13 7 12 
6 18 8 27 13 6 16 30 1 29 
25 2 17 30 1 8 24 19 19 29 
20 13 5 2 10 16 15 30 14 26 
3 1 25 3 18 22 13 3 22 4 
10 10
14 30 18 14 25 28 26 1 9 18 
20 2 15 23 14 8 21 15 24 11 
23 30 14 8 6 22 16 30 8 25 
30 6 3 2 9 12 22 5 1 23 
8 9 5 15 5 14 20 7 10 25 
4 24 2 24 4 3 10 13 5 13 
7 13 10 6 12 8 1 10 2 28 
12 17 20 13 12 6 29 19 18 10 
26 4 14 16 24 7 3 12 3 4 
19 8 23 13 14 19 7 19 4 9 
10 10
12 20 18 18 7 19 20 7 15 10 
9 10 18 5 10 7 15 23 9 25 
23 8 21 13 27 3 25 1 11 30 
28 4 21 12 29 4 14 13 24 25 
18 29 21 19 18 5 18 3 15 7 
3 28 26 13 19 18 28 23 15 3 
3 1 12 11 1 1 16 28 28 18 
10 28 9 13 2 23 25 29 13 14 
16 7 25 4 22 29 18 19 13 2 
10 20 23 30 10 12 15 30 4 11 
10 10
20 11 30 13 11 19 10 23 7 29 
4 17 7 21 23 28 5 9 8 21 
30 12 26 23 11 9 19 15 8 28 
7 21 16 2 1 4 30 8 16 8 
10 20 4 14 22 30 20 18 4 1 
10 29 15 29 23 11 23 14 18 16 
28 17 17 5 18 1 18 23 14 23 
30 3 7 9 7 18 3 18 23 29 
30 2 24 13 14 28 10 12 22 13 
11 15 30 16 22 4 24 4 7 11 
10 10
13 8 15 8 2 22 15 12 30 27 
4 8 7 6 1 4 24 2 2 18 
6 28 24 22 23 6 5 9 8 27 
4 3 25 19 15 16 10 19 18 25 
30 27 10 17 20 21 27 6 21 13 
23 22 28 13 2 20 29 8 21 9 
12 2 8 29 22 9 7 21 12 7 
26 16 15 27 1 29 6 12 1 20 
2 22 1 27 16 4 26 7 24 2 
21 23 29 26 1 30 9 27 28 4 
