5
10 10
8 22 30 1 27 27 9 15 4 1 
7 15 11 20 6 15 23 1 20 16 
1 6 27 21 17 30 21 7 21 1 
9 22 9 9 23 1 15 17 17 23 
4 8 5 7 12 9 24 22 16 18 
17 6 8 16 12 18 4 2 30 25 
21 27 10 11 17 12 6 18 12 12 
16 26 5 6 16 5 17 25 17 21 
5 17 14 3 27 14 23 7 28 7 
14 17 23 25 30 18 22 23 30 21 
10 10
5 27 29 15 12 29 26 28 26 5 
12 6 20 1 22 16 13 4 2 13 
23 7 8 6 1 3 2 3 24 30 
15 24 25 17 16 3 30 27 22 27 
21 23 6 12 21 4 10 19 15 4 
6 15 10 26 28 19 29 3 23 12 
10 2 3 26 30 5 1 17 11 2 
8 4 3 1 16 16 12 28 24 30 
21 11 9 18 11 15 12 30 16 7 
3 16 18 21 22 3 22 30 13 14 
10 10
29 8 19 7 12 27 21 30 14 10 
12 10 23 18 5 21 26 23 3 10 
11 9 26 19 17 15 22 15 17 24 
13 17 5 16 4 13 21 21 7 24 
8 17 29 18 14 20 7 1 24 28 
27 6 7 23 3 27 1 4 6 7 
25 19 11 4 13 7 13 8 25 3 
30 6 29 9 9 13 13 16 26 14 
2 9 29 24 29 10 16 27 14 1 
12 2 19 13 20 9 1 25 12 10 
10 10
6 8 10 2 11 13 30 1 16 7 
12 20 17 17 1 27 22 3 16 8 
2 9 12 27 21 1 25 25 29 6 
9 24 13 6 12 4 4 28 4 5 
23 23 19 13 22 1 20 4 29 21 
3 13 1 19 10 9 13 22 27 11 
14 29 24 11 30 21 8 15 29 19 
3 29 18 4 15 30 2 1 30 11 
26 8 21 16 14 19 13 25 12 16 
14 16 16 12 2 8 14 16 9 15 
10 10
25 30 7 19 2 4 28 22 23 3 
24 2 16 7 7 3 24 3 21 12 
30 29 23 13 17 26 13 23 21 20 
25 24 30 12 6 30 2 22 8 30 
25 23 8 27 18 21 14 14 28 14 
23 21 11 29 5 18 12 3 14 11 
29 16 28 19 14 6 18 11 26 12 
7 13 23 29 9 3 11 5 21 14 
1 19 26 16 22 26 5 3 28 15 
9 8 22 25 4 17 21 9 6 18 
