5
30 30
9 15 19 3 18 9 14 26 30 14 2 8 30 16 27 25 28 8 25 25 28 10 5 8 10 20 11 28 17 23 
16 20 7 3 3 12 19 14 13 21 7 3 14 15 14 7 12 18 30 14 30 23 21 17 18 24 27 16 6 7 
13 13 18 15 16 19 6 5 12 24 8 4 9 1 12 15 15 6 12 28 3 2 11 13 14 23 5 6 30 14 
17 18 30 22 10 9 15 27 16 28 19 6 24 15 9 24 17 12 19 5 28 26 29 29 11 13 15 20 6 25 
16 10 13 28 19 24 7 22 8 8 7 23 27 30 12 1 3 29 29 3 22 25 1 19 18 12 16 7 29 20 
20 25 18 9 12 22 29 20 22 13 21 28 27 25 24 10 19 12 8 19 2 22 8 11 1 21 11 11 3 9 
11 30 25 21 19 16 7 1 14 30 23 11 17 19 27 23 14 20 28 10 8 30 2 21 1 21 15 10 24 6 
25 24 16 5 14 21 3 21 13 25 12 4 19 7 5 10 11 22 21 13 12 13 18 24 27 9 1 1 28 22 
4 7 2 26 25 22 14 21 18 5 9 20 21 24 8 19 7 24 18 12 9 4 21 27 10 30 21 27 9 13 
27 20 14 19 8 13 27 18 11 16 9 28 30 14 10 16 6 7 2 27 29 25 27 11 10 23 16 25 24 18 
2 27 17 14 4 29 29 18 11 14 17 10 9 29 10 12 19 2 11 3 19 4 1 22 17 28 16 17 13 8 
15 28 29 16 24 29 28 11 1 28 10 30 15 28 20 21 8 1 19 30 13 12 25 13 21 29 8 9 5 17 
26 28 27 4 18 18 8 8 23 11 9 26 2 29 8 4 17 9 13 7 4 24 14 16 30 22 11 7 18 2 
6 20 10 13 16 11 27 4 30 16 27 20 28 2 13 20 30 27 20 24 7 8 24 11 4 13 17 25 26 26 
5 1 6 27 17 2 29 16 8 23 25 29 28 11 21 2 2 24 23 16 2 22 9 19 15 14 25 15 24 1 
27 2 12 4 9 6 1 8 22 25 23 25 27 29 28 15 13 6 14 26 16 8 7 4 5 13 9 1 6 10 
4 10 21 16 29 3 9 20 15 25 14 14 26 10 4 21 6 2 24 25 6 9 21 16 22 18 29 5 29 25 
5 30 10 18 4 29 29 1 24 24 17 18 27 20 3 2 10 30 18 9 1 19 13 26 10 29 27 21 16 8 
23 8 7 14 13 23 27 8 16 15 28 7 14 1 19 1 4 3 7 2 24 21 7 12 3 5 26 5 6 20 
21 17 4 12 5 21 29 4 11 1 23 11 12 26 29 23 15 7 29 16 11 14 30 8 29 28 8 13 26 12 
4 17 23 7 27 18 3 20 14 8 8 17 4 21 9 29 5 16 30 6 20 7 16 5 17 14 22 24 25 15 
26 19 3 2 12 25 17 1 26 8 19 14 25 12 7 10 14 14 10 9 7 14 8 15 26 14 10 8 20 11 
17 4 16 9 4 11 11 2 4 5 7 26 28 9 6 2 22 12 21 6 5 15 20 23 3 24 3 10 24 24 
4 2 12 4 4 1 16 16 4 25 11 24 29 28 21 24 23 27 3 16 17 28 3 20 7 4 2 18 3 10 
18 20 24 24 24 23 21 20 20 11 14 22 1 12 4 2 16 8 27 27 5 17 11 27 2 9 18 24 11 15 
20 4 9 17 20 24 25 26 14 25 20 7 25 6 24 26 29 2 1 24 3 21 20 16 23 16 13 9 28 29 
17 10 21 1 27 2 7 17 24 18 14 28 17 9 13 14 21 16 13 22 30 10 12 22 28 4 29 16 2 16 
3 24 29 2 28 29 26 24 23 9 26 8 9 26 30 28 25 22 6 1 12 16 15 25 27 27 8 11 18 9 
23 21 12 17 17 6 13 21 12 22 4 7 30 30 10 13 11 16 22 30 12 18 25 5 25 19 24 1 8 21 
5 23 20 28 24 22 7 2 28 13 3 2 14 21 22 21 18 20 4 8 8 10 25 5 20 20 14 23 30 15 
30 30
5 17 10 11 25 26 6 13 2 5 21 24 12 17 17 7 1 17 17 28 23 4 6 23 22 25 12 5 14 4 
2 25 9 19 4 4 20 16 22 21 6 6 23 10 19 19 21 5 22 26 7 22 22 18 9 7 22 30 3 4 
20 28 21 13 3 29 8 1 28 12 22 26 28 24 3 6 12 22 20 12 8 20 25 24 17 3 29 27 8 3 
10 9 1 27 7 5 22 27 25 17 14 21 16 3 21 2 21 22 19 20 29 5 7 30 3 28 22 19 11 20 
9 21 24 10 3 16 2 5 9 10 12 13 17 23 2 30 16 3 15 3 22 14 28 14 28 25 3 1 5 27 
24 7 13 22 14 17 19 24 29 25 21 24 27 11 8 21 14 12 16 3 13 15 29 22 1 22 19 13 30 29 
1 14 23 13 9 22 14 9 14 26 4 25 1 29 12 13 20 1 18 17 2 20 9 12 4 16 24 26 30 13 
19 12 10 20 5 23 28 5 28 20 25 8 2 14 11 6 13 18 4 6 25 13 29 24 30 3 16 18 25 3 
4 19 7 12 16 8 12 28 10 11 11 11 19 30 16 6 8 16 16 10 12 5 6 20 1 30 8 6 29 6 
21 29 13 15 23 4 22 5 5 2 12 26 9 8 5 19 4 24 18 17 14 27 10 27 13 5 24 5 10 6 
24 6 12 17 1 19 10 4 4 6 15 12 20 29 11 23 7 12 3 10 24 12 10 6 20 1 1 23 18 2 
5 24 11 23 1 28 16 1 1 2 16 9 12 12 30 13 18 14 14 30 29 1 9 30 15 8 10 22 16 15 
25 13 7 24 23 17 23 6 25 6 13 11 29 29 18 15 28 16 14 11 3 2 17 27 30 9 29 12 3 23 
20 17 4 18 12 5 24 5 23 20 9 19 21 11 19 29 18 5 19 29 11 8 18 3 19 11 11 10 2 3 
11 20 13 10 30 25 18 20 7 26 5 4 29 18 2 30 1 29 15 2 30 8 7 3 4 27 7 11 8 24 
1 9 29 12 28 7 30 8 30 23 18 17 9 23 28 29 1 21 8 9 16 25 18 27 14 5 5 10 4 11 
13 27 25 28 21 27 12 29 10 19 20 24 17 25 19 13 26 25 22 9 22 12 30 20 24 24 4 20 27 27 
20 26 24 26 8 4 7 21 9 14 20 9 7 12 26 30 13 15 6 19 25 26 11 26 9 14 10 2 6 23 
3 5 29 19 28 2 6 22 20 2 14 8 12 5 29 16 14 20 26 1 30 14 5 1 25 15 22 30 30 8 
18 26 22 6 15 18 24 7 21 19 16 4 23 13 12 13 21 29 18 1 10 30 13 11 19 29 4 23 17 12 
27 1 16 16 16 24 23 22 4 14 9 10 3 3 14 9 2 13 20 9 18 6 1 22 29 16 21 19 9 11 
24 24 17 26 15 13 14 2 29 29 10 17 26 28 21 30 13 27 16 30 30 7 29 22 10 5 11 8 16 3 
28 4 24 30 16 15 17 1 13 14 11 3 20 3 25 2 9 16 5 3 30 1 5 11 8 20 3 5 28 11 
6 16 13 29 15 7 22 30 24 15 23 12 20 5 12 1 26 30 7 2 8 19 19 24 16 3 22 1 15 22 
21 2 29 11 3 23 15 1 14 7 27 18 29 16 2 7 30 4 25 27 25 14 4 25 17 20 20 20 12 9 
23 22 25 15 10 21 3 15 21 11 1 13 6 23 3 2 15 30 5 12 27 7 17 11 8 17 21 18 19 8 
30 15 20 6 11 13 2 20 17 13 30 4 28 25 5 24 12 29 15 4 6 19 2 30 22 26 23 27 22 15 
8 11 6 29 12 13 9 7 19 5 1 16 5 23 29 10 4 17 28 30 23 6 7 23 19 26 20 30 14 16 
26 13 20 3 17 11 2 5 29 20 2 16 20 1 24 18 18 21 18 22 25 4 9 5 27 8 26 13 18 7 
28 28 1 25 25 5 1 27 11 25 10 28 23 16 10 23 24 17 6 1 24 12 4 15 20 8 29 2 5 28 
30 30
20 21 29 17 6 11 2 27 7 1 18 2 22 26 14 15 3 10 5 29 2 27 23 17 23 7 12 2 27 7 
9 22 9 29 11 17 8 4 6 6 15 16 24 13 27 19 2 8 4 3 28 26 18 9 6 18 29 28 25 30 
15 12 29 20 9 20 4 28 5 17 26 14 8 14 23 28 8 23 19 5 30 13 3 2 30 2 13 20 25 4 
9 21 19 3 21 12 4 26 7 18 11 18 11 3 21 18 18 19 17 23 27 27 16 22 11 17 15 9 23 4 
3 19 21 4 18 28 17 22 10 3 29 21 14 3 5 6 8 9 19 9 29 7 15 19 15 24 20 4 25 29 
5 25 4 9 11 5 12 23 9 13 13 22 17 13 11 25 13 10 3 11 8 27 27 24 23 25 7 27 20 3 
11 15 29 15 7 1 14 22 16 20 6 22 22 7 13 1 21 25 3 15 3 5 24 5 25 3 16 28 12 23 
2 17 1 6 26 4 1 10 9 16 16 1 10 22 11 24 1 11 24 3 18 21 25 27 25 4 14 20 22 24 
1 11 21 9 4 15 12 9 13 2 21 23 18 8 22 27 10 21 24 2 11 6 17 20 13 8 23 22 28 7 
25 20 27 17 26 20 10 6 4 7 6 15 6 4 16 21 27 16 7 3 20 29 26 1 1 17 4 12 7 5 
12 17 25 24 17 7 3 25 22 6 5 30 8 27 17 1 24 25 13 12 5 14 29 7 23 8 6 14 27 15 
19 26 2 3 19 11 13 19 5 6 3 26 11 5 1 9 19 9 13 21 27 7 26 5 2 28 18 28 14 1 
4 20 21 1 26 24 7 28 4 23 18 12 13 16 8 16 2 29 15 17 14 15 24 24 24 4 5 24 12 9 
9 11 4 26 21 27 10 16 20 28 18 3 5 18 15 13 27 5 27 6 12 1 7 21 5 2 9 5 14 28 
20 14 25 13 21 12 25 20 10 13 2 5 5 9 1 12 5 7 6 20 27 24 9 23 19 11 17 1 15 16 
12 10 26 1 14 8 8 28 14 6 26 3 11 1 14 14 1 26 2 23 23 21 6 25 20 7 19 26 11 30 
28 9 12 24 1 26 25 23 15 27 26 30 13 10 1 20 12 1 14 20 21 18 11 9 14 9 9 13 5 19 
9 6 29 3 23 30 15 10 21 21 13 23 15 6 22 4 17 28 12 18 30 1 30 30 12 12 23 21 30 22 
4 12 23 26 18 17 17 8 14 20 20 16 24 28 10 21 8 21 3 1 8 11 17 13 8 11 11 19 3 28 
7 14 23 26 25 21 24 29 11 22 1 19 17 26 7 9 28 4 11 14 3 21 26 12 5 27 21 27 20 26 
18 15 1 5 12 6 21 23 16 23 26 23 3 9 16 4 19 5 23 12 24 11 22 20 9 4 18 2 28 4 
1 29 13 29 18 11 27 29 9 3 29 11 15 7 23 8 12 26 9 28 11 28 3 19 18 9 4 28 6 17 
9 25 5 4 8 6 26 9 25 4 17 6 7 23 1 4 16 4 17 8 21 18 9 6 25 22 12 20 24 6 
14 13 1 30 1 5 9 27 28 14 17 26 7 24 21 12 5 2 25 1 19 19 25 21 10 23 25 15 19 23 
8 29 29 2 15 17 5 14 14 23 21 11 5 30 22 25 10 9 6 10 20 20 15 30 16 16 27 21 6 3 
22 5 23 8 11 17 7 13 7 27 21 25 9 7 22 23 14 7 13 22 25 10 18 8 12 11 8 15 27 10 
30 12 5 30 25 29 21 4 29 24 9 6 5 17 30 5 27 29 22 6 12 24 17 15 2 26 25 10 26 15 
28 1 9 27 6 5 15 27 6 10 1 2 17 30 3 15 13 21 8 11 21 21 10 5 5 6 13 21 1 3 
9 2 27 7 29 6 16 10 10 5 9 2 25 24 10 26 15 25 13 5 5 16 17 3 11 13 18 11 13 25 
12 1 21 21 13 11 27 19 11 20 18 25 22 6 13 1 28 14 29 29 29 30 10 25 25 24 26 28 18 23 
30 30
15 30 23 9 29 23 18 22 9 12 22 8 17 18 16 14 16 19 26 7 29 28 29 28 23 16 11 2 18 19 
24 28 15 10 21 6 10 26 18 6 24 22 3 24 3 15 15 9 18 19 3 15 17 28 12 6 24 25 16 21 
16 28 11 27 25 5 6 5 18 8 6 12 8 15 30 2 13 4 28 9 9 24 22 12 20 13 11 16 1 16 
29 13 12 21 1 11 23 10 12 9 3 29 19 2 12 28 20 7 17 11 6 2 18 28 7 23 23 8 3 12 
20 23 5 25 29 6 15 8 18 4 12 2 10 27 25 11 23 9 10 2 12 21 11 10 6 16 9 15 26 20 
13 16 30 21 4 7 5 6 15 8 4 22 9 9 26 3 6 15 19 21 12 15 19 1 14 26 10 15 6 11 
20 15 8 18 15 3 3 28 7 28 14 6 7 21 13 16 13 19 5 24 22 19 4 22 23 16 3 12 27 27 
13 26 26 10 13 7 12 13 19 9 10 8 5 19 26 3 7 29 18 11 16 15 12 22 17 10 16 14 26 16 
23 28 16 3 2 16 7 8 16 11 16 18 20 24 5 4 6 1 20 29 9 17 1 11 4 3 23 12 7 19 
12 1 6 19 2 2 25 15 14 21 23 20 26 4 28 3 30 30 24 14 12 26 2 11 10 21 30 18 25 7 
11 28 19 4 16 16 23 16 18 19 7 8 10 19 3 21 19 18 29 22 2 26 8 4 8 27 18 9 16 26 
29 17 15 19 24 14 14 8 8 8 5 21 19 22 13 6 24 25 30 4 15 13 26 8 5 3 25 29 19 21 
30 25 15 23 10 2 16 18 26 16 20 1 23 21 15 22 19 29 7 8 4 19 11 2 24 28 18 20 9 11 
19 17 30 1 7 2 3 21 30 9 15 24 19 8 10 26 3 24 22 8 28 29 4 10 3 3 9 19 11 12 
6 15 30 4 14 24 27 20 12 15 9 10 18 23 23 6 10 30 11 12 24 27 16 3 6 17 11 25 13 5 
11 8 5 14 26 10 12 8 14 25 3 26 26 14 9 25 1 22 30 26 7 13 25 3 3 29 2 5 15 4 
20 25 23 25 15 2 16 20 3 29 4 2 2 3 11 9 29 25 13 30 7 13 16 20 1 29 11 7 6 5 
26 17 10 25 13 23 21 16 9 9 27 29 24 25 27 24 19 9 22 22 21 28 15 4 27 30 1 10 1 13 
29 27 18 18 29 16 4 2 14 25 3 4 25 27 27 4 19 25 9 6 17 27 5 15 1 12 30 27 25 20 
25 22 1 4 23 7 12 15 27 22 27 18 2 5 27 30 15 21 17 11 27 30 25 3 11 5 27 10 8 18 
6 6 1 29 25 21 18 4 6 29 19 14 26 16 7 15 27 21 18 17 19 12 16 30 22 20 15 18 2 12 
23 7 6 10 20 1 30 4 18 7 10 1 1 9 28 12 12 12 10 22 14 5 10 11 29 1 23 19 16 16 
27 13 9 2 23 29 5 21 1 29 2 3 6 30 28 25 4 5 22 12 25 22 7 28 4 7 13 30 21 27 
15 29 14 25 1 28 2 9 1 3 24 25 29 9 23 28 30 8 28 19 28 10 29 10 6 20 20 28 10 13 
17 15 4 23 24 9 8 9 2 29 28 6 22 29 2 16 4 20 14 14 18 11 9 2 21 1 3 16 23 15 
16 15 1 6 4 9 24 27 4 7 21 13 8 6 6 10 18 11 6 18 6 4 13 1 15 10 22 19 12 30 
28 7 26 4 30 3 29 27 27 20 8 11 18 12 2 2 25 8 27 3 13 29 25 6 10 11 25 5 13 7 
22 22 29 21 19 7 29 25 11 17 21 29 22 6 29 15 24 7 20 30 28 21 14 29 17 25 5 6 20 15 
30 21 12 7 16 28 23 15 26 26 18 7 20 9 24 28 9 21 24 15 16 28 27 9 26 28 28 4 24 14 
11 29 10 20 25 25 3 21 3 30 7 6 3 1 26 24 23 10 16 30 23 10 8 7 14 27 13 13 5 4 
30 30
2 14 23 23 29 28 15 4 10 24 6 14 19 19 28 29 24 27 17 29 14 27 13 13 18 24 11 17 4 9 
22 29 25 26 9 8 4 25 9 6 22 11 23 14 17 15 16 2 13 15 24 14 3 10 11 18 21 30 26 12 
23 8 20 5 10 14 23 3 1 20 2 30 25 22 23 19 19 16 21 4 16 14 2 14 10 23 26 29 30 23 
26 29 30 17 18 2 24 30 25 19 30 27 10 12 12 7 29 11 14 3 2 20 18 29 3 19 5 28 5 9 
3 6 5 8 5 19 26 26 12 28 26 8 20 4 10 24 12 9 12 4 24 12 21 22 7 16 5 3 23 19 
10 2 10 28 9 8 14 22 5 15 26 23 22 3 17 22 13 24 13 18 17 29 23 13 22 26 15 21 29 13 
10 3 24 7 3 11 18 28 19 5 16 22 28 9 8 25 17 29 27 6 27 18 14 7 17 30 28 9 21 7 
9 5 10 13 5 4 1 11 5 7 13 4 28 3 22 29 25 6 12 8 23 1 26 17 25 29 9 25 8 23 
21 9 20 26 14 27 28 30 18 30 14 4 30 29 1 8 11 11 15 4 10 4 28 26 2 22 11 14 24 1 
1 12 14 15 27 16 28 20 6 10 15 19 17 19 16 19 7 17 20 25 13 20 12 9 25 13 30 2 5 20 
5 24 19 9 14 22 12 5 12 18 25 20 18 12 9 23 25 21 27 19 3 21 7 8 9 20 10 26 15 23 
10 14 3 16 17 17 11 6 3 21 24 18 2 13 24 25 29 11 7 17 15 6 29 11 10 23 2 28 14 8 
19 11 8 25 1 17 7 27 29 17 7 18 30 3 17 5 14 14 5 17 22 8 29 13 19 14 29 27 15 2 
20 26 10 26 24 1 26 8 19 24 17 24 17 26 18 1 29 17 29 23 2 26 27 22 24 30 4 22 8 21 
7 8 1 18 7 27 3 29 9 24 15 10 27 24 27 3 7 25 3 3 19 8 15 2 1 16 9 29 3 5 
9 1 1 19 1 20 27 10 17 29 15 25 9 18 2 12 13 17 27 26 5 9 5 18 30 19 16 11 6 6 
23 27 7 26 14 24 6 7 26 8 22 23 6 19 27 29 11 8 22 26 8 26 18 23 15 22 16 18 5 22 
17 27 4 16 14 12 23 15 3 14 3 13 11 18 3 12 12 23 6 20 19 14 8 30 17 9 17 18 18 29 
4 21 7 4 15 18 2 11 4 26 16 20 29 28 22 21 21 3 28 14 8 2 21 8 16 15 26 5 24 7 
7 23 17 3 7 8 17 10 8 28 20 15 26 14 29 12 13 13 4 3 23 16 17 30 22 22 27 13 25 15 
9 27 20 27 2 13 26 4 28 15 15 23 14 15 27 18 15 16 3 19 13 24 4 28 5 2 6 29 27 17 
1 5 5 5 23 24 6 1 10 11 25 10 2 29 2 5 2 21 25 3 26 20 17 11 22 11 17 25 4 2 
28 21 8 3 25 2 7 13 19 30 21 11 3 28 25 26 13 17 12 26 16 24 18 29 9 17 4 23 19 18 
6 28 11 4 11 22 14 28 23 12 23 18 22 9 24 4 13 10 3 18 13 7 22 27 30 22 6 8 15 6 
26 26 2 14 1 29 19 15 6 15 2 4 25 29 29 24 26 5 13 30 1 20 29 16 1 24 20 10 23 3 
14 28 8 2 25 22 28 1 7 13 29 7 18 27 8 15 6 29 14 13 9 20 6 28 10 16 2 5 18 2 
2 10 12 7 28 29 17 6 18 22 6 20 24 20 25 13 23 29 19 5 4 1 1 26 18 16 4 13 11 28 
21 10 27 17 8 12 6 28 13 16 12 14 8 4 8 26 5 26 29 2 5 13 17 20 26 12 14 10 12 12 
18 27 2 21 25 12 5 11 7 15 4 22 25 14 7 10 27 13 12 21 25 11 18 4 10 25 15 2 20 27 
16 18 21 16 23 29 3 6 8 17 14 14 2 24 21 12 20 27 20 18 18 27 30 29 15 24 25 9 16 21 
