5
30 30
2 26 3 2 15 7 20 25 14 2 9 3 25 14 30 2 21 19 22 3 2 28 26 28 7 17 2 17 28 5 
16 1 12 26 20 9 7 2 11 7 7 8 8 16 16 2 4 24 13 7 26 30 30 13 20 4 10 27 13 1 
28 27 16 1 12 6 9 17 1 11 10 10 14 25 27 18 29 30 14 6 25 28 2 12 4 18 20 29 16 26 
29 2 25 7 28 13 29 7 15 4 28 9 13 7 22 23 17 15 2 11 6 15 1 21 3 5 23 8 5 23 
16 3 19 7 24 6 21 19 22 26 22 28 5 15 5 10 18 7 15 29 2 11 23 22 9 29 26 25 24 4 
18 4 3 30 18 29 10 7 4 14 25 9 4 5 6 13 26 28 29 15 6 5 2 23 27 18 21 2 27 19 
23 23 23 19 9 1 28 13 1 27 9 10 29 11 19 9 29 16 19 5 21 12 1 2 26 6 14 17 25 29 
29 24 11 22 19 7 22 14 19 10 24 3 14 1 8 21 14 1 15 19 27 30 4 20 22 7 24 16 15 23 
21 12 24 20 22 30 25 23 16 14 15 12 10 14 24 10 11 20 27 8 10 16 22 27 28 24 17 17 12 28 
7 12 24 30 1 16 9 1 21 16 23 26 26 24 26 12 8 29 1 5 20 6 1 28 30 26 23 30 16 12 
16 23 14 25 4 12 9 3 2 6 9 7 22 3 9 13 2 1 10 16 10 14 15 18 7 6 10 30 22 7 
6 25 2 12 6 29 24 21 6 8 27 27 7 29 20 20 8 22 1 10 27 5 9 30 4 1 11 24 26 29 
10 16 20 28 6 28 11 16 8 15 6 30 14 4 7 15 11 26 29 2 8 18 24 13 30 1 8 24 28 29 
10 19 17 17 13 14 7 22 28 12 15 28 6 28 13 1 24 17 27 18 17 7 22 10 28 14 24 1 7 2 
11 23 30 13 30 12 28 25 25 7 11 8 30 18 30 18 10 21 3 18 30 26 18 9 17 14 8 30 24 30 
4 26 29 18 6 8 18 6 29 30 13 11 7 16 6 18 2 9 30 21 5 18 29 2 20 9 4 8 16 16 
5 13 26 27 16 11 30 24 11 12 3 29 26 11 1 4 24 13 23 4 22 20 10 15 1 27 25 20 29 15 
27 4 30 15 10 6 25 25 24 17 12 14 12 24 14 14 16 26 18 15 18 25 2 17 26 24 17 5 18 5 
29 8 23 25 8 3 28 7 18 18 18 5 18 22 20 22 14 13 10 11 24 13 16 5 5 7 29 10 26 11 
20 13 19 24 7 29 5 24 11 27 13 22 27 30 28 8 21 2 5 7 4 29 5 15 21 3 25 23 16 23 
7 2 20 25 18 21 21 29 9 9 17 24 4 12 26 22 16 8 7 5 24 13 17 19 7 16 10 4 17 7 
24 5 1 25 25 5 5 26 21 2 5 19 26 8 11 19 23 22 26 13 8 19 27 28 19 19 6 4 21 28 
11 9 11 8 30 24 11 22 5 10 30 14 16 12 30 24 30 20 12 28 12 5 6 21 17 10 3 21 6 14 
17 14 18 29 28 21 21 12 10 17 16 15 26 12 22 17 4 11 5 15 14 16 17 11 17 24 29 19 8 7 
14 26 9 5 5 22 22 7 4 7 4 19 3 22 4 16 17 9 13 20 24 20 12 3 9 17 14 11 7 19 
29 27 30 3 3 21 21 25 16 23 28 25 18 17 4 29 4 19 12 24 6 17 24 16 24 21 1 20 25 7 
29 13 17 13 27 21 9 3 10 14 29 17 27 26 25 6 15 9 21 26 4 26 14 14 5 2 7 19 6 3 
1 1 1 24 14 15 30 13 28 17 17 11 19 16 30 10 4 25 20 21 28 12 24 11 26 29 25 20 6 6 
21 30 22 30 5 16 3 18 6 17 23 15 3 12 27 8 18 3 16 10 19 18 12 2 13 15 7 1 28 10 
5 20 22 11 29 20 15 29 9 15 13 24 11 6 24 24 10 19 10 12 4 8 12 28 23 18 16 3 30 20 
30 30
27 10 5 16 12 16 13 3 6 7 29 18 13 17 4 6 28 3 27 28 15 11 12 26 23 21 16 11 17 2 
3 8 4 28 27 30 1 25 11 11 20 26 6 24 12 21 10 10 11 23 5 30 30 29 5 30 6 8 5 7 
20 22 15 16 14 17 18 27 6 8 8 4 19 7 30 7 5 9 16 14 22 23 17 30 22 5 8 14 18 6 
21 10 18 26 15 19 30 3 4 7 30 25 28 3 8 23 27 7 25 17 24 6 10 8 8 16 9 25 15 25 
8 25 6 6 30 17 19 1 17 1 8 8 14 14 30 20 8 22 23 22 9 12 15 5 13 12 15 12 24 28 
13 2 2 28 14 3 9 3 15 1 22 19 25 1 3 28 19 10 23 19 20 26 10 19 27 22 17 6 13 15 
12 21 21 2 11 5 5 9 29 26 18 4 26 15 6 12 7 6 26 10 6 23 1 6 13 15 6 17 8 12 
19 27 25 21 28 24 7 30 17 27 19 10 25 21 25 10 18 10 1 3 28 17 21 22 29 5 12 18 14 4 
16 11 15 19 1 12 16 19 7 4 4 19 17 8 18 14 26 1 27 20 27 24 16 17 30 25 23 8 19 30 
6 13 30 10 22 2 21 9 29 3 11 29 20 22 19 10 27 20 11 22 27 11 23 27 23 23 3 11 26 20 
24 12 15 14 18 12 18 25 22 29 28 28 18 7 4 26 21 2 24 27 28 18 9 8 17 9 5 20 24 11 
11 28 21 12 1 19 24 2 7 25 2 7 7 12 6 1 29 24 28 24 25 30 30 12 3 17 9 21 26 19 
4 12 28 18 15 21 24 21 3 7 5 22 20 2 8 26 7 25 1 20 20 4 16 16 22 19 20 18 12 25 
24 29 15 10 21 16 25 29 3 8 23 28 8 23 5 14 4 20 17 17 7 10 17 15 6 17 8 29 17 18 
12 12 16 10 24 18 2 16 14 8 11 16 23 9 18 24 12 6 18 12 23 25 30 18 24 12 29 24 6 23 
6 25 3 9 25 25 14 28 2 3 30 10 12 15 28 13 21 6 16 17 5 12 28 21 29 3 27 15 5 9 
18 19 6 4 7 13 8 14 4 6 24 12 23 5 25 25 5 30 8 13 9 21 23 13 3 10 24 10 13 11 
8 18 18 21 9 27 23 2 23 24 28 16 21 24 18 29 22 11 25 6 2 16 29 20 11 13 24 17 10 22 
26 6 4 22 17 19 27 6 23 12 4 22 28 5 5 24 25 8 28 18 17 18 9 16 8 20 19 29 25 4 
26 21 13 19 7 15 23 24 3 25 24 5 23 4 24 1 17 16 27 2 11 10 4 5 7 29 9 6 22 27 
14 10 21 26 11 8 9 4 12 11 9 14 26 13 3 25 4 18 18 19 14 12 9 5 14 21 16 16 7 5 
10 13 8 18 25 14 26 17 22 24 7 9 5 11 13 6 12 4 12 26 4 23 22 4 25 29 25 22 18 26 
10 28 22 18 20 2 28 6 16 2 6 3 28 20 22 23 16 5 7 12 15 16 15 6 10 4 24 16 15 8 
15 1 28 9 9 25 3 16 25 3 7 24 28 28 20 14 14 3 28 5 30 27 24 8 24 21 13 9 26 21 
18 9 10 5 23 25 17 24 27 3 11 14 6 19 6 5 18 30 21 3 3 8 21 15 27 13 5 13 19 28 
12 26 2 22 28 12 11 27 4 5 2 11 11 29 26 1 24 6 25 15 17 16 22 29 8 10 11 23 19 22 
22 13 27 19 10 28 12 22 30 28 3 27 16 16 9 4 18 10 13 1 11 30 21 8 1 27 7 18 15 22 
27 17 7 11 17 22 9 17 1 22 27 19 7 17 27 21 19 21 18 28 19 18 10 18 25 16 24 7 8 6 
5 6 23 24 29 28 6 29 26 22 3 19 6 26 25 28 10 4 14 14 4 17 30 17 28 9 17 12 10 12 
7 22 22 12 19 12 9 6 24 21 2 13 14 7 12 13 18 17 21 3 1 8 7 7 1 7 10 22 28 18 
30 30
7 23 22 11 29 15 26 30 19 17 2 21 7 10 1 1 26 24 22 24 23 17 21 7 19 11 26 13 17 23 
29 5 25 8 8 6 17 10 26 4 2 6 28 30 10 21 19 2 22 6 10 22 17 26 19 15 15 30 4 23 
13 15 26 21 29 16 6 19 4 2 23 4 23 25 29 12 21 16 2 28 14 18 13 25 10 30 6 5 3 25 
23 4 6 20 12 6 12 8 29 22 27 1 24 25 28 6 28 11 26 24 10 4 11 4 2 22 29 17 27 3 
20 30 15 18 5 4 11 20 29 11 2 27 22 3 3 28 18 7 28 27 3 20 5 23 27 23 28 22 18 27 
5 29 9 25 21 3 22 10 1 11 18 14 1 24 23 28 16 26 26 12 8 5 13 4 22 18 25 23 30 18 
9 18 9 21 23 24 21 4 27 10 1 24 8 7 15 4 15 28 9 17 23 20 1 20 18 27 1 23 20 25 
9 22 28 17 12 5 8 18 12 1 21 7 15 22 30 18 20 21 30 20 19 1 21 6 9 26 13 25 23 18 
6 19 25 30 25 18 3 2 8 2 22 9 3 1 13 13 3 6 26 23 7 5 6 30 7 16 23 15 9 11 
13 25 8 28 16 28 12 30 28 11 3 8 10 11 5 17 8 20 14 22 24 4 4 26 20 22 12 21 30 5 
6 5 22 8 12 26 25 10 4 28 30 27 7 27 1 21 22 12 29 23 30 25 10 15 29 9 6 30 4 13 
18 18 22 26 29 28 25 8 11 27 27 8 2 12 29 20 27 16 11 20 25 16 29 16 1 8 12 3 23 8 
3 16 29 5 30 12 21 12 12 25 21 10 9 19 27 27 15 12 16 21 5 5 1 17 7 14 8 1 6 3 
16 6 24 24 22 8 29 19 24 28 29 5 21 19 24 17 6 28 16 30 8 14 15 13 26 14 25 2 17 15 
18 16 4 9 21 10 23 10 27 8 1 21 24 25 30 2 22 16 18 29 30 17 14 12 16 26 22 27 22 20 
6 27 13 6 29 23 18 17 19 18 18 3 27 11 17 1 21 27 3 29 27 29 18 4 22 4 4 20 11 5 
8 11 16 6 5 20 3 6 24 18 28 16 13 11 1 25 23 10 10 5 25 26 28 15 7 4 16 17 25 26 
6 29 14 6 7 16 5 21 4 5 9 16 13 3 2 27 21 6 2 5 11 8 18 1 25 1 30 12 25 17 
14 29 6 29 6 16 4 8 12 13 26 25 19 25 23 19 2 21 1 29 17 12 25 21 30 4 17 27 14 19 
19 26 18 8 29 11 29 12 27 14 8 3 25 25 15 7 13 1 23 27 13 14 2 7 27 7 27 22 1 11 
12 15 26 15 12 20 18 12 28 7 1 22 3 11 1 3 25 11 23 14 13 3 11 2 22 11 27 10 11 19 
22 10 9 1 21 23 7 3 3 7 23 4 9 22 6 3 6 13 25 7 14 10 9 11 1 16 17 30 10 28 
28 4 18 4 25 11 17 27 15 17 17 8 29 24 16 17 8 17 15 14 30 19 28 8 7 18 19 13 21 4 
10 1 28 14 12 13 26 28 1 14 28 7 20 13 20 16 9 10 8 30 28 9 27 14 19 4 24 27 24 12 
7 17 14 23 8 11 18 23 18 6 5 27 29 26 28 7 8 4 1 28 18 2 16 7 10 26 8 23 19 4 
8 3 10 17 3 30 27 10 28 21 28 6 11 7 7 11 30 23 30 6 29 29 12 17 28 4 6 15 28 8 
18 2 21 15 1 26 15 1 15 11 11 14 22 8 5 28 25 14 19 30 2 23 6 10 30 3 29 19 25 20 
21 26 25 13 11 15 3 20 15 4 18 16 25 26 11 11 26 1 5 11 10 13 10 8 27 26 24 19 16 30 
22 10 5 10 17 14 28 2 5 20 19 7 13 30 12 7 30 26 20 27 3 12 13 28 11 16 17 27 8 4 
28 13 13 16 5 10 27 26 6 7 13 2 11 23 18 1 24 15 4 8 2 23 18 12 18 28 9 4 24 25 
30 30
24 24 26 24 3 25 17 19 21 22 12 12 28 4 4 4 2 24 5 26 9 7 23 18 22 8 25 25 5 25 
4 10 23 27 12 28 6 8 9 26 15 5 28 7 19 12 12 8 30 15 15 4 27 26 21 27 9 5 14 4 
4 28 11 13 25 24 27 25 11 21 30 24 4 1 22 14 24 22 19 10 24 7 9 13 18 28 27 13 4 29 
6 16 11 16 20 4 28 2 14 21 1 29 27 12 5 6 21 29 26 21 20 20 21 13 30 20 23 4 15 4 
10 20 18 8 2 1 28 19 9 30 15 7 12 10 22 1 30 3 27 19 23 20 2 10 4 29 27 14 30 30 
22 5 2 13 20 4 8 23 20 22 19 3 13 18 23 15 29 2 21 2 6 17 21 17 28 13 9 8 16 11 
28 9 17 5 2 23 19 24 19 6 19 30 9 21 18 24 7 1 25 6 10 11 18 11 26 4 27 6 11 26 
11 22 24 17 23 19 21 30 12 27 15 17 23 12 19 28 10 15 23 11 9 27 19 4 23 18 10 11 29 22 
12 29 3 25 2 24 24 7 12 27 27 6 17 20 19 1 19 24 12 30 24 14 14 11 19 15 27 15 20 30 
21 4 21 18 13 25 9 25 24 10 22 25 4 19 6 29 19 8 18 28 2 7 17 17 7 20 13 5 27 19 
16 21 5 13 28 4 4 19 18 23 15 3 4 27 6 20 12 13 9 18 25 10 11 17 30 29 24 2 11 4 
10 17 7 25 27 6 8 5 28 24 22 16 22 17 21 19 26 6 18 14 25 10 5 24 3 23 30 19 12 8 
20 18 14 13 9 22 11 4 1 17 27 23 15 30 18 30 22 25 17 11 14 20 29 7 8 13 24 28 9 14 
1 27 4 29 3 16 28 21 10 4 5 22 13 3 3 29 25 1 22 24 27 2 5 2 20 1 30 20 30 2 
8 6 23 14 13 3 8 8 20 5 26 16 17 9 26 25 17 6 26 25 6 26 17 9 3 24 21 18 30 8 
26 9 28 22 29 9 17 5 26 1 27 26 22 19 11 1 9 21 1 22 8 30 12 18 22 21 9 13 3 5 
28 14 19 8 11 11 2 29 3 18 2 2 4 4 7 18 11 23 20 2 1 17 23 22 5 29 1 5 13 3 
13 26 1 20 15 29 22 3 14 8 6 12 29 24 20 4 22 21 29 25 12 30 12 28 29 7 16 15 5 15 
27 25 18 5 9 17 11 16 5 30 24 29 7 3 1 27 27 10 13 7 8 20 7 30 3 16 7 3 6 22 
12 27 11 21 28 26 8 8 28 25 16 8 29 25 5 17 30 10 18 29 17 18 1 22 22 25 5 27 9 20 
3 25 15 18 19 3 18 23 24 28 29 20 7 30 9 16 28 6 19 18 30 2 7 20 26 29 6 20 16 29 
10 3 23 3 29 11 3 8 11 8 2 4 20 26 11 19 14 9 14 19 10 29 21 7 7 2 1 4 12 1 
29 29 25 9 7 23 4 2 28 17 9 4 5 26 19 16 23 7 6 1 23 4 3 26 10 21 17 10 15 2 
6 16 18 13 25 23 28 14 15 13 2 10 22 11 28 3 23 16 25 9 1 12 2 14 27 13 3 17 6 27 
14 10 19 6 12 11 8 4 9 30 21 7 22 20 19 30 3 6 6 4 26 16 8 24 13 24 22 14 13 16 
17 3 4 16 15 24 16 19 3 11 30 19 20 1 19 12 9 2 13 12 15 21 1 8 5 18 11 22 25 17 
27 23 15 6 15 21 27 8 8 11 14 23 28 26 18 22 6 18 21 20 14 6 20 11 5 22 18 9 11 4 
22 25 5 29 24 5 30 1 2 21 25 20 11 8 8 5 8 26 2 26 22 21 14 8 6 15 22 6 24 18 
21 11 29 15 22 25 24 23 5 2 20 21 1 3 30 29 22 17 19 25 21 16 7 23 25 12 13 7 24 29 
23 28 1 3 17 5 14 19 17 19 22 15 14 11 29 1 24 30 12 4 19 16 16 6 12 27 5 7 7 29 
30 30
19 25 18 28 8 26 15 7 16 25 26 1 21 11 12 23 2 6 11 4 18 1 3 8 15 5 18 23 1 17 
10 11 18 1 3 12 12 8 11 9 4 18 13 26 5 11 16 16 22 20 19 30 21 18 6 10 25 5 6 3 
23 7 11 12 22 18 7 17 9 15 13 2 29 29 13 10 24 3 17 19 30 25 3 26 18 4 19 13 18 27 
3 30 7 29 20 10 20 17 13 2 2 11 27 29 20 20 6 23 22 9 25 5 17 3 1 4 28 3 2 17 
10 9 29 23 22 12 17 29 5 7 5 8 15 7 8 6 8 16 1 17 27 5 4 8 30 24 16 12 8 27 
27 6 24 28 21 25 10 26 6 27 23 26 13 8 30 6 22 4 10 30 9 23 10 14 25 2 24 29 25 22 
19 13 21 9 9 7 6 12 19 20 2 20 1 24 23 9 1 27 21 1 8 12 4 13 21 6 12 6 2 5 
2 14 14 8 18 17 12 8 8 6 30 3 11 19 28 18 19 25 30 5 20 27 24 14 1 6 11 13 26 8 
26 4 27 15 25 9 28 24 13 22 30 21 5 28 6 29 15 2 12 10 21 25 13 4 26 20 18 13 9 6 
24 4 16 12 22 18 9 14 15 14 14 3 9 7 22 9 8 21 1 23 30 6 15 18 6 26 3 7 27 5 
12 25 8 18 8 27 8 19 19 5 25 15 25 4 25 13 3 11 26 2 13 11 17 19 18 9 24 1 17 18 
20 18 29 24 22 1 24 8 1 11 3 19 30 14 29 30 10 17 16 1 7 12 13 25 27 30 9 2 25 23 
27 3 26 25 3 15 10 18 17 10 5 20 14 11 16 27 20 23 20 13 6 18 30 23 14 5 26 13 15 25 
20 3 13 28 24 19 11 29 5 28 17 28 27 30 12 29 19 27 6 14 6 28 18 3 27 18 4 3 4 1 
27 24 23 15 26 11 6 19 22 5 30 9 5 5 19 13 18 10 10 21 13 15 14 3 18 10 16 4 12 10 
22 3 25 7 15 30 22 6 10 7 13 21 29 20 30 28 28 10 7 18 9 19 16 2 18 5 25 18 2 14 
1 16 16 17 9 7 20 9 13 4 19 21 1 2 16 4 30 9 20 20 2 16 10 5 4 19 29 1 3 3 
7 18 10 9 18 8 8 23 16 19 9 21 7 25 13 8 29 22 18 7 25 5 11 18 10 23 19 29 27 20 
9 12 7 14 18 30 22 6 29 27 25 29 12 27 13 18 20 19 29 2 5 20 30 29 4 27 7 23 24 18 
15 16 1 21 25 2 21 30 7 5 28 27 19 15 23 6 30 8 7 7 17 18 6 20 13 16 9 13 11 2 
4 10 19 5 19 16 30 30 7 14 15 11 22 20 8 3 14 29 30 23 26 7 24 17 15 1 6 23 27 6 
27 30 30 2 20 30 26 25 6 16 2 3 11 28 22 11 18 4 23 12 16 24 17 14 13 30 8 5 3 13 
9 9 13 5 18 24 27 13 1 8 24 18 23 13 23 12 25 18 23 19 13 10 20 27 24 5 27 11 4 2 
25 24 25 20 14 3 1 11 20 22 12 3 1 4 15 2 3 27 25 26 4 8 17 5 17 11 9 14 11 22 
20 15 9 9 16 22 19 11 3 13 22 6 15 21 9 20 24 27 3 13 27 2 23 9 5 10 2 27 22 5 
3 4 25 1 9 14 18 14 20 12 18 1 10 24 14 1 12 24 29 11 17 21 1 8 12 25 15 30 18 27 
9 28 6 14 8 29 22 13 25 13 20 2 18 24 14 5 8 30 27 23 9 30 26 20 30 11 17 7 27 20 
28 17 26 26 1 16 16 28 20 4 6 5 9 16 2 19 11 26 9 8 9 20 28 21 2 11 24 27 13 8 
6 14 21 17 21 9 16 1 15 8 10 3 30 3 17 14 5 26 3 30 30 23 13 10 2 15 23 17 6 25 
17 25 18 23 12 21 28 23 14 19 6 24 15 2 1 17 1 2 11 20 11 18 15 13 16 28 14 25 25 19 
