5
10 10
12 3 12 8 29 5 29 16 28 7 
30 11 9 13 2 3 2 22 23 8 
2 2 9 6 17 5 13 25 25 2 
28 3 19 15 6 28 9 1 1 5 
11 2 21 5 14 17 16 20 30 17 
28 29 11 10 5 30 12 26 15 6 
17 2 4 17 22 18 3 5 19 16 
15 11 11 7 8 7 7 9 23 8 
9 5 25 16 17 30 23 22 6 12 
7 18 27 5 11 10 16 14 22 11 
10 10
2 25 13 3 25 3 25 1 6 6 
7 1 18 30 25 9 9 3 5 10 
27 30 19 24 27 23 29 30 1 22 
18 23 5 19 6 1 13 7 21 26 
5 22 10 12 16 26 6 25 8 16 
24 25 30 22 14 11 17 5 6 12 
19 1 15 17 22 25 26 8 27 2 
23 21 23 6 2 26 12 29 12 5 
8 26 11 14 7 16 2 25 5 7 
8 18 15 2 8 15 20 28 19 19 
10 10
15 9 18 3 3 16 5 25 26 16 
19 20 1 15 2 17 20 11 25 3 
20 4 20 26 18 3 25 25 7 1 
30 6 28 27 5 27 19 9 21 1 
27 15 3 18 20 25 5 16 8 13 
15 2 22 7 13 17 5 4 19 2 
17 10 23 22 20 26 12 12 30 19 
18 30 5 7 8 26 21 6 18 26 
2 16 5 21 17 16 15 13 27 24 
11 29 28 2 21 7 21 5 3 17 
10 10
23 29 25 30 6 18 7 29 29 30 
28 25 16 6 18 23 12 24 2 16 
8 11 1 27 7 27 16 3 10 27 
30 23 23 15 15 20 21 6 14 2 
18 8 25 2 3 28 24 20 30 26 
28 3 13 19 1 1 12 6 30 20 
14 9 17 23 13 23 5 10 9 22 
30 16 5 7 3 12 28 9 9 21 
5 15 4 12 6 1 13 22 1 18 
15 5 7 7 6 5 22 6 9 7 
10 10
16 30 27 5 17 28 25 25 21 24 
7 28 3 12 13 6 19 17 30 5 
20 22 16 24 16 15 28 9 2 10 
5 27 22 15 14 1 30 7 21 3 
10 22 22 3 13 11 12 29 9 16 
3 23 16 19 11 12 12 20 13 20 
24 20 28 18 13 11 16 17 24 3 
29 22 12 28 26 19 19 22 4 10 
29 27 22 25 28 13 5 15 26 14 
28 28 27 5 30 10 2 1 10 19 
