100 60 1000
18 -1377
4 -439
6 1931
11 9285
17 4484
10 -683
11 789
17 4272
19 -2804
1 1612
8 6763
11 7942
8 -3108
11 -4752
9 4438
13 -7781
3 6534
1 -6570
18 -3577
18 5632
2 -9976
5 6289
18 -9324
8 -5367
14 -6935
2 -8844
10 488
18 8986
3 496
11 5367
6 -9870
19 -8022
16 3151
10 4637
4 -4952
16 -7611
13 1267
13 9935
14 7071
5 4237
17 8597
4 1345
11 -45
13 7644
3 -4032
16 -2121
7 5117
2 -5001
6 -6301
7 -3678
11 4307
2 -6044
14 3574
11 9872
13 -7542
4 -3211
15 -4576
5 9225
3 -9978
2 -6001
5 8384
15 6032
7 2963
19 6823
1 -2104
3 -2978
11 3056
2 4738
11 350
6 -4968
9 9237
20 -9362
4 6982
17 -3810
14 -9101
15 3061
11 6683
19 -7040
7 9659
14 -8083
19 9015
2 2425
14 -1026
19 -8319
18 -5272
16 7278
5 -4959
10 7554
1 -7827
20 -1100
16 2418
17 -9815
9 6499
9 6813
20 1177
17 -4062
1 713
16 -5675
11 8736
20 -3794
