100 60 1000
12 -2772
13 8586
6 -2823
13 8932
18 -5161
15 -6163
12 -1196
5 -4094
15 2903
6 3908
6 -8384
3 -1815
12 -3121
17 3360
6 5809
5 -3322
17 600
17 -5807
4 6995
2 8916
19 -4399
20 -2709
3 9761
12 2252
12 8794
7 9503
9 -700
12 9387
17 -7043
9 -9288
15 569
17 4064
17 7455
14 2159
12 -2674
5 6312
20 -5102
3 8678
5 -4676
18 -4672
4 -2092
9 6448
16 -232
19 7773
11 -8510
8 341
15 3329
20 8011
3 -4829
13 -7883
13 338
1 -5981
10 2172
15 9924
1 -4802
14 8846
12 4455
3 6337
9 -6885
7 -8121
6 -3677
3 -7499
4 -8236
17 26
2 -7756
18 516
17 -8185
14 9360
14 900
2 9658
3 9756
3 324
15 3187
12 -2975
7 7104
5 -5088
9 9799
11 -7410
13 580
5 4025
15 4643
6 4655
17 5702
11 -5552
2 8971
3 9223
12 2439
19 1617
11 8771
16 1582
17 -9708
18 -9315
18 4311
3 3056
9 -1282
11 -5253
5 4230
9 2729
7 -7423
10 7832
