100 60 1000
9 7020
8 7503
4 3871
10 4752
4 688
11 7659
9 5479
8 9977
5 879
2 9844
8 -4142
16 1089
10 5226
5 9889
11 5486
16 -8318
13 -2662
6 9251
20 8554
14 1023
20 7735
9 -1464
18 3091
7 -1405
3 5400
17 -9026
1 -5949
3 9978
16 -6267
3 4565
1 -4507
4 -1854
18 -8444
5 974
17 2224
11 793
2 5932
6 -860
15 2961
12 -7184
7 -1561
1 -1619
14 -1144
13 1413
15 -2336
7 9079
13 7823
6 -8748
8 -8527
15 5352
5 6819
19 9745
2 2826
7 -2065
3 6892
3 -3034
8 9609
15 -4331
16 3408
1 -4580
12 -7584
17 -9815
2 -3935
17 7982
6 8654
11 -9067
4 -2430
7 -8046
7 -9195
17 8914
7 7435
15 6866
1 4508
4 -8883
16 4129
12 6664
6 2140
15 -5541
4 6922
7 -9721
12 5663
5 -9650
8 -9334
20 -208
5 8209
1 -896
4 2059
9 -6160
5 -6116
1 -4694
15 674
15 -689
15 7859
12 3416
13 8913
17 1264
4 -6559
16 5837
6 -2674
8 4639
