100 60 1000
3 9272
7 51
17 -604
18 4452
3 -886
4 -3828
19 4139
2 4958
12 2684
15 4436
7 -1558
7 3047
16 -2338
3 -6255
3 -6973
16 -8895
17 5680
12 -5968
11 -8135
18 213
14 5532
1 -844
1 -9028
9 4241
11 8122
5 -5585
17 -9094
12 -2798
17 -7192
9 -6635
11 207
15 5686
6 2909
12 -3694
19 -25
20 -3735
12 -6830
9 2756
7 1278
8 -5516
10 -8294
19 7268
1 -4219
9 -9831
3 2894
3 9268
16 -4911
3 -3558
20 -1113
4 6161
20 -145
14 6829
16 2508
14 -4369
4 -621
14 -7537
11 -5873
18 -8831
20 -1480
3 8237
5 4288
5 959
12 -702
9 9246
18 6112
1 5364
8 -5315
1 -3663
10 -7730
12 -5418
20 -622
4 1166
19 32
4 -5108
6 -3040
16 -80
16 -6396
16 -6501
2 4315
10 -2475
18 6089
4 3967
4 -1047
13 8705
3 4889
6 7154
10 4705
17 -1710
18 -1089
13 7429
5 1704
5 -2233
2 6407
17 5450
12 -3663
18 274
7 5154
19 -2635
16 -2803
19 3293
