100 60 1000
17 -8477
19 -7401
10 -1357
19 7874
2 1262
17 4686
9 2799
16 -61
12 4489
8 -4694
6 1026
18 5005
2 -9902
14 -2398
8 -3153
3 6807
14 -5979
5 2536
15 -8545
2 3125
1 3329
20 3498
17 -1146
18 6165
12 -9157
20 -2144
6 -8517
1 4427
18 -8117
2 2166
1 4921
6 -3053
14 -5739
6 -8362
1 -5996
9 -4541
15 409
12 6372
6 -405
11 -126
6 4974
17 -3846
1 -7294
12 -1074
11 8124
12 9457
19 2356
20 5354
5 6301
13 6970
15 -7109
16 191
3 5912
14 -6673
18 -8134
18 -8318
14 -1354
14 -9609
17 -2646
12 1053
5 -7563
13 -8268
2 6253
1 6788
3 3570
11 3516
5 -4478
8 4442
13 -9987
7 -3471
13 -8679
13 -812
17 -4444
4 -1333
9 9792
13 -6824
6 1347
4 -7461
20 1708
6 4771
17 6515
10 -6139
20 -9039
6 -6105
1 1569
18 -4797
16 -8928
18 2740
18 216
12 3273
8 2734
2 -3777
2 8677
15 7484
18 40
19 -716
3 -6856
15 8894
6 -2932
10 1947
