100 60 1000
4 -3629
12 7013
13 6406
3 5863
18 2336
17 -9197
14 2129
3 9291
19 -4609
8 -9259
9 4179
20 5984
15 4456
13 -8609
17 618
13 -3482
6 -1808
8 4927
14 -6889
14 2720
8 -7773
6 1947
2 2795
19 8988
6 -9657
14 7716
14 -89
9 1761
2 1421
5 -3434
16 5417
8 717
8 -8202
3 9305
2 1019
7 -6805
10 -5972
10 6319
2 8754
9 -1153
14 -8393
6 -7542
11 3030
10 -4835
15 -9262
20 -2310
4 -2150
5 9810
14 -9993
11 -4487
16 -8730
7 -3128
20 3892
4 -7825
12 -29
20 1292
12 -9095
9 -9998
19 -5090
13 1183
5 234
7 -4742
17 -3992
7 9281
9 438
6 -1130
7 2219
15 355
8 -1115
11 9364
16 -2707
11 -3662
6 -8543
17 -7585
4 -1932
18 9805
1 -4782
11 -6080
9 -7735
11 4672
20 8589
16 8809
18 6966
6 6491
20 -1952
4 -772
19 -7605
2 3104
8 -9132
8 3056
13 5110
7 -4549
9 7951
11 8501
14 -6248
16 -3072
18 9001
20 6519
1 8865
9 1274
