300
1 0
2 0
3 0
4 3
5 3
6 2
7 4
8 4
9 7
10 9
11 7
12 7
13 3
14 1
15 7
16 6
17 10
18 1
19 6
20 15
21 0
22 11
23 7
24 12
25 10
26 15
27 19
28 18
29 2
30 27
31 3
32 22
33 15
34 9
35 13
36 35
37 15
38 21
39 1
40 27
41 40
42 17
43 4
44 18
45 1
46 22
47 38
48 37
49 47
50 48
51 28
52 30
53 4
54 41
55 33
56 28
57 10
58 20
59 14
60 29
61 39
62 39
63 44
64 6
65 62
66 52
67 59
68 48
69 52
70 40
71 42
72 32
73 72
74 40
75 3
76 0
77 41
78 53
79 60
80 49
81 6
82 56
83 77
84 23
85 27
86 11
87 27
88 48
89 74
90 69
91 46
92 49
93 0
94 47
95 73
96 34
97 78
98 62
99 13
100 26
101 70
102 61
103 22
104 89
105 71
106 14
107 2
108 91
109 37
110 44
111 85
112 93
113 1
114 68
115 89
116 87
117 40
118 50
119 67
120 2
121 8
122 116
123 10
124 16
125 89
126 90
127 111
128 18
129 95
130 109
131 21
132 45
133 109
134 107
135 87
136 90
137 56
138 86
139 43
140 102
141 122
142 129
143 56
144 116
145 131
146 96
147 88
148 139
149 92
150 14
151 149
152 51
153 84
154 21
155 90
156 46
157 20
158 67
159 24
160 71
161 130
162 88
163 126
164 70
165 149
166 82
167 53
168 27
169 110
170 52
171 132
172 95
173 116
174 88
175 163
176 157
177 142
178 57
179 133
180 112
181 75
182 139
183 135
184 67
185 50
186 74
187 107
188 147
189 97
190 183
191 124
192 77
193 25
194 145
195 99
196 35
197 53
198 179
199 178
200 196
201 159
202 44
203 89
204 152
205 67
206 103
207 108
208 109
209 19
210 31
211 183
212 182
213 180
214 160
215 122
216 104
217 113
218 67
219 101
220 125
221 124
222 134
223 209
224 43
225 132
226 72
227 32
228 207
229 88
230 53
231 179
232 31
233 54
234 181
235 42
236 49
237 191
238 95
239 87
240 26
241 218
242 135
243 1
244 195
245 179
246 211
247 153
248 94
249 241
250 90
251 75
252 25
253 4
254 36
255 78
256 40
257 28
258 46
259 235
260 74
261 101
262 163
263 43
264 45
265 117
266 224
267 8
268 71
269 34
270 57
271 169
272 40
273 200
274 271
275 244
276 123
277 85
278 143
279 82
280 187
281 136
282 93
283 231
284 19
285 268
286 175
287 36
288 259
289 9
290 99
291 234
292 158
293 159
294 79
295 219
296 100
297 108
298 161
299 285
