997670100
1073182687
57486397
1001266582
660452659
989789127
881511346
845525231
785219566
805170717
649912219
328018621
463319219
939383789
1073392595
1072092549
48539389
733738894
1031345136
475806858
877215059
700435449
491603965
237942535
805305015
905697265
955170666
1018488799
500078967
670549439
716078442
781981059
903853567
989298683
1063449983
535805875
932117694
804119545
1051823994
783220719
791673335
468021119
708693628
1056337190
798942847
1012672858
1071118333
417152895
946853814
260962887
1073708235
996105077
608173835
670039901
1072817023
1001299643
1070315454
938273759
468660725
411965147
846382655
1004917553
631078782
805236586
802581993
1071644013
866775870
201322319
736091978
1013970911
1016418010
250567162
527178879
905944789
988147605
922447742
1065316093
1064285183
865855340
972012209
1072034679
687075107
528023827
480933453
855546470
883945002
1066293949
578802540
872156934
763326892
1058730863
678657733
1069465467
635383542
897376239
168474953
176869342
596229119
1060263165
616329115
731443015
148663486
234813312
675200188
860536830
822043638
785919151
972878380
1056944088
1073676254
783644620
800835278
1044360916
483849175
1028388852
695905499
699110647
832567213
535150927
996355801
301548443
771751779
502249405
343755953
1064729527
387873782
1056758230
734211064
120012217
200629245
723463580
465234821
1064558325
746061461
328122232
535749960
903282623
201157471
905427772
1068670545
536736494
1060263165
1068471101
768060906
654172007
519039953
860609675
770569342
1069465467
497286990
1037745575
919662396
761657302
1073184439
1029167518
969637845
997506918
946924505
1012251839
1066818990
469522141
439145789
907403207
261947258
826605499
206353187
871737055
907018138
724410339
1067216843
671043421
963802325
996105077
1072426516
1037819887
833446519
535057382
532123340
1072817023
1023393003
82747067
658065380
969710350
769448383
377155407
398448479
398211034
1073568754
733193855
1073544635
378846847
700150159
383319036
729677180
705514904
1003219709
649952190
1056811373
866647503
535682431
1061014653
1073412058
536605381
951418874
533676015
200113535
627801951
685624023
758401007
749336761
804700110
503295090
1033878510
769513947
1002274687
886897350
972724903
486386646
760731997
783798261
892976765
222559645
804959569
456307693
516310525
836646814
1073271700
1021041663
228584808
879852599
284153426
1070982075
536622740
989474749
351121020
701190097
791862227
997121405
1051836399
528482175
507442111
467136474
1005573119
939201535
792192075
966962163
756432063
804874675
159344603
938273759
903575030
368491355
499592445
754286079
670760660
670842617
468476287
586863485
997985845
963401178
391247483
268301551
215965519
1060570061
902557695
803107866
733449465
400964542
1017819875
803249775
856130930
687004541
1064287379
1047838106
164358582
1054777022
913986494
175596543
777912178
981842394
451794760
1064635263
666022907
952020447
737886139
869787552
803707749
48539389
903575030
435935063
1064762354
1070348031
133155386
516680891
1037941692
435935063
468960953
804383087
928377453
463929241
880502526
553606746
686988157
1069252511
930594523
192638459
700172382
1025875710
434917375
937286455
731443015
951287646
764893419
936234091
175832152
1058754303
1040187183
872389593
1060421467
787476421
938164127
1029798905
1066072779
669969476
1053816439
520093110
441439750
917945181
180284247
250567162
871627619
1040162779
489988058
526352311
596229119
247263727
1067319292
743353967
960371579
417527551
671004908
310353597
903282623
417152895
695118577
928456570
781580250
1070554969
1069525992
503293611
85634301
661124398
665318015
1073466938
770593022
478003197
801053598
1068321722
903806911
938384893
452979563
930786799
427761594
862894603
1064343386
701212092
771733242
53663672
969140959
972455671
180303454
531480002
802154079
479403507
218062753
516685179
860609675
686422773
322927614
98561875
534238799
1004396311
989643564
264233835
769355370
467136474
788264685
213573535
1039618014
1040182179
872156934
445028318
967751598
443012078
775944387
1012531126
666354079
1065316093
1065252349
1060875470
798215611
800055275
385842334
934460156
956008815
94107463
1064824535
885254439
717842623
1036905835
529766590
963802325
655227230
784266360
1013757495
900042441
1022294407
731888826
851393764
905956186
528994294
394091355
770965439
1006599726
1031765875
1072411647
930971263
222281721
191725291
693731311
320289597
1068170154
962329503
42987100
764411627
391247483
712758702
916923199
731553544
247414703
938273759
175596543
573685053
1005460886
731608011
174850005
869787552
1073407839
469753818
859291569
800833018
627801951
975297083
1069145898
756235495
452373366
1060100095
895425629
1005710838
805085000
339585887
247425383
1037744814
1062058853
998938581
41156431
159233837
529639327
805291774
493665919
507201272
369077554
486365597
774987507
493665919
329400175
1072411647
1056536831
500644410
1072659704
1063240159
1071644013
935065023
920481748
769080703
756680427
582990797
1037565123
731553544
762765309
771620791
803707873
912938878
816746220
335526489
133922301
217150250
91697139
1040103931
933394814
248381310
1071644013
1068760561
1054838255
469415934
798551957
647085677
1072557943
1040185566
385136366
699842491
515877688
1021918002
1054866907
818535775
515877688
123729724
779786591
705067598
1050404593
1037135827
535805875
594800943
888366189
1001758191
904801915
206551546
872373213
981016179
957174203
996355801
904387474
662950862
491206991
249510604
1006632780
402093013
986892718
88077795
764665276
1072430919
984547055
111120062
934305487
367605237
1005144251
1064803303
877346131
259506109
696558888
737832879
243380199
1048474111
994499375
800835278
777771417
771485621
925860823
666559445
1006427748
366727099
804248671
247331326
984268382
913815219
432406272
1037941692
1000990970
361149951
265412075
661290141
662950862
1071566820
436068201
107673343
956292439
720074765
452983283
301583462
775273438
822996826
536600447
788181495
948283339
736202501
671004908
871749495
1010773819
888220727
510557159
803707749
539737940
519273631
756891609
992203577
463077375
400964542
1001883131
754167743
218085359
703559655
502779387
1031455741
968296890
530575101
939290622
1065072582
735640187
225404557
998031027
536526503
859651959
801109719
495696798
979746807
230578052
1063093181
536666061
800695663
905697265
720074765
978810874
289194107
1073265423
852164606
732675061
857667768
1073707823
953507707
783417335
400746223
603761521
1035567029
536014745
534755607
577083133
770965439
41938481
409196159
1032615167
663601995
1040106105
717842623
378992586
1067177454
998036349
1005506074
1030176030
535075711
867093363
268238175
1065573534
535805875
423607262
763213727
933886907
792520186
171339775
371195730
1073271700
867965614
466984427
1021067007
904177534
1010773819
1006415025
268129502
436039983
451270472
534247403
577083133
998018614
1005567991
737994678
1060875470
226064811
229922814
862894603
260962887
1000990970
998208759
1037557459
1002765014
866878459
1064670015
566229694
962845493
905445065
921025207
795856380
783105015
1069275109
938467163
389216167
29326078
905947123
535819513
458737919
963082715
486341182
487373751
664779692
535802833
1071543514
975816567
905686875
838472457
720880887
703559655
748007747
1045115901
804257678
968883327
753886646
903707819
499592317
289194107
1063655866
1068453882
534606845
503244779
635206815
805295037
501143799
670752100
831396319
1056826259
653220279
1072692653
702122975
479525841
967442166
1071496124
826190535
183205750
241030615
1019178958
469658286
1066138591
662560703
450833367
777771417
1063222766
981291758
602126133
693168027
509476838
973062077
469544113
1063518075
725506868
82801656
787872961
756915677
521006910
1073359340
1072299867
1065252345
265412075
435935063
1056831246
932608887
901766350
1073463614
1072817023
905969286
267351832
154938169
778461047
981016179
197124606
801079036
469696117
675766103
634538230
792712383
297790331
666559445
783544279
504753396
1039060967
450625527
216850425
1059319037
934672127
670564346
531537887
934251769
834402251
794801654
783568347
791144959
905027306
602126133
529515835
297790331
1017104254
923629235
1060062615
289110206
602126133
669769229
1056435910
1072691942
676642792
463175663
1012836797
155105966
1005764605
1052770247
225404557
937380063
993521615
301793278
262919822
905947123
259634030
531429375
1052150503
236407279
519039953
436027063
167267804
1064300286
1073696431
955475966
1037376637
665312713
971074963
494889919
260009201
401309493
1029963547
737994678
1071118333
731632250
503300076
476894431
980171195
535944956
528427844
870311788
695118577
465191702
938467163
380563338
134200137
733796207
742334235
969893980
473810419
1070004951
824045402
402501248
773717475
125694909
955514298
1064802687
166592430
535781310
869241332
738144191
935193974
837499901
660452659
984919022
964460123
738713067
932039787
112999927
956292607
665318015
603761521
518375797
818535775
1065155574
511652770
1062058853
402651068
896714234
822044670
533806816
775402778
862894603
995735023
102891490
267350006
1043975495
980261367
1062925167
601880563
973039295
920583160
691715069
837147070
775582587
1056161276
99606379
829126730
328122232
685306746
204208110
985235119
867684317
280080269
354266874
731839981
1061660987
1071310782
130842489
643424253
804427259
248378875
507428433
584855487
634304847
535596798
937363679
790094923
524256671
938273759
976740059
805224295
343882842
41939902
1038220183
1073295779
724770803
1063518075
1065298387
1047609301
1072444918
1034895165
932110293
1071621500
919996504
518077307
634796734
1044375706
870449071
1065573534
1069439831
534576624
1064283311
1010638839
860292753
300239646
937228157
797007503
904904439
488831670
558511095
1069579998
722566815
1058511869
270236655
782721023
539737940
1005517567
820997077
1073461116
836983545
703503333
999930873
347958009
787674706
897088363
1058583416
800827575
456329197
1014986255
505104104
1070202717
919996504
985538406
75493077
497286990
595379850
117022715
487953261
467468243
770830818
372228090
1067957311
501174239
788184059
1072000635
69186299
988213247
467927035
184089455
88061351
1003810240
895425629
515896909
493781342
251591395
980155627
675200188
774233845
222281721
1072037615
834142138
568293366
1038016342
499122007
934040550
402628287
112999927
637431263
677707704
771471098
88061351
846725098
766133749
466859897
880650237
1070206846
152761805
993170851
1016254935
371195730
401338339
685273978
1060875470
1054014268
413919178
1051242691
801005269
523933634
535596798
1048023603
717020558
696113005
1064291807
608563822
905788211
665762809
851820351
662580986
868435805
70086457
402581327
1063518075
1030076955
934267663
462252911
182972863
999284471
1072944438
1069711278
508384491
1058988990
795798681
756994027
787872961
749552463
1056407223
871624510
1027239580
1071578509
1065286811
