47 297
-42 29 -66 24 -89 -67 21 -34 2 -74 -99 31 8 -13 -95 78 89 14 -57 32 85 -49 94 98 79 58 71 76 -98 -52 39 85 -98 -50 83 -97 80 37 -59 -36 -99 -31 15 48 -24 68 -11 5 45
25 35
24 25
6 23
17 27
27 39
3 26
30 41
40 44
12 37
24 43
1 46
22 43
34 38
11 34
1 4
31 43
11 37
34 36
1 10
14 36
26 29
4 25
21 29
6 47
3 40
17 31
38 47
27 43
2 24
5 41
5 14
30 39
17 21
24 28
17 39
18 35
5 17
40 42
2 18
24 37
26 36
12 29
26 45
22 45
4 41
12 45
1 26
17 34
2 27
28 34
17 38
29 30
41 44
31 35
9 44
2 29
20 28
19 28
28 38
1 37
19 20
5 25
18 25
1 32
11 43
22 46
19 29
5 36
3 46
3 36
11 46
5 7
27 38
32 39
3 31
17 28
18 39
1 44
4 42
7 14
34 41
26 38
4 43
19 25
11 19
5 44
17 42
9 17
24 31
14 46
22 34
37 41
12 42
14 19
26 32
19 44
3 42
8 27
5 37
4 28
4 13
32 33
2 13
5 9
26 47
2 38
25 46
16 18
7 46
33 43
11 14
2 41
2 7
5 11
23 33
5 27
20 27
23 24
19 36
17 45
5 13
20 45
20 47
20 35
1 23
4 5
24 35
19 34
12 18
4 9
15 22
12 46
31 47
32 40
6 7
5 24
6 10
2 31
25 42
19 22
6 41
25 45
5 16
6 19
11 17
25 41
41 42
31 40
38 39
12 23
36 39
40 45
3 39
27 36
17 24
19 27
17 41
19 30
6 15
22 41
3 12
21 42
2 8
11 24
2 25
30 31
5 23
1 34
6 40
25 43
2 15
19 46
6 22
24 29
3 19
32 43
22 40
22 35
4 32
26 31
14 29
31 38
31 45
4 44
2 42
28 35
5 26
31 42
19 40
12 21
19 21
25 29
34 44
21 45
3 16
5 12
30 47
1 39
33 35
22 24
4 46
22 31
31 33
1 35
1 36
1 15
17 47
1 16
17 43
17 46
6 16
1 43
38 42
17 36
4 20
14 44
4 36
20 36
30 37
31 37
3 29
1 7
5 46
25 36
1 14
17 35
32 46
39 40
19 26
1 19
21 23
26 42
28 41
5 15
11 12
3 32
4 40
2 4
5 30
14 18
17 30
34 40
1 47
19 47
30 34
1 31
11 23
26 33
30 33
18 36
25 33
43 46
11 39
28 30
27 37
26 43
6 30
13 15
18 27
5 38
20 33
3 4
5 19
3 25
4 45
36 41
2 23
5 33
30 40
11 20
29 46
18 32
26 41
39 42
11 40
25 28
4 39
28 31
1 20
3 15
8 41
11 13
17 44
2 21
18 46
39 45
4 16
34 35
6 26
25 39
19 23
41 43
21 41
26 30
43 47
12 25
