47 60
74 -90 7 36 35 -32 51 64 48 -11 -9 49 76 87 -25 -20 -10 63 67 -35 73 -74 69 -90 61 61 24 -44 -52 2 -53 -21 63 -77 94 68 -15 -72 -51 75 60 52 10 -99 11 -100 7 31 40
11 21
16 41
37 46
5 27
21 41
44 45
30 42
27 30
4 30
8 34
5 43
32 41
4 31
7 36
35 40
30 45
16 30
1 24
14 25
15 28
14 42
10 41
21 25
16 32
14 21
16 44
4 24
3 20
22 36
6 24
6 40
28 30
20 33
9 46
21 42
8 35
33 47
5 18
17 37
5 45
29 31
22 46
7 11
5 36
4 47
19 36
27 39
20 46
5 14
30 34
30 31
15 44
33 38
24 44
24 45
6 29
11 36
15 42
14 43
