48 293
36 -50 23 0 75 45 94 -86 -16 44 64 -45 -41 86 -16 19 -67 -61 43 -52 -29 72 -53 6 20 48 62 -69 91 67 -58 -89 57 -49 -70 26 86 -92 12 65 -27 76 -52 -55 -91 11 -27 -42 16 46
13 22
4 12
34 44
8 24
16 41
20 34
4 45
3 40
2 40
45 48
13 29
4 11
20 36
30 43
30 47
11 27
46 47
28 41
44 46
5 13
9 31
2 28
38 39
44 45
6 48
11 19
28 46
28 38
5 38
5 11
31 46
6 42
11 22
3 22
29 38
5 37
26 44
5 30
13 46
3 38
4 5
5 44
43 44
11 32
16 33
27 37
46 48
26 37
6 14
10 26
9 41
29 39
5 20
5 40
11 44
9 14
17 32
30 31
5 23
15 45
20 45
34 47
3 4
37 41
3 47
1 15
13 43
7 10
11 14
8 35
34 46
36 38
19 46
8 9
5 16
7 25
2 45
9 16
40 44
2 8
4 26
13 18
3 25
9 18
31 32
3 11
9 35
16 23
11 47
11 45
2 9
3 13
42 48
9 32
44 48
42 47
13 28
17 22
2 36
11 40
31 45
3 7
20 44
28 42
3 42
7 33
18 42
9 22
2 12
11 28
6 34
4 7
6 39
20 27
9 46
3 48
2 35
9 42
30 39
41 45
8 38
28 44
26 28
6 43
24 31
16 34
5 7
30 45
34 41
15 24
39 40
13 40
4 9
11 17
13 26
20 22
3 5
26 35
1 13
13 41
17 24
27 32
4 8
31 47
9 21
13 14
5 8
28 47
10 35
9 20
9 43
24 39
23 40
18 34
3 45
20 38
7 27
6 24
7 43
5 18
17 39
7 16
4 25
1 7
30 37
17 46
5 42
1 17
29 40
19 28
9 28
8 11
42 44
18 44
20 46
1 35
6 37
26 43
32 34
2 11
21 42
31 48
26 42
27 42
6 41
11 36
3 37
11 15
2 6
28 32
8 15
8 36
42 46
5 47
28 35
4 48
2 33
8 28
6 9
30 35
3 16
13 48
3 12
13 16
20 37
1 5
20 41
6 19
9 39
6 25
5 27
3 34
14 45
13 45
15 36
30 33
43 48
28 29
35 38
11 38
5 22
15 19
5 39
9 27
28 31
21 46
43 45
2 26
4 30
2 21
1 46
11 12
11 41
13 47
20 39
31 33
9 23
18 35
2 16
5 33
2 4
4 39
1 16
2 39
19 37
1 36
3 27
20 26
8 47
32 42
13 36
11 16
14 42
16 35
14 38
42 45
6 29
11 37
15 25
17 31
5 32
30 36
9 36
6 13
2 19
5 19
1 8
5 48
3 43
19 38
3 41
1 4
18 37
2 47
19 45
20 28
20 25
31 35
10 18
1 6
30 48
6 30
13 15
11 30
11 21
31 44
6 27
30 38
9 15
31 43
18 32
3 33
