48 82
14 46 -25 -73 59 -32 48 -86 -79 -70 -96 84 -17 90 33 -15 -55 -67 -39 77 -45 -19 -100 93 30 -69 91 84 87 -33 61 81 14 -50 -58 95 61 -5 -18 -34 42 -79 -13 -40 -58 -41 -47 -18 6 39
1 10
21 32
8 13
12 33
43 47
41 44
24 46
12 20
3 26
28 43
18 21
28 48
16 33
25 36
6 40
14 42
18 37
6 36
5 31
14 41
31 42
1 8
1 14
22 39
28 46
19 33
8 22
1 19
4 46
16 47
21 26
6 20
1 38
26 37
5 39
47 48
16 46
11 41
16 32
26 31
9 34
13 18
13 33
9 46
7 18
22 23
13 42
12 46
5 20
1 41
13 23
6 43
13 24
24 44
26 44
19 20
26 46
9 24
1 44
26 41
17 29
29 32
32 35
1 30
23 24
22 26
6 45
1 47
1 32
14 19
1 2
24 30
10 17
3 6
23 32
22 32
6 22
18 32
14 27
4 23
13 15
