50 283
8 11 7 -71 -57 70 52 -57 86 8 -59 84 -24 3 74 -67 48 69 -73 -47 71 83 54 -42 62 -89 79 66 71 -36 -76 52 87 86 2 76 -17 -41 -91 -96 59 64 -86 -79 -46 -59 43 -74 -40 12 2 40
22 49
16 50
1 43
41 42
9 12
8 12
11 16
19 23
27 41
33 50
10 38
4 15
2 34
10 13
7 31
2 14
47 48
6 22
8 17
11 32
12 26
2 37
28 48
15 49
9 26
12 40
7 35
23 37
4 22
10 12
11 46
37 38
10 50
43 48
2 27
23 30
12 30
8 43
43 47
31 36
11 44
22 43
2 50
38 41
4 11
22 26
13 41
2 4
11 37
38 44
14 27
37 49
10 32
2 16
22 40
12 14
11 29
10 16
46 49
6 13
44 49
12 37
19 30
32 41
15 38
37 39
2 9
16 32
41 47
11 38
32 36
4 30
39 45
27 45
28 43
6 48
4 7
19 43
35 36
1 37
1 23
12 48
33 34
22 50
10 17
19 31
12 46
37 40
9 33
33 49
18 19
28 39
10 19
13 24
10 11
6 38
2 5
27 32
26 47
11 19
29 40
33 45
49 50
21 26
28 33
19 20
39 40
2 29
6 32
28 31
21 40
16 26
22 25
19 40
11 36
1 8
2 44
30 44
30 33
7 17
14 44
14 23
13 34
13 18
8 15
17 22
21 34
4 35
12 50
17 41
37 48
2 30
7 15
9 36
28 40
22 39
41 44
4 14
2 10
12 16
28 30
26 34
29 33
13 31
16 25
8 30
32 45
22 34
37 45
10 23
12 17
10 45
45 48
12 34
1 5
13 45
4 42
11 13
19 41
10 27
9 13
47 49
13 36
6 10
9 15
11 49
20 23
33 47
33 46
28 38
10 29
2 6
28 29
22 47
30 31
33 37
23 33
21 29
19 47
2 7
27 29
1 7
4 18
38 49
13 16
12 33
12 36
8 16
22 41
9 37
1 40
46 47
26 42
2 15
41 45
28 35
15 24
6 43
11 33
16 21
13 43
22 44
1 12
12 27
30 39
36 40
19 44
4 47
4 48
23 43
27 33
17 27
2 21
12 21
38 47
11 43
19 22
12 29
24 45
13 42
17 42
44 45
18 40
8 32
9 42
41 46
15 29
27 49
14 40
1 10
40 46
11 35
22 42
6 36
12 25
32 50
19 49
13 37
10 15
19 48
30 37
4 27
11 20
8 44
8 22
2 28
27 40
28 42
35 40
21 39
32 42
4 45
11 45
10 22
4 29
12 18
2 23
28 34
9 23
2 41
4 9
19 21
21 45
6 49
6 26
8 41
13 29
11 18
6 40
13 46
12 35
10 47
29 41
38 43
4 49
2 11
19 32
11 17
14 15
19 29
2 24
44 46
