48 238
39 -92 31 -32 46 73 -97 -30 29 97 99 23 -18 2 -70 14 0 51 46 -8 -18 -7 96 45 -35 81 -7 -14 12 14 -98 33 -81 -27 -93 -86 29 -80 44 65 -12 72 80 -56 -8 -74 -65 -66 44 48
16 46
29 34
25 32
22 41
13 41
30 39
3 31
43 46
27 30
2 40
24 41
3 20
25 36
7 14
27 42
7 26
6 46
12 38
14 46
25 43
8 32
7 27
25 42
32 36
16 30
5 18
31 35
11 19
24 34
5 34
7 24
2 48
12 20
17 30
17 41
8 17
20 25
4 34
27 46
24 48
16 41
30 32
7 39
17 19
21 46
24 35
24 47
8 37
22 25
3 41
25 28
12 37
7 23
8 29
7 45
32 34
5 20
23 36
1 31
17 26
10 43
9 23
7 30
14 25
22 29
29 48
5 22
2 44
20 41
16 22
29 45
4 32
23 32
32 37
24 46
23 48
23 29
24 40
5 29
17 32
7 36
7 15
16 25
7 21
16 21
13 34
2 23
14 35
23 45
7 13
37 42
23 26
7 22
20 47
20 33
19 31
20 39
8 23
21 32
3 39
39 46
4 31
7 25
17 28
36 42
3 43
21 43
3 16
3 29
5 35
18 35
23 37
13 43
12 23
20 40
23 38
9 18
20 21
22 35
8 25
3 5
8 45
17 45
17 23
17 43
40 46
41 47
25 40
32 43
12 16
2 43
13 27
14 39
2 5
13 23
32 42
12 41
29 35
7 28
8 34
7 41
17 20
19 40
16 19
24 39
36 48
7 31
14 19
22 34
17 21
24 26
13 38
8 9
5 33
19 23
12 36
43 47
13 20
1 27
13 42
35 47
2 17
23 40
17 39
7 38
25 46
8 43
15 34
14 30
8 27
29 33
19 38
24 31
7 34
19 42
13 46
25 34
19 28
14 31
8 16
2 42
16 18
3 4
3 45
39 41
8 39
17 35
7 48
12 28
7 40
7 46
14 18
17 38
30 47
9 29
16 20
22 37
10 28
15 25
17 44
7 11
13 18
21 40
22 46
17 27
4 44
7 47
25 29
20 43
22 36
3 34
22 26
38 44
17 40
34 43
25 48
7 33
14 20
23 41
14 47
12 45
20 32
3 9
19 39
23 27
18 30
13 31
3 22
23 47
12 19
40 41
16 37
23 34
19 34
3 13
8 33
18 41
