50 57
91 -20 75 42 -95 -77 -50 -35 -53 82 -9 -41 20 -60 -36 38 -72 -44 -19 -68 25 79 -48 -5 -48 75 -82 -60 65 41 45 -15 42 87 23 71 -59 96 -77 64 -61 -80 -69 -49 76 -37 -58 77 -27 -35 27 30
12 27
48 49
20 42
20 43
15 35
28 47
5 29
13 41
38 39
8 41
3 23
28 32
31 38
47 50
17 32
3 49
15 44
7 22
1 48
23 46
4 10
8 13
14 24
5 28
2 16
17 40
3 26
2 11
5 46
15 21
4 43
2 8
32 33
15 31
15 18
35 37
40 47
13 20
38 50
3 37
15 33
27 35
45 50
17 33
3 4
15 17
42 50
1 28
44 46
25 43
7 39
12 23
7 50
9 48
18 50
6 19
