18 77
-3 -3 4 2 4 -3 -3 -5 1 -1 4 3 1 -2 -1 4 1 -4 5 14
15 16
3 16
7 12
12 18
2 7
17 18
3 11
1 17
3 5
11 16
7 15
9 17
3 9
3 7
7 16
4 11
5 13
7 11
7 18
9 13
3 4
16 17
11 13
5 17
3 13
9 16
2 15
5 7
5 6
3 14
1 10
9 12
5 9
2 14
3 6
5 15
1 6
2 18
2 17
1 11
9 18
7 13
9 14
12 14
1 15
2 10
3 17
12 13
2 6
4 13
9 10
4 8
4 15
2 16
5 18
13 16
12 17
3 12
3 10
1 18
7 17
12 16
5 11
4 12
15 17
3 15
1 2
5 8
9 15
5 16
12 15
3 18
2 11
15 18
13 18
2 8
