18 76
4 0 0 2 -1 0 0 4 -1 -2 2 1 -4 -5 -4 -5 -3 0 14 16
3 8
3 18
6 13
1 14
1 18
12 15
10 13
10 16
10 18
11 12
1 4
16 18
3 16
3 9
9 12
4 6
7 8
4 14
7 14
10 17
1 3
6 14
9 11
1 5
10 14
10 15
1 10
1 8
3 13
7 15
5 7
7 9
4 5
8 15
8 17
3 7
9 14
12 16
4 12
16 17
15 16
4 9
3 10
3 15
12 14
12 18
17 18
12 13
1 12
9 17
1 6
4 13
7 10
3 6
6 17
11 14
7 13
2 18
11 16
7 16
3 14
7 12
3 5
9 10
8 13
1 9
14 17
3 17
15 17
7 17
12 17
3 4
1 15
1 13
6 15
