48 302
51 -98 90 98 28 -84 -26 87 15 -68 -23 34 -72 60 -37 -30 -14 -97 -57 99 71 -91 32 -33 30 13 74 -30 21 32 30 22 47 95 -6 36 63 23 -8 -36 -90 76 62 15 -62 29 38 -53 7 28
3 23
31 41
10 48
25 37
7 44
32 48
23 46
26 41
25 40
16 46
8 10
33 35
19 22
1 25
13 32
9 19
28 44
18 31
23 26
18 25
21 28
10 38
2 17
7 26
5 26
5 35
32 40
21 25
38 45
31 40
8 34
9 42
18 24
18 27
23 48
37 39
31 38
4 10
19 29
20 28
35 36
21 32
29 39
7 39
5 11
14 29
2 3
29 40
34 36
31 44
7 8
34 46
12 41
12 16
17 30
8 24
24 37
43 47
5 34
36 47
14 41
9 48
17 45
44 45
17 21
23 36
9 15
5 46
18 29
9 40
23 33
7 41
21 24
24 42
38 39
23 42
12 13
13 41
12 47
10 41
5 33
19 42
37 38
14 20
13 39
4 30
31 32
14 28
14 35
8 18
29 44
21 40
16 48
23 28
13 27
34 38
9 11
30 35
17 24
19 38
9 43
35 37
31 33
16 19
27 36
8 16
31 47
5 47
10 33
31 36
24 41
26 42
1 13
10 20
31 43
19 34
13 20
5 20
33 34
36 48
32 36
5 10
7 11
8 22
25 46
13 19
5 25
13 46
20 43
34 39
24 31
36 39
5 36
14 18
18 20
19 37
13 28
14 34
10 17
5 9
21 48
5 17
36 38
26 48
17 37
14 46
32 34
9 41
10 42
17 22
13 31
34 40
14 33
13 14
23 37
13 16
5 32
16 45
6 38
10 39
35 47
7 45
7 43
9 27
9 12
21 34
18 21
14 25
7 35
13 48
20 30
30 41
18 33
7 13
23 25
11 39
30 32
8 38
9 35
10 29
21 36
5 14
19 28
16 18
10 22
14 30
8 11
35 43
5 13
32 45
10 12
18 43
5 41
38 48
29 43
29 33
40 42
2 18
29 35
7 21
32 38
41 42
1 46
25 30
9 14
27 29
34 47
21 47
17 35
14 21
2 32
9 10
19 30
33 47
44 46
19 20
8 37
8 20
33 42
10 37
23 32
2 23
23 34
13 40
23 40
40 46
12 18
32 43
9 30
24 27
5 29
8 25
40 47
16 30
34 42
32 33
26 27
8 36
26 31
31 34
8 12
9 31
27 40
31 46
10 16
23 24
34 45
9 36
14 27
10 32
32 44
26 38
21 42
14 22
41 45
5 45
19 31
30 48
5 31
44 47
20 45
10 21
5 42
7 27
5 23
10 28
38 41
9 28
5 30
25 33
34 44
29 41
36 42
23 44
13 33
27 34
2 15
12 21
8 41
4 21
9 21
13 26
10 27
21 43
24 36
29 47
9 34
5 28
7 24
26 44
43 48
24 39
12 46
33 38
13 24
14 47
7 16
24 45
13 15
18 40
3 21
