47 228
-10 -59 81 34 35 53 -23 31 51 8 -58 -8 -46 98 98 -45 32 93 -38 6 -78 -21 12 -37 -43 85 8 41 -77 -61 68 -37 71 5 -70 52 59 42 -11 83 -68 -18 -100 76 44 -63 -2 7 11
15 20
35 41
27 47
27 44
23 38
20 24
35 42
45 47
21 29
35 44
1 18
1 4
33 37
2 30
34 42
26 29
26 34
27 38
36 47
17 31
6 23
24 34
35 46
35 38
31 33
33 44
12 20
25 34
24 44
18 32
11 29
24 38
6 17
3 21
26 38
15 30
21 47
15 44
5 41
42 46
43 44
30 45
11 14
3 39
27 46
8 27
1 31
3 35
43 46
4 14
36 46
40 44
28 31
30 32
17 39
12 35
23 47
20 31
4 10
23 42
14 23
17 38
10 33
24 37
34 44
12 24
25 37
8 16
21 24
3 36
15 43
13 29
34 45
26 28
12 30
5 19
3 28
6 36
24 29
14 46
20 23
12 18
20 47
12 14
26 37
3 33
2 39
17 24
36 44
21 39
12 36
9 41
4 30
15 22
17 43
39 41
6 24
6 15
20 42
31 47
12 17
23 46
33 39
12 40
24 47
43 45
8 45
9 44
20 21
4 46
15 24
23 36
22 43
8 44
4 34
26 32
33 43
21 36
14 45
23 37
1 41
35 40
22 47
12 47
3 17
12 33
31 40
3 26
5 38
6 46
3 15
24 46
18 23
22 25
3 8
35 43
20 32
21 22
27 31
14 42
4 47
6 12
17 44
2 26
8 34
4 38
3 41
6 19
14 43
12 27
39 40
27 29
28 33
26 39
12 38
6 32
33 45
38 44
31 37
17 42
3 10
12 16
21 37
3 11
27 35
21 43
25 35
15 32
6 9
14 28
17 32
21 31
3 4
12 46
20 40
12 42
12 37
28 39
27 28
12 25
17 19
6 28
26 41
1 3
21 38
4 45
11 26
4 39
35 45
10 39
5 16
27 30
7 43
24 26
20 45
21 33
37 43
21 44
30 44
6 16
12 34
23 30
4 19
17 36
6 22
14 39
3 19
34 35
31 35
36 38
26 43
10 14
12 23
18 45
3 42
31 43
4 31
3 14
21 41
4 9
4 29
25 31
11 33
1 36
24 32
35 47
3 23
