47 98
10 -37 2 -27 -83 -64 -63 39 24 33 86 -68 71 51 -27 56 92 -67 -7 -28 -50 27 -72 65 -26 -24 -92 80 82 16 22 83 -43 -11 30 73 -50 64 -80 -98 40 -78 49 57 82 60 -69 26 38
13 18
27 34
21 36
8 42
5 30
39 43
22 24
16 21
13 16
11 46
12 15
14 32
15 26
34 47
1 29
29 45
9 10
2 24
9 40
12 32
26 45
2 9
40 42
21 26
1 23
13 30
19 28
3 45
11 12
27 40
37 45
13 40
14 42
26 47
36 44
14 15
5 46
14 46
19 27
36 47
1 26
9 13
2 3
36 45
8 20
2 18
24 42
14 33
31 36
11 17
10 46
34 35
8 30
32 33
2 11
4 32
10 41
10 26
25 36
24 32
26 40
17 28
33 34
41 47
11 39
8 24
12 38
13 27
32 38
33 39
2 4
7 33
9 34
12 21
14 37
19 38
13 34
10 20
15 18
11 19
30 44
5 24
40 43
39 40
6 47
4 24
1 20
32 47
42 47
14 26
14 17
29 42
26 46
43 47
11 13
40 47
13 35
