1
4
4
4
2
1
361
1
1
1
1
4
4
1
1
1
5
1
4
1
249001
1
4
1
758642
1
1
1
5776
1
1
4
4
1
1
4
4
4
224676
4
1
1
1
1
326041
1
1369
4
1
1
49284
1
4
1
1
316969
38025
12769
1
2
4
1
1
1
1304164
1
4
1
1
1062961
1
1
21316
1
168921
1
1
131044
4
1
4
4
196249
230400
1
313600
1
5
4
4
1
2
1
1
4
1615441
1
64009
1
4
4
4
600626
1
1
4
4
902500
1
2
1
1
1108809
5
4
1
1
4
181476
1
1
1
1
570025
4
4
9409
1
1
1
1
1
1
1
4
1
1
1
1
1
116964
1
1
1
1
4
1
4
1
4
1
2
4
1
4
1
4
654481
1
1
451585
2916
1
1
5
1
1
1
1
1
4
277729
1
1
11236
4
1
1
4
4
1
1
1
4
1
1
48841
1
1
214369
4
270400
4
1
1
1
1
3481
145924
1
1
1
1
1
4
1
702244
1
1
1
1
4
1
1
4
4
1
1
1
2
4
1
1
1
4
1
887364
4
1
1
4
1
4
1
1
4
1
1
1
1
1
1
4
1
700569
1
4
1
1
1
1
1
1
1
1
1
4
1
2
4
4
1
1
1
1
1
4
1
4
1
1
1
2
1
1
1
4
1
1
4
577600
1
2
1
1
1
1
1
1
1
2
1
4
4
1841449
1447209
1
92416
1
1
1
37249
4
1077444
1
1
1
4
1
1
1
1
1
4
4
1
1
1
5
857476
1
1
1
1
1
4
187489
1
1
547600
1
4
1
4
1
1
4
1
1
1
859329
1
4
2
1
1
4
481636
1
978121
78962
1
1
2
1
1221025
4
4
4
1
1
1
1
1
4
4
4
1
1
1
1
4
1
1
1
788544
1
4
4
4
1
4
1
1
5
1
4
59536
1
1
1
1
1
1
1
1
119025
1
4
1
4
1
1
1
595984
4
1
1
1
4
4
4
4
1
4
1
1
4
1
1
1
1
349281
1
1
1
1
2
1
1
1
1
1
1
101124
1
4
1
4
1
1
4
1
1
1
1
1
1
1
1690000
1
1
1
4
145924
2
1
1
1
1
1
1
1
1
1
1
4
1
1
964324
1
4
1
1
1
1
1
4
49
6400
1
1
1
1
1
1
1
9409
2
1
1
4
4
1
1
447561
1
4
1
1
4
4
267289
4
4
4
1
1
4
1
1
4
5
1
1
1
1
1
4
1
685584
4
1
1
1
1
1
1
4
1
4
4
72361
1
1
1
1
1
1
1
1
61009
137641
1
4
2
1
175561
1
1
1
1
4
1
1
1
4
1
1
4
4
4
698896
1
1
4
1094116
1
193600
1
1
1
1
1
1
1
1
1
4
1
3969
1
1
1
84681
1
1
2
1
1
1
1
1
1
1
1
4
49729
1
1
47524
1
1
1
1
1
1387684
4
795664
1
1
799236
1
1
1
630436
1
1
1
1
549082
1
1
5
1
1
940900
4
1
1
1
1
1
1
4
1
1
4
1
1
1
4
4
902500
1
940900
1
1
1
123904
1
4
1
4
4
1
5
1
1
990025
1
1
1
4
4
4
393129
1
1
1
4
1
4
27889
1
4
30276
1
4
24964
1
4
2
1
4
4
1
1
4
4
1
1
4
4
1
469225
4
1
1
1
1008016
4
1
49284
1
1
1
1
1
1
4
4
1
1
1
4
1
4
1
1
237170
1
1
1
4
4
1
1
1
1
1
4
4
2
1
4
1
1
1
4
1
1
1990921
1
1081600
4
1
1
1
16641
4
4
1
4
1
1
1
1
44944
4
71824
1
1
1
1
118336
1
4
1
4
4
1
4
4
1
1
