937
1 2 0
2 3 28
2 4 52
1 5 74
2 6 64
3 7 51
7 8 19
8 9 68
5 10 50
3 11 34
8 12 11
9 13 49
10 14 44
1 15 7
5 16 78
11 17 12
9 18 71
2 19 61
1 20 65
19 21 6
12 22 40
8 23 5
4 24 86
21 25 7
4 26 68
7 27 97
21 28 99
20 29 20
8 30 89
16 31 24
7 32 14
21 33 31
14 34 70
27 35 60
27 36 79
36 37 38
22 38 7
15 39 39
12 40 60
31 41 33
2 42 67
9 43 99
26 44 10
17 45 11
32 46 48
29 47 19
47 48 9
24 49 25
37 50 71
44 51 15
14 52 64
35 53 47
33 54 37
47 55 79
32 56 66
5 57 81
7 58 75
49 59 61
23 60 50
60 61 51
51 62 26
57 63 26
56 64 48
12 65 1
10 66 20
46 67 6
57 68 70
37 69 48
15 70 69
70 71 41
63 72 48
56 73 3
25 74 19
16 75 94
74 76 16
51 77 47
38 78 67
51 79 48
15 80 35
56 81 51
28 82 62
63 83 43
49 84 2
58 85 37
80 86 48
82 87 72
85 88 6
39 89 23
73 90 32
63 91 38
3 92 88
59 93 83
2 94 83
32 95 74
88 96 93
68 97 40
20 98 48
93 99 96
69 100 84
13 101 54
22 102 22
1 103 44
48 104 87
3 105 18
93 106 50
15 107 62
39 108 2
35 109 56
18 110 21
97 111 62
15 112 68
9 113 79
74 114 68
113 115 1
45 116 96
18 117 20
106 118 7
36 119 61
94 120 64
44 121 3
43 122 77
31 123 29
52 124 46
1 125 73
40 126 2
42 127 27
82 128 54
95 129 92
99 130 8
45 131 48
96 132 33
70 133 62
58 134 23
64 135 88
32 136 26
49 137 7
95 138 57
58 139 31
33 140 27
5 141 86
14 142 79
42 143 81
104 144 4
109 145 48
109 146 97
90 147 95
1 148 48
81 149 56
131 150 62
48 151 48
69 152 51
130 153 68
45 154 65
121 155 89
3 156 38
16 157 59
19 158 77
65 159 29
118 160 54
60 161 58
127 162 63
131 163 25
25 164 45
34 165 55
59 166 79
107 167 93
101 168 67
17 169 8
67 170 51
48 171 82
119 172 95
149 173 69
41 174 59
20 175 38
117 176 60
20 177 78
121 178 42
163 179 19
51 180 48
18 181 90
51 182 75
91 183 76
39 184 92
75 185 55
176 186 65
144 187 86
37 188 98
14 189 67
141 190 20
73 191 4
114 192 65
124 193 12
130 194 65
61 195 80
40 196 33
165 197 38
35 198 46
174 199 68
119 200 60
67 201 15
69 202 96
144 203 73
87 204 66
88 205 54
93 206 95
119 207 52
85 208 30
140 209 41
100 210 10
96 211 12
181 212 63
114 213 17
27 214 96
71 215 77
203 216 29
126 217 78
192 218 32
111 219 76
98 220 41
69 221 37
24 222 89
205 223 64
70 224 40
125 225 88
134 226 15
145 227 43
5 228 24
157 229 61
158 230 29
46 231 99
48 232 41
127 233 72
224 234 68
198 235 54
77 236 13
93 237 4
184 238 74
1 239 91
196 240 29
135 241 58
230 242 93
82 243 66
24 244 82
187 245 45
26 246 88
156 247 99
17 248 56
12 249 39
148 250 70
30 251 96
225 252 31
24 253 23
185 254 62
98 255 70
63 256 53
161 257 97
230 258 60
220 259 32
107 260 94
160 261 94
85 262 18
84 263 28
259 264 92
149 265 1
210 266 68
62 267 17
217 268 27
129 269 3
190 270 65
244 271 39
127 272 86
212 273 67
237 274 67
126 275 90
129 276 4
199 277 39
61 278 67
125 279 39
50 280 16
91 281 89
139 282 99
141 283 97
244 284 53
172 285 67
231 286 66
30 287 29
73 288 90
168 289 4
103 290 68
209 291 47
6 292 7
57 293 24
3 294 19
178 295 75
133 296 15
254 297 80
3 298 71
192 299 8
100 300 80
6 301 15
48 302 87
220 303 33
217 304 14
116 305 23
199 306 89
58 307 7
227 308 53
37 309 74
67 310 30
157 311 44
162 312 66
141 313 29
204 314 23
189 315 51
76 316 69
59 317 92
277 318 46
39 319 69
254 320 26
144 321 52
13 322 23
296 323 34
229 324 8
56 325 87
80 326 23
147 327 46
266 328 29
321 329 0
263 330 73
171 331 89
72 332 65
94 333 89
83 334 40
332 335 56
103 336 46
293 337 63
16 338 34
122 339 57
291 340 29
185 341 78
177 342 92
284 343 46
169 344 52
305 345 73
205 346 99
251 347 46
249 348 66
20 349 38
212 350 60
252 351 67
220 352 14
347 353 72
253 354 89
152 355 63
74 356 56
33 357 0
148 358 35
7 359 31
267 360 66
78 361 37
246 362 54
4 363 39
38 364 88
80 365 56
119 366 76
124 367 76
199 368 25
153 369 8
74 370 94
267 371 0
365 372 52
32 373 27
3 374 17
364 375 57
308 376 28
152 377 91
51 378 94
333 379 51
45 380 5
159 381 30
20 382 54
4 383 82
201 384 61
264 385 79
163 386 19
253 387 12
237 388 31
349 389 2
40 390 9
256 391 69
107 392 79
382 393 16
204 394 11
363 395 86
46 396 7
156 397 64
70 398 99
191 399 45
350 400 52
175 401 99
124 402 77
10 403 8
13 404 27
321 405 17
329 406 53
324 407 42
381 408 77
152 409 66
245 410 64
333 411 85
21 412 3
348 413 39
72 414 19
120 415 90
342 416 18
247 417 66
156 418 12
117 419 20
62 420 61
139 421 9
97 422 55
318 423 80
55 424 34
199 425 79
259 426 54
133 427 42
224 428 61
211 429 45
52 430 26
128 431 32
264 432 69
215 433 87
79 434 76
303 435 74
45 436 5
212 437 93
424 438 65
317 439 16
90 440 20
27 441 67
105 442 14
206 443 20
68 444 61
204 445 89
211 446 68
381 447 51
408 448 96
328 449 15
397 450 84
418 451 64
210 452 23
99 453 25
165 454 29
71 455 73
188 456 17
147 457 52
76 458 13
75 459 36
208 460 75
383 461 48
22 462 28
159 463 88
204 464 10
146 465 13
408 466 30
434 467 73
48 468 58
165 469 14
434 470 99
369 471 7
26 472 67
304 473 40
316 474 62
113 475 76
385 476 26
434 477 20
476 478 59
360 479 9
465 480 12
92 481 21
445 482 36
376 483 14
110 484 12
406 485 71
390 486 33
195 487 35
148 488 28
466 489 11
253 490 36
297 491 47
379 492 23
178 493 72
115 494 21
480 495 81
166 496 86
143 497 95
61 498 99
238 499 93
28 500 71
421 501 24
48 502 89
4 503 32
136 504 44
176 505 55
489 506 14
442 507 90
322 508 30
126 509 88
232 510 38
28 511 57
486 512 40
402 513 64
59 514 83
213 515 17
310 516 40
334 517 46
14 518 61
81 519 38
115 520 17
362 521 46
502 522 81
119 523 35
420 524 95
412 525 97
318 526 42
304 527 95
124 528 29
366 529 39
496 530 91
305 531 79
274 532 46
403 533 20
355 534 15
149 535 53
213 536 30
73 537 63
298 538 57
113 539 80
9 540 22
248 541 2
88 542 64
409 543 38
514 544 35
426 545 8
319 546 93
16 547 73
33 548 35
369 549 38
468 550 84
431 551 38
429 552 54
213 553 67
471 554 98
425 555 81
366 556 66
23 557 56
239 558 42
543 559 99
473 560 52
15 561 68
295 562 31
64 563 86
102 564 37
23 565 76
181 566 7
505 567 84
421 568 14
149 569 97
108 570 96
381 571 21
353 572 69
453 573 17
82 574 14
420 575 12
235 576 1
357 577 98
544 578 82
375 579 66
147 580 74
247 581 83
214 582 58
162 583 76
452 584 54
506 585 1
441 586 14
144 587 12
233 588 25
373 589 95
345 590 57
101 591 11
205 592 18
243 593 18
582 594 94
98 595 22
568 596 16
269 597 22
431 598 47
520 599 25
350 600 6
163 601 39
186 602 18
453 603 62
215 604 51
360 605 74
454 606 82
161 607 56
522 608 94
321 609 97
371 610 82
424 611 61
327 612 19
138 613 66
425 614 23
532 615 39
13 616 53
337 617 20
71 618 42
555 619 39
603 620 14
45 621 16
270 622 39
136 623 34
370 624 7
376 625 78
281 626 4
432 627 79
108 628 65
198 629 2
164 630 34
582 631 86
4 632 32
108 633 27
474 634 58
545 635 8
4 636 68
353 637 95
325 638 78
44 639 61
352 640 87
320 641 17
50 642 46
344 643 73
546 644 16
260 645 58
420 646 68
325 647 99
470 648 36
595 649 21
240 650 44
15 651 61
568 652 55
3 653 98
250 654 56
256 655 49
483 656 83
80 657 51
324 658 69
119 659 98
558 660 90
445 661 42
290 662 48
470 663 1
182 664 71
6 665 40
454 666 75
379 667 48
532 668 37
52 669 22
2 670 97
396 671 39
96 672 67
193 673 91
46 674 5
484 675 70
117 676 25
120 677 75
658 678 0
179 679 12
139 680 1
254 681 74
556 682 66
634 683 19
308 684 92
212 685 74
288 686 61
409 687 62
472 688 27
299 689 61
588 690 50
418 691 69
562 692 10
18 693 20
645 694 86
277 695 49
99 696 44
515 697 83
164 698 2
638 699 49
119 700 20
546 701 42
563 702 48
160 703 82
457 704 38
293 705 29
609 706 76
464 707 68
522 708 24
378 709 21
365 710 7
4 711 18
684 712 2
308 713 42
88 714 3
638 715 43
435 716 11
115 717 58
442 718 89
596 719 87
478 720 33
119 721 76
540 722 54
684 723 34
91 724 29
493 725 99
208 726 99
73 727 26
648 728 97
106 729 2
590 730 29
135 731 0
52 732 3
598 733 31
707 734 57
148 735 66
466 736 25
330 737 61
55 738 25
367 739 32
5 740 75
686 741 17
573 742 97
62 743 38
264 744 39
93 745 98
66 746 3
548 747 80
396 748 90
584 749 16
725 750 92
327 751 63
694 752 84
678 753 21
283 754 37
541 755 85
255 756 31
579 757 87
710 758 15
8 759 16
510 760 88
644 761 67
215 762 91
288 763 71
474 764 50
728 765 46
599 766 70
10 767 20
166 768 30
18 769 35
609 770 38
729 771 45
81 772 89
89 773 30
105 774 59
476 775 79
180 776 62
727 777 67
276 778 59
190 779 90
689 780 84
515 781 64
164 782 39
595 783 39
650 784 41
695 785 31
1 786 43
773 787 60
766 788 89
742 789 13
559 790 82
599 791 80
165 792 28
759 793 29
634 794 44
102 795 48
661 796 43
796 797 58
217 798 46
647 799 51
218 800 11
797 801 45
534 802 78
32 803 7
88 804 95
306 805 80
94 806 32
126 807 30
694 808 41
692 809 94
76 810 86
569 811 86
464 812 33
197 813 64
444 814 80
123 815 17
433 816 53
314 817 94
74 818 97
529 819 21
496 820 86
680 821 87
203 822 33
504 823 1
17 824 74
317 825 53
739 826 92
681 827 2
253 828 80
399 829 59
56 830 30
482 831 87
607 832 71
777 833 5
681 834 97
30 835 66
773 836 35
389 837 3
67 838 40
116 839 61
539 840 91
723 841 70
95 842 44
505 843 94
1 844 29
140 845 34
784 846 53
653 847 47
551 848 17
736 849 50
350 850 6
17 851 39
465 852 94
9 853 39
778 854 14
428 855 75
58 856 4
205 857 58
784 858 56
485 859 54
158 860 12
144 861 21
226 862 80
695 863 73
637 864 99
280 865 78
463 866 28
55 867 91
467 868 7
863 869 52
306 870 88
333 871 98
22 872 80
796 873 3
687 874 13
394 875 96
214 876 13
226 877 37
637 878 10
175 879 0
281 880 44
520 881 52
880 882 30
468 883 6
794 884 34
475 885 76
809 886 92
466 887 82
395 888 8
784 889 7
275 890 39
723 891 38
92 892 3
75 893 68
509 894 10
493 895 64
778 896 34
137 897 44
89 898 53
487 899 61
158 900 54
539 901 62
155 902 98
256 903 76
65 904 61
640 905 18
743 906 58
104 907 19
212 908 8
171 909 89
242 910 17
2 911 93
805 912 67
610 913 38
224 914 41
531 915 63
73 916 5
888 917 63
292 918 80
218 919 55
329 920 65
596 921 91
520 922 29
914 923 44
505 924 70
397 925 41
781 926 43
454 927 8
390 928 63
668 929 31
600 930 74
675 931 12
796 932 5
257 933 85
319 934 12
641 935 87
326 936 0
309 937 26
Add 612 796 24
Add 931 278 52
Change 433 27
Max 199 350
Add 95 805 74
Cover 227 286 15
Max 817 97
Cover 611 462 73
Add 766 716 3
Cover 383 886 75
Max 159 174
Max 504 207
Change 513 61
Change 52 42
Add 901 10 24
Change 284 57
Cover 82 741 8
Max 852 903
Change 5 65
Add 301 321 59
Cover 924 547 86
Max 730 157
Change 760 0
Add 501 247 0
Change 521 92
Change 551 26
Change 92 33
Max 98 445
Max 361 459
Add 281 470 73
Cover 259 853 15
Cover 90 855 13
Cover 716 389 50
Change 867 79
Max 323 50
Change 709 78
Add 182 83 43
Max 244 129
Max 330 8
Cover 630 205 88
Cover 388 647 62
Add 336 860 44
Change 205 87
Max 721 717
Change 390 5
Change 680 20
Max 64 730
Cover 601 508 73
Cover 859 553 27
Change 504 23
Cover 892 620 30
Cover 543 483 89
Max 377 356
Change 935 13
Cover 236 488 12
Change 594 97
Add 44 114 13
Cover 241 267 2
Max 459 754
Change 383 12
Cover 569 254 60
Change 194 0
Cover 346 419 77
Add 892 169 80
Change 300 55
Cover 756 798 32
Change 33 1
Change 557 46
Cover 173 934 88
Change 617 23
Cover 99 395 57
Add 518 263 73
Cover 294 759 60
Cover 177 463 7
Add 788 668 12
Change 232 59
Cover 789 630 86
Cover 423 616 67
Change 398 44
Max 925 14
Change 290 74
Cover 417 547 76
Cover 41 772 28
Change 872 47
Change 841 16
Cover 578 173 63
Add 469 612 60
Change 819 37
Add 67 260 25
Add 739 359 3
Cover 284 5 72
Add 496 811 30
Cover 936 654 77
Cover 203 926 30
Cover 604 367 77
Cover 77 715 74
Cover 687 854 1
Max 796 760
Cover 297 837 49
Change 140 17
Add 466 396 53
Max 596 231
Add 622 527 95
Max 136 403
Change 266 57
Cover 538 750 31
Add 515 844 3
Cover 238 143 29
Add 801 202 2
Cover 124 606 6
Cover 294 433 79
Cover 146 602 63
Cover 92 59 59
Cover 389 389 23
Max 431 10
Max 827 481
Change 488 79
Max 573 407
Change 620 94
Change 670 50
Add 718 112 76
Change 419 40
Change 107 8
Cover 234 445 56
Cover 535 25 84
Add 417 436 98
Max 693 699
Add 55 909 98
Cover 281 658 67
Change 199 41
Add 618 707 98
Add 734 674 39
Max 441 276
Add 485 326 47
Max 80 396
Cover 580 39 56
Change 836 3
Change 299 33
Cover 112 732 60
Change 89 41
Cover 200 259 20
Add 339 18 68
Add 255 478 25
Max 459 418
Cover 207 893 13
Cover 494 576 37
Add 578 114 56
Cover 330 892 89
Change 455 17
Max 236 218
Max 472 832
Add 472 477 29
Change 411 84
Max 415 778
Max 771 795
Max 912 134
Add 15 698 67
Max 552 633
Max 495 671
Change 273 1
Change 154 86
Change 918 24
Cover 684 121 4
Change 935 49
Max 397 134
Max 188 859
Max 902 915
Max 232 85
Cover 866 740 83
Change 593 61
Add 528 572 99
Add 668 882 52
Cover 255 6 65
Add 282 289 24
Add 738 773 25
Cover 685 729 62
Add 216 437 22
Max 616 412
Add 911 191 91
Add 286 906 38
Add 236 156 33
Cover 439 231 7
Cover 615 766 26
Max 323 863
Add 336 672 28
Change 314 59
Max 843 502
Cover 105 89 41
Add 296 384 13
Change 917 3
Max 134 503
Max 313 162
Change 322 0
Add 756 476 0
Max 235 509
Change 113 72
Cover 497 56 76
Cover 90 654 89
Add 156 155 84
Cover 893 234 45
Max 285 923
Change 239 80
Change 192 81
Change 794 72
Add 483 600 67
Max 115 790
Cover 890 792 74
Change 770 41
Change 267 26
Cover 113 620 1
Change 777 2
Change 411 71
Cover 325 750 21
Cover 789 347 50
Cover 61 874 63
Max 515 191
Cover 336 272 1
Max 591 121
Add 529 890 37
Add 810 661 13
Add 416 604 42
Change 457 84
Cover 490 270 42
Max 860 153
Max 232 892
Max 131 137
Max 355 604
Cover 213 223 56
Add 248 759 74
Cover 442 490 88
Cover 693 523 67
Add 829 538 32
Max 52 87
Add 665 846 15
Cover 487 498 4
Change 828 16
Max 909 598
Cover 265 618 38
Add 543 811 19
Cover 226 73 96
Add 225 441 94
Add 545 250 68
Change 582 17
Change 849 90
Change 52 42
Cover 920 537 50
Max 724 222
Max 535 276
Max 674 623
Change 487 15
Add 630 254 73
Max 617 841
Cover 750 226 12
Max 581 27
Cover 273 874 32
Add 892 845 4
Cover 328 224 18
Max 378 294
Add 72 509 51
Change 258 33
Max 159 87
Add 296 888 30
Change 200 8
Change 721 3
Add 541 30 10
Max 383 345
Add 434 273 44
Max 309 353
Cover 24 458 44
Change 120 26
Cover 401 362 13
Max 109 49
Cover 455 221 64
Cover 239 919 29
Change 752 69
Max 72 745
Add 751 678 58
Max 539 247
Cover 333 187 28
Cover 460 298 71
Change 306 27
Max 339 503
Max 251 682
Change 841 4
Change 60 92
Add 928 767 5
Change 712 28
Cover 263 935 67
Change 769 93
Cover 332 34 73
Cover 417 623 94
Change 267 89
Cover 244 200 63
Max 377 245
Add 10 280 59
Change 505 30
Change 740 0
Change 295 8
Change 799 61
Cover 896 834 66
Add 363 105 59
Cover 878 904 46
Change 883 70
Max 424 688
Add 489 250 10
Add 67 852 85
Max 697 694
Cover 577 873 57
Max 200 664
Add 771 917 57
Add 542 204 27
Max 412 670
Change 304 49
Cover 632 54 64
Cover 302 802 82
Change 904 33
Cover 857 452 47
Cover 665 794 70
Cover 159 497 58
Max 304 486
Add 930 270 41
Change 489 9
Add 167 286 93
Change 623 46
Max 376 773
Add 213 632 45
Cover 683 181 20
Max 492 262
Change 548 50
Change 474 66
Add 215 455 57
Max 755 563
Cover 886 645 90
Add 720 874 56
Change 624 61
Cover 112 881 70
Max 644 786
Cover 77 245 93
Max 347 546
Cover 843 231 38
Add 246 776 62
Cover 555 127 19
Max 185 817
Cover 422 434 5
Change 430 43
Cover 800 177 98
Change 836 98
Change 328 52
Max 722 467
Max 572 62
Max 168 613
Change 61 25
Cover 849 684 93
Change 367 4
Max 835 393
Change 264 12
Change 244 29
Cover 592 454 7
Cover 622 771 8
Change 676 41
Max 900 691
Cover 472 374 85
Max 482 24
Cover 556 758 56
Add 110 783 36
Cover 367 394 35
Max 99 660
Cover 385 867 65
Max 659 365
Add 331 807 94
Max 422 63
Cover 584 596 12
Cover 764 353 2
Change 117 81
Add 270 527 90
Add 169 824 97
Cover 454 314 72
Max 188 832
Change 139 10
Max 337 275
Cover 200 291 7
Add 119 259 94
Cover 251 908 93
Change 782 6
Add 845 766 25
Change 532 8
Cover 622 619 76
Change 396 2
Max 342 136
Max 269 654
Cover 126 693 55
Add 689 918 38
Change 690 50
Add 282 403 48
Cover 787 204 74
Change 787 96
Max 125 63
Add 904 591 10
Change 685 25
Cover 670 751 75
Cover 779 751 40
Change 467 71
Add 354 74 84
Cover 737 229 74
Change 390 61
Change 525 82
Add 607 116 0
Change 630 9
Change 733 26
Max 845 356
Change 686 62
Change 389 19
Cover 111 335 5
Add 233 604 77
Cover 801 618 25
Max 849 125
Max 435 635
Cover 48 308 45
Change 709 41
Add 707 396 77
Change 848 43
Change 641 67
Change 480 96
Cover 370 765 27
Cover 304 473 81
Add 840 247 53
Cover 281 81 57
Add 756 316 44
Cover 804 283 64
Max 407 486
Change 583 59
Cover 461 607 44
Cover 804 634 66
Add 162 558 3
Change 55 86
Max 893 147
Add 885 209 6
Max 749 707
Max 644 466
Cover 667 348 40
Cover 831 846 97
Cover 296 255 28
Max 901 271
Max 126 561
Max 515 641
Cover 334 693 66
Add 484 696 59
Change 288 92
Cover 44 771 58
Max 674 298
Cover 837 320 68
Add 231 401 0
Max 132 764
Change 933 13
Add 135 541 32
Max 687 611
Add 889 851 33
Change 689 3
Add 635 393 29
Cover 543 672 95
Add 407 7 54
Change 708 44
Add 707 529 97
Change 522 51
Cover 244 383 23
Change 414 82
Change 638 46
Change 675 21
Add 772 684 41
Change 823 8
Add 649 763 29
Change 820 64
Max 827 48
Cover 725 116 55
Add 71 80 46
Cover 406 764 23
Cover 314 398 28
Cover 468 130 34
Add 569 105 90
Max 871 730
Add 2 99 1
Add 222 35 16
Change 778 90
Change 788 6
Max 332 46
Cover 870 459 30
Cover 797 563 36
Cover 20 641 30
Max 710 375
Cover 80 306 78
Cover 33 289 23
Change 479 99
Max 844 812
Cover 219 702 27
Add 533 55 47
Max 846 608
Cover 434 383 44
Cover 412 669 76
Add 271 157 52
Add 789 870 64
Cover 538 521 3
Cover 911 706 28
Max 808 717
Max 808 330
Cover 627 327 19
Add 718 402 16
Change 509 27
Add 918 375 6
Cover 828 337 75
Change 649 88
Add 369 39 86
Change 288 4
Change 364 9
Max 204 764
Add 928 105 69
Cover 380 51 2
Add 865 257 73
Add 804 13 92
Max 446 701
Change 328 57
Change 410 16
Change 870 19
Cover 617 850 34
Add 78 431 21
Add 258 315 79
Add 56 635 15
Max 106 936
Cover 132 817 78
Cover 536 821 22
Change 478 69
Max 657 707
Cover 711 249 72
Max 168 489
Cover 219 769 63
Change 94 76
Max 29 281
Add 301 276 43
Change 722 95
Change 676 66
Change 154 2
Cover 44 397 1
Max 911 254
Change 867 23
Cover 289 691 55
Add 704 239 28
Max 704 193
Change 544 16
Change 471 10
Add 909 422 72
Max 712 392
Cover 455 936 70
Max 754 697
Cover 526 321 57
Cover 529 256 82
Change 925 39
Add 737 135 46
Add 80 886 88
Cover 113 856 98
Add 276 607 64
Cover 613 307 58
Max 342 868
Cover 386 801 14
Add 594 503 37
Add 106 463 91
Add 437 26 27
Add 610 172 53
Cover 662 100 99
Cover 325 267 26
Change 877 65
Add 129 83 14
Add 158 115 37
Max 316 363
Change 152 25
Add 789 172 7
Change 24 51
Max 104 819
Cover 441 270 22
Change 111 85
Change 61 14
Add 290 871 38
Change 265 84
Add 914 915 41
Max 630 767
Cover 397 390 27
Cover 84 836 99
Max 239 840
Cover 172 754 7
Add 32 467 1
Cover 682 532 41
Change 812 86
Add 830 48 49
Add 444 917 97
Max 605 485
Cover 841 860 25
Add 650 198 7
Cover 312 233 38
Change 364 66
Max 157 489
Max 790 59
Max 264 781
Change 857 39
Add 196 156 22
Change 314 51
Max 739 746
Change 824 31
Change 248 53
Max 774 66
Change 307 57
Max 726 786
Cover 594 876 66
Add 629 496 34
Change 284 38
Cover 569 170 31
Add 746 331 44
Max 720 792
Add 203 828 17
Max 847 875
Max 758 275
Cover 879 914 97
Max 911 493
Cover 31 638 58
Cover 243 39 44
Max 197 625
Change 94 68
Cover 305 72 23
Cover 685 355 2
Max 827 857
Change 135 38
Add 224 500 92
Add 536 99 68
Cover 15 131 15
Change 714 3
Cover 39 379 51
Add 474 719 14
Max 884 929
Max 729 17
Cover 22 126 68
Change 490 27
Add 898 245 51
Cover 418 482 31
Add 58 74 20
Change 403 94
Max 789 82
Max 62 138
Change 775 31
Change 932 4
Cover 39 129 65
Cover 55 5 41
Change 793 20
Add 346 725 94
Cover 799 7 3
Max 772 405
Cover 595 409 23
Max 514 658
Add 332 639 29
Cover 137 454 9
Add 423 680 34
Max 896 560
Cover 389 762 79
Change 702 70
Add 615 647 26
Add 265 134 0
Max 655 249
Cover 506 800 55
Max 137 457
Cover 545 792 45
Cover 257 634 58
Add 773 99 2
Change 241 19
Change 695 42
Change 481 56
Change 457 79
Max 276 839
Change 553 46
Cover 540 96 46
Cover 166 260 62
Cover 759 511 51
Add 899 827 15
Max 451 555
Max 723 596
Add 141 809 63
Add 519 174 96
Max 851 293
Add 586 636 16
Add 97 196 40
Cover 99 184 55
Cover 463 325 23
Add 167 925 89
Cover 647 316 60
Max 245 272
Cover 742 256 67
Add 257 185 76
Max 828 519
Cover 691 798 68
Max 203 851
Cover 808 105 42
Max 250 318
Add 902 774 98
Change 929 95
Add 174 121 2
Cover 607 654 80
Cover 674 664 61
Cover 266 349 82
Cover 576 735 69
Add 381 848 83
Max 902 504
Max 28 407
Change 705 19
Add 409 733 98
Cover 196 243 94
Add 382 451 49
Change 113 80
Max 858 312
Cover 839 178 66
Max 681 443
Change 182 7
Max 648 483
Max 261 754
Add 917 50 39
Add 311 868 82
Change 755 32
Max 201 54
Change 268 1
Change 4 47
Add 332 623 72
Cover 616 811 42
Cover 584 67 32
Max 579 826
Add 419 481 0
Change 275 5
Change 195 91
Add 272 629 3
Max 625 676
Cover 927 276 8
Max 746 612
Add 459 859 75
Change 590 40
Change 659 98
Max 647 792
Change 54 24
Max 811 40
Add 623 138 11
Max 301 564
Add 422 529 21
Max 546 395
Change 838 52
Max 493 356
Cover 305 449 41
Add 810 614 97
Max 253 276
Cover 692 399 11
Cover 243 451 94
Change 724 19
Change 542 4
Cover 518 902 51
Cover 323 847 74
Add 917 90 11
Max 414 84
Change 674 88
Change 104 68
Cover 564 380 71
Change 881 52
Add 884 192 51
Add 711 158 32
Max 256 900
Max 922 650
Max 325 342
Add 928 531 89
Add 177 558 20
Change 145 68
Change 237 96
Max 74 869
Add 415 304 8
Add 315 776 23
Cover 833 537 17
Cover 841 772 13
Max 338 771
Add 318 104 46
Add 67 142 58
Cover 77 267 15
Change 817 14
Change 530 58
Cover 78 776 98
Cover 292 64 21
Change 264 62
Cover 646 539 90
Change 137 0
Max 412 20
Change 834 21
Add 577 299 51
Change 931 58
Change 182 48
Add 107 848 39
Add 147 706 7
Cover 430 866 75
Change 606 23
Max 597 196
Cover 545 60 58
Add 280 886 64
Max 394 833
Cover 391 540 16
Add 356 516 18
Add 501 299 34
Cover 753 249 18
Change 789 82
Change 692 57
Add 384 300 84
Cover 137 781 51
Change 748 33
Change 897 33
Add 65 316 24
Cover 452 138 69
Max 518 369
Change 705 69
Add 918 797 39
Cover 717 798 22
Cover 160 721 70
Change 695 36
Add 316 729 49
Max 704 779
Add 806 44 35
Add 554 767 78
Change 407 51
Add 461 890 48
Change 360 47
Change 425 10
Change 331 84
Add 903 571 28
Cover 19 522 64
Max 374 428
Add 171 701 72
Cover 642 139 95
Change 427 50
Add 597 60 75
Max 844 73
Add 291 338 49
Max 149 183
Change 210 14
Add 934 796 70
Max 628 780
Change 449 13
Max 488 15
Max 787 765
Cover 934 881 28
Cover 372 147 67
Change 484 10
Max 900 311
Max 617 926
Cover 440 274 97
Cover 586 784 21
Add 15 230 96
Cover 289 520 77
Max 613 404
Cover 649 390 40
Change 505 25
Cover 838 68 4
Cover 372 374 39
Max 12 489
Change 277 86
Change 279 26
Add 330 104 22
Change 61 9
Add 173 452 74
Max 787 614
Cover 731 410 53
Cover 253 917 1
Add 175 749 79
Max 831 53
Change 110 1
Cover 622 24 17
Change 427 47
Change 872 72
Add 593 305 46
Max 105 628
Max 57 647
Change 758 80
Change 69 79
Cover 299 8 98
Cover 912 751 87
Max 547 338
Max 63 752
Change 537 69
Add 314 459 23
Add 21 556 73
Cover 666 412 47
Max 380 937
Change 500 39
Max 740 549
Add 706 475 57
Change 145 23
Cover 549 40 57
Add 697 174 65
Add 313 101 50
Change 706 95
Max 91 234
Add 69 126 50
Add 898 650 95
Add 6 424 32
Cover 391 869 82
Change 472 71
Cover 781 79 69
Add 830 353 16
Max 402 27
Cover 531 643 1
Max 420 725
Cover 374 134 40
Add 684 740 3
Change 795 89
Add 69 95 52
Max 148 425
Cover 710 25 47
Max 383 689
Change 352 56
Add 840 553 33
Change 284 15
Add 350 416 53
Change 129 32
Max 46 252
Max 193 61
Max 37 375
Change 740 52
Max 828 291
Add 440 869 9
Cover 521 755 89
Cover 12 827 66
Max 349 808
Change 262 75
Add 12 932 29
Cover 783 169 38
Max 828 265
Change 798 47
Max 112 428
Cover 60 245 93
Change 418 11
Add 544 466 64
Add 676 661 46
Change 497 10
Change 931 2
Cover 206 646 86
Cover 340 796 25
Cover 373 806 46
Cover 613 465 17
Change 891 82
Cover 113 105 78
Max 417 816
Add 812 494 50
Change 148 83
Add 115 259 48
Add 916 823 33
Add 258 305 87
Cover 922 378 51
Max 525 571
Change 450 27
Add 183 179 40
Add 888 585 76
Cover 804 849 51
Max 70 235
Cover 291 374 89
Add 533 681 77
Cover 260 792 35
Add 414 652 32
Cover 878 532 65
Max 189 104
Add 45 177 23
Cover 769 916 36
Add 713 834 79
Max 130 782
Cover 664 669 75
Add 267 187 83
Add 600 769 29
Add 536 484 92
Add 393 50 84
Max 905 786
Cover 59 720 77
Cover 64 573 73
Add 358 415 56
Change 43 96
Change 408 37
Change 587 26
Add 853 339 54
Change 59 93
Max 161 687
Add 588 458 61
Cover 260 254 14
Change 204 47
Max 669 152
Change 118 73
Max 348 722
Max 404 291
Add 526 367 42
Change 697 81
Cover 560 547 62
Add 152 1 78
Add 588 152 76
Max 301 570
Max 695 804
Cover 586 848 23
Change 82 27
Add 454 506 16
Cover 206 754 10
Add 707 926 15
Cover 399 351 20
Cover 499 707 47
Max 318 683
Cover 601 354 19
Cover 846 192 85
Change 31 36
Max 72 264
Max 55 430
Add 873 400 73
Cover 884 831 98
Add 290 461 59
Max 526 370
Add 214 296 75
Cover 154 100 69
Add 391 39 91
Cover 848 629 35
Change 850 53
Add 860 548 5
Change 686 7
Add 730 340 3
Cover 291 699 7
Change 879 52
Add 131 435 79
Change 601 12
Add 677 50 75
Change 787 3
Add 853 731 51
Max 114 531
Add 262 298 30
Change 177 53
Add 589 616 0
Change 503 95
Add 417 578 90
Max 174 473
Change 245 94
Add 216 765 93
Add 866 868 4
Add 127 383 90
Change 659 83
Change 332 34
Add 7 15 25
Max 200 507
Cover 850 937 1
Add 736 8 37
Cover 481 461 39
Change 375 36
Add 612 474 61
Cover 166 638 6
Add 487 724 57
Cover 766 235 20
Change 693 87
Add 135 187 46
Cover 305 103 45
Max 488 161
Max 201 684
Change 294 73
Max 67 591
Add 480 308 28
Add 421 881 39
Change 825 3
Add 904 425 28
Change 432 9
Change 913 17
Cover 416 288 25
Cover 687 859 6
Add 132 69 51
Cover 465 508 43
Change 117 74
Max 871 757
Add 36 903 96
Change 872 0
Add 476 363 52
Add 425 735 25
Cover 123 830 10
Change 331 91
Max 772 24
Max 790 119
Max 37 393
Change 599 6
Change 494 5
Add 873 463 81
Change 86 87
Max 620 418
Max 72 799
Change 205 87
Change 842 47
Max 432 339
Max 53 840
Change 196 61
Max 315 915
Change 730 11
Max 216 797
Change 718 32
Change 274 81
Cover 536 642 66
Max 602 90
Change 227 81
Cover 84 667 76
Max 21 340
Cover 570 70 3
Change 223 28
Change 378 81
Cover 871 486 10
Max 27 937
Add 850 403 30
Add 714 408 21
Add 311 584 23
Add 296 601 91
Change 564 25
Change 832 4
Cover 284 879 84
Max 919 459
Cover 420 456 59
Max 120 511
Change 879 20
Add 159 384 18
Max 47 765
Change 487 70
Cover 931 886 63
Add 570 892 77
Max 475 908
Add 477 252 35
Change 650 49
Cover 415 195 21
Add 851 733 61
Add 253 722 41
Change 859 73
Change 352 78
Max 89 689
Change 392 53
Max 127 494
Max 305 906
Max 251 206
Change 677 16
Max 826 755
Add 64 312 74
Add 721 574 52
Max 440 287
Cover 180 85 16
Cover 312 371 66
Add 158 319 91
Add 853 132 61
Change 337 75
Change 451 33
Change 722 96
Max 290 209
Max 852 218
Max 803 168
Max 338 294
Cover 787 242 44
Cover 828 226 51
Cover 732 793 60
Cover 27 42 46
Add 344 719 63
Max 815 321
Add 680 557 81
Change 805 45
Change 257 94
Max 68 291
Max 856 249
Max 99 795
Change 718 59
Max 748 805
Cover 862 792 55
Change 245 38
Max 682 163
Add 762 636 92
Add 397 102 47
Cover 405 42 24
Change 47 21
Add 743 384 15
Cover 81 510 74
Cover 420 813 62
Max 515 640
Add 570 243 29
Cover 689 204 18
Change 254 80
Cover 450 96 52
Change 879 35
Change 919 4
Change 237 96
Max 263 671
Max 703 254
Add 25 469 66
Add 182 125 77
Max 577 228
Max 141 88
Change 546 40
Max 350 501
Max 105 477
Add 538 177 88
Change 164 42
Max 63 623
Cover 325 112 29
Max 495 489
Add 684 844 62
Max 60 472
Add 418 316 31
Change 882 92
Change 929 65
Cover 334 152 82
Add 425 267 74
Change 55 99
Add 884 642 74
Change 344 98
Change 14 48
Change 163 83
Change 474 35
Max 29 786
Change 368 35
Change 731 44
Change 497 94
Cover 27 80 52
Add 883 334 55
Cover 617 913 65
Cover 537 711 1
Add 243 207 50
Change 102 25
Change 817 40
Change 758 84
Max 683 512
Max 659 310
Add 847 367 35
Change 416 77
Add 527 438 14
Max 502 519
Cover 235 338 3
Add 654 417 79
Cover 870 257 93
Add 590 362 92
Change 514 5
Add 809 223 63
Cover 285 918 75
Max 728 9
Add 684 791 46
Max 85 166
Change 278 12
Max 728 50
Add 282 383 88
Add 69 348 95
Max 16 820
Max 757 461
Change 753 98
Max 386 278
Cover 247 272 8
Change 580 9
Cover 59 453 0
Cover 56 450 50
Add 838 889 3
Cover 908 452 75
Max 227 154
Add 372 9 14
Change 823 52
Cover 280 220 86
Max 97 705
Add 186 631 62
Add 371 566 64
Cover 74 339 83
Change 213 23
Max 633 821
Change 587 11
Cover 317 561 96
Max 297 779
Cover 24 446 39
Max 673 551
Cover 341 123 2
Change 41 68
Max 845 687
Max 864 563
Cover 73 842 13
Max 342 88
Max 874 254
Cover 859 920 19
Change 308 0
Max 715 721
Add 73 200 83
Change 494 42
Add 918 12 61
Max 925 81
Add 226 797 85
Add 285 216 2
Max 191 101
Cover 113 96 10
Change 455 42
Max 149 592
Change 602 61
Cover 597 468 93
Add 328 447 96
Max 536 555
Change 720 88
Max 183 756
Max 489 804
Add 182 845 92
Max 31 719
Add 355 128 11
Cover 406 431 19
Add 124 318 91
Cover 853 590 31
Add 921 42 66
Max 791 917
Max 496 516
Add 723 409 34
Cover 902 140 20
Cover 769 546 63
Cover 295 597 7
Max 567 302
Add 701 447 44
Cover 315 291 16
Max 298 734
Add 633 629 82
Change 811 16
Change 764 71
Cover 801 239 71
Add 687 522 80
Cover 122 546 13
Cover 237 420 87
Cover 147 360 67
Cover 159 606 85
Change 241 74
Change 254 45
Change 229 26
Change 329 36
Add 864 158 92
Max 339 692
Change 129 39
Max 562 73
Change 638 15
Add 689 937 95
Max 516 263
Change 395 9
Change 81 65
Max 793 12
Add 361 901 22
Add 46 401 8
Max 708 570
Cover 712 610 68
Cover 227 734 10
Cover 345 735 75
Max 332 349
Cover 280 22 13
Max 675 622
Add 470 137 12
Stop