123
148
152
79
172
96
135
94
79
168
168
106
96
91
97
147
113
93
169
144
144
144
84
123
201
174
277
102
90
155
163
127
132
174
175
251
175
344
234
197
129
234
127
173
99
344
91
344
197
251
219
206
206
119
84
44
180
291
174
206
335
171
123
170
291
167
137
91
196
119
218
97
162
216
51
335
93
93
94
73
168
91
98
121
98
90
98
73
98
366
322
167
167
124
167
159
170
86
282
103
157
97
136
125
125
157
122
98
476
158
321
130
154
167
36
187
185
379
115
66
194
171
322
135
170
203
142
226
162
153
194
138
153
171
322
153
215
98
170
189
215
78
257
257
260
257
218
351
217
83
80
173
107
70
236
218
136
218
279
400
281
143
281
167
149
133
272
156
103
83
94
157
339
187
187
160
160
137
206
535
535
272
191
165
120
90
189
146
173
282
255
280
183
282
144
166
333
282
178
178
83
87
321
198
189
346
149
173
99
291
354
423
123
274
164
189
147
292
181
169
226
331
507
507
128
242
140
216
342
156
176
179
161
260
144
150
96
127
177
87
99
216
184
398
221
177
169
179
157
28
66
128
203
224
129
406
329
197
139
197
157
287
270
165
287
84
398
195
141
186
260
208
137
119
274
234
310
259
398
256
188
162
429
206
231
259
156
259
244
244
352
352
196
398
93
163
148
244
113
148
148
136
144
136
300
154
365
398
170
170
146
121
177
177
272
85
191
156
85
