10000 5000
5994 7382
49 6120
386 3825
9712 1763
2306 4472
7900 3726
6845 701
7994 9993
104 8234
8668 8129
2783 2768
981 6125
7189 4621
5927 7297
696 3823
2016 7825
5195 6821
9880 2133
6548 5955
3769 5889
6903 8339
3661 3888
3653 6280
1142 8235
3948 3270
9439 2084
3368 1697
6815 1349
3011 9102
9860 7857
6819 9852
4331 9572
2476 8768
6876 6339
7631 9064
7926 2482
5726 6324
4332 5516
7264 2518
8365 9886
2981 9358
6593 9379
9129 1845
4080 6913
5580 7945
3405 3644
4635 6085
2324 1810
9866 2778
6114 3992
7395 8962
839 6254
4193 3202
2165 1129
4790 5454
4972 3603
4313 3538
7122 8580
144 9802
9281 63
1434 3121
7080 6437
5224 106
1032 5622
6175 3960
7166 2281
7991 2398
8473 5650
6400 5324
1799 7598
8080 4638
1465 6137
2246 9966
4829 4990
2206 8249
4952 7156
3091 9414
4737 8545
6159 4653
2475 8591
7191 3728
3992 6914
3870 693
8167 3197
4589 1503
8493 6103
872 214
5327 8213
9399 1373
6415 8962
4002 3062
601 5713
2372 1889
4023 5633
8238 9671
8210 9222
3108 2351
1985 4175
7287 2211
1848 6443
4317 3783
8737 5768
4310 7771
9274 7222
8366 6511
1158 1802
420 6957
8593 5751
1144 6345
2117 4189
8036 3140
4904 2268
7837 7558
1189 4538
3352 1460
7238 7754
7639 4088
3598 7437
918 646
4320 4531
1029 8975
8872 3668
8193 5499
1483 1439
9370 1361
8581 2409
545 3307
5980 4322
6754 6169
1109 4771
7588 6873
3398 3330
2614 6737
3532 7388
6336 6135
7912 5311
2631 9215
9704 3797
2334 1533
3777 1833
9058 4591
5779 9459
2049 7108
1000 2760
2532 1613
8738 9185
9488 8160
4450 5483
327 9875
8675 8643
8554 2832
1289 7397
1831 8870
1804 5645
7487 6243
1797 307
4254 5986
1850 4428
7920 1195
5135 686
9410 4959
7961 7232
6219 9890
5396 9519
6829 7553
7218 2937
8288 2387
6552 6627
8218 1339
4615 4846
9285 6591
9620 277
4960 5370
8966 3808
1834 2798
3531 4769
2173 5079
9954 4905
8497 3416
1696 6694
8603 8178
5565 8791
6734 1536
9137 7010
5444 6649
5214 8072
1311 866
9695 2655
8026 4039
9676 9189
4900 6022
7143 3600
6831 9755
8623 7774
3189 1242
5233 8623
4466 9934
1331 6451
6673 5141
1043 6581
1707 7130
9005 8692
4957 554
8493 425
1953 4187
2887 3000
5498 1037
3689 8395
6321 7762
3516 9387
3241 5317
5083 9420
3790 362
984 9720
4469 5756
9858 3585
3917 6802
3828 2821
1922 9378
7821 6823
7302 2614
46 4170
2188 6559
9732 7247
4106 4087
3380 8095
3045 9304
9053 7371
2550 8183
6226 9995
3793 334
4632 7660
6555 1884
368 8436
5524 6984
5322 6206
8117 3192
9102 5279
5816 9508
7777 9611
1549 3614
5612 400
6804 7481
818 799
8260 8958
5033 4987
897 264
7578 2142
1178 9438
7814 2501
7790 9428
2439 3677
8031 4629
3802 9897
7812 6928
8980 222
4545 3287
4035 7979
1511 4270
4648 5649
307 9179
6411 6730
8474 2809
5340 3416
5792 7744
9040 7193
8271 4164
2855 4335
3788 3757
539 7680
2244 214
9297 2963
6256 3493
4228 7864
3371 6305
6738 96
6691 7072
3448 6692
8572 3300
9394 9734
6830 5601
3880 2742
5058 2282
3208 1015
7571 9519
7617 4611
6360 4952
5687 2085
5013 9657
2484 1955
2045 1232
4668 3295
9664 3848
7745 2075
6454 8244
2727 2849
1808 1797
2522 6022
3561 9155
7064 3076
704 734
1365 6956
5997 1988
6243 3350
1042 4057
3288 2305
2901 5963
6098 1508
2260 6423
8026 3400
1373 9876
484 760
9677 1162
6431 1224
1489 2025
4324 2038
3496 5739
4472 5579
4944 5316
7738 8949
614 9994
9037 3642
8555 6434
7907 6825
3568 3810
929 9357
1347 9798
434 3642
5198 6839
6814 1793
9550 948
2394 7987
341 8799
4989 4484
2154 454
8060 7298
8968 3535
279 1316
5453 1651
5041 8547
5128 4631
5870 9542
4255 6269
1513 7333
7616 8873
2561 7945
1767 4373
694 8429
5452 5459
2655 3222
6409 4319
5148 4135
8486 5077
7041 2716
1903 22
7750 2174
136 4152
3388 1533
8399 3399
6389 5576
3146 8817
4686 2712
1331 5270
2086 6151
2047 1142
5525 4731
110 167
7805 7566
6083 703
1233 9100
9793 3146
2073 3268
229 3936
3179 6148
9661 8269
6550 3118
9501 8516
4721 7079
1976 7697
6513 4367
2352 9945
7514 5354
9850 824
6223 1236
6048 65
6583 3625
6327 9810
2252 111
5137 246
2237 7531
725 4056
7944 5224
366 9104
4801 1668
7964 2429
557 1984
5006 1396
5773 1067
2870 5105
2115 588
6496 5663
3242 5291
2368 2606
7049 8169
8817 7774
6031 686
814 7876
6174 4180
5184 2022
8641 8356
7443 4553
3341 6382
767 2635
5854 4710
1227 862
1026 1269
1224 3060
1478 1452
873 2220
6218 1880
26 5471
9775 5825
9439 4633
172 2874
2521 2232
6808 8053
6471 3611
7413 7906
2548 8535
4628 9220
5459 5213
6712 5726
4807 6154
3590 3210
7438 3279
5552 9500
4988 5833
8212 2538
5663 9673
534 4822
4849 1846
9752 2413
5531 6206
205 2742
2612 964
2488 2290
3811 6146
6929 807
5259 6094
1793 6149
5177 9638
4386 7955
8341 5045
7447 5011
4407 8011
7223 6472
6723 3471
8850 3915
312 9274
7930 5537
6108 3902
9218 4694
5623 3167
5603 9110
9054 2588
5029 9816
3514 2892
1518 5051
2860 3140
9971 862
2311 4103
2859 1322
5160 2608
8115 2905
7475 8243
9002 1226
7010 166
4055 9866
5206 7449
1952 1452
9409 1213
8983 9660
253 751
581 361
5425 2953
3359 881
1803 3498
9023 1767
1729 5722
6629 8122
7443 2184
2537 2479
6395 72
8638 8975
2306 8757
9379 4541
7817 2929
2647 4731
9112 4015
2304 1376
3056 4648
6192 6899
3769 7761
8979 1976
2007 736
9812 5543
8345 4137
4945 5368
6322 3473
4830 5465
1552 6089
3068 1451
6843 3478
6043 8990
1669 9071
544 6918
7024 4006
5370 8241
1061 2162
3831 3473
838 143
7757 3374
1800 5905
9731 9487
2960 5248
948 5202
690 3528
5866 6300
8766 2655
6430 8212
5231 7556
7190 5806
6597 3923
6943 7026
5954 1799
6437 2415
2308 7502
3447 6139
9939 9904
2468 8209
7005 7860
2873 7242
9597 6952
3583 2659
1787 8728
1649 2421
4404 9798
3070 5758
5464 2348
9998 5916
1052 5692
8420 7226
7680 7739
2543 2459
3956 6614
1085 2186
9132 2672
7439 568
5287 9350
5600 5589
4131 6229
1009 650
604 6449
2177 8190
1960 9656
6771 270
3330 9690
2585 800
143 7438
9876 1177
3661 1292
199 9956
4292 4161
9964 2277
4363 7600
1785 1029
5842 3601
1544 6089
7737 5532
5402 8646
7370 8624
3293 1024
9099 1647
1701 1865
5016 9930
4553 2887
170 8411
5121 8189
9501 8986
4181 40
1808 4328
6667 4625
3394 1707
5893 550
5206 9527
3984 5626
9563 9248
9096 872
9066 3254
4848 5503
2859 1135
9024 9016
4775 6438
4598 3971
5598 5262
2960 2194
888 5611
1912 1813
7694 5273
4552 2577
9349 248
5707 4541
2280 5058
8707 1285
9027 7926
6583 9183
849 6315
5194 1171
1779 2354
7325 4350
3114 6044
5231 1286
6883 539
686 3681
981 6100
3301 4783
9378 9790
5864 8456
7084 882
5273 7212
8858 5604
5103 3815
9546 1845
1460 1993
2031 9319
8826 8132
778 4099
252 248
3803 3003
3182 6825
8952 2648
9814 1955
8708 4404
6171 619
3669 8935
5372 7318
3807 3585
4820 9201
7409 636
2135 6148
4656 3268
1524 4783
2856 9681
7649 3762
9750 4231
8821 9583
4922 5930
5025 6176
2190 7372
6211 5255
1510 4736
6615 999
8225 39
4663 8517
144 8617
666 7526
1772 7037
1896 8614
7021 4271
4845 1831
3225 7921
6668 3289
1322 3054
5829 1717
4351 3044
8166 5131
4946 2171
9481 1170
5716 9074
174 7269
7856 1830
8211 1401
2933 896
6119 3646
4584 1999
2632 5780
7720 1477
4930 8649
5602 586
4472 5516
7912 9035
258 3193
9661 3823
5798 482
5025 8770
6052 7391
3453 1284
508 9854
317 8923
9202 9506
8905 6112
7526 877
3674 6749
3467 8983
3689 626
9710 3969
2519 4461
2933 8431
4216 9725
3678 9352
5709 1688
5450 8945
4124 1208
8294 9236
8828 7445
9521 2895
7233 7030
7607 5621
9005 1986
2966 4241
3226 6092
4345 6411
9741 9361
3148 6923
7681 851
2649 9740
1455 3108
9369 4940
9536 3633
8218 253
5170 2533
8227 5305
889 179
2943 9793
2549 5889
3078 5998
9388 2594
3369 4579
2244 508
9182 1738
981 937
3234 2105
5787 2703
5111 6106
7897 1381
2859 1952
7604 7997
1251 324
1167 9734
7316 9292
7716 4764
4484 826
6282 7332
6995 8545
3706 2363
5035 7131
766 5672
5909 3496
721 444
1940 5319
4170 4321
8042 6783
5363 4634
3373 8789
6326 3870
56 6882
9530 3293
9142 1761
2548 5894
5262 970
3025 2057
7605 3525
7274 4204
7187 321
3207 1299
4119 3354
9930 5452
2870 6194
4628 3234
7503 7172
1591 9994
7816 4860
8478 8033
7556 9328
491 7786
593 6973
6477 1995
1937 8321
9863 6954
8613 8776
9558 8039
3977 1621
2228 7833
803 5231
3138 3199
969 6469
9792 9638
2612 6664
141 1057
7753 2752
2441 4887
7824 2484
4630 3930
8156 3649
3972 2119
9539 5471
4332 3804
4598 9852
9852 6015
7826 9875
9417 8782
1655 4298
617 8447
9853 9593
340 7460
6571 4163
9069 1693
306 1656
6651 6935
7353 2268
8588 5308
7715 7880
6677 2100
7641 8636
2606 4801
2603 4922
2785 9700
3947 8884
9792 7097
7566 7954
4781 3873
4417 3431
9384 4173
393 6021
4583 2012
3111 9763
4857 8870
9361 2777
6999 1405
9187 2422
9306 2031
1404 7526
7223 8983
3573 2624
8741 4766
8253 3742
6559 5865
1047 3964
4730 5430
713 1229
9817 4662
6526 122
3519 1974
4994 3466
5610 2634
5565 7314
6372 6523
9057 2839
6666 7619
1746 6219
9474 5518
1542 3196
2959 4677
6928 485
3034 8483
4286 3687
3340 5300
8729 3905
7206 461
5103 3464
216 696
3159 7716
8033 462
19 1679
4158 877
8604 1203
6478 1193
7969 6588
4662 9677
3187 9703
2322 7120
5772 804
6932 7538
8095 6183
1701 7539
3959 5900
8459 9120
7412 2805
8470 5243
201 4759
9957 2741
7509 5629
5566 6471
4683 5482
4536 8792
6443 2892
8570 686
61 2517
6043 4815
61 5536
6701 326
3107 1371
833 976
2458 3802
5257 333
5430 9990
2951 4435
4596 5950
9746 3762
239 4594
6392 8963
6172 2646
1949 6792
9316 3873
1294 5927
321 4422
4718 8897
3495 512
9337 1357
4605 2652
5870 3485
3496 5064
2071 1984
6008 1429
1657 5581
1280 7878
6987 4737
4565 7060
6811 6005
8688 776
3686 8690
6272 6884
8158 2788
9504 968
4092 9469
9460 6610
2677 4624
9806 5146
2040 8647
7013 2462
4642 6299
3259 7860
3974 3905
6183 8908
2565 6933
9498 4542
3969 2414
9875 3606
7910 1162
2487 2703
7980 2128
718 5306
6361 7473
6103 9178
2242 6539
1982 3673
1286 2952
4014 5879
5579 4704
2671 3013
2236 10
953 5819
2529 4027
6904 5146
7631 6043
9554 8169
8245 6909
4979 9622
3446 1989
8358 8513
7214 949
7921 8939
3240 3702
3565 2873
3162 540
4251 5420
3481 1850
794 4615
5895 7110
8367 4483
6335 7725
1631 7771
318 3825
8325 2339
3210 8894
2836 9377
5264 184
2389 9446
4474 3512
9762 2563
1023 8531
3731 2398
3662 6962
4325 7741
9837 9938
776 8653
3423 3458
8834 7697
2503 2920
5067 1180
2313 2365
2062 6095
406 4562
5334 4828
7721 2612
1505 6461
6064 7646
1495 9495
6150 2986
2756 6641
864 4143
6909 468
6802 5334
2479 6983
2622 190
4386 6307
1729 435
2388 4965
2842 5116
8129 2211
1225 9557
6284 6583
4193 262
9999 2257
9492 8618
9474 2060
686 8229
6898 3865
6652 221
6752 6779
8553 5941
8942 8647
8049 913
7467 1044
892 6184
4528 1451
9364 159
1620 7255
9422 9833
1052 1267
1490 8356
4311 1194
7058 7584
5563 2928
2669 5780
9601 2283
8323 4212
2293 6068
5503 1349
7827 612
1215 5928
2233 6293
1099 6440
1497 754
5834 614
2388 2017
2393 4876
3205 5560
5284 1615
3854 9016
2457 9844
7160 378
7318 4016
7472 3726
3642 2139
8782 1328
4245 1525
3743 814
7874 2626
7329 5765
9379 5021
314 6260
5486 6090
6079 7982
4077 8916
4839 2832
1738 9257
2703 5043
4986 9168
8330 1349
4864 8326
1944 3838
8002 2701
869 5739
5522 9969
7549 1250
6517 4477
4056 3826
1863 9471
4625 4062
4939 7083
953 5142
6294 3506
7019 5721
8267 6631
4263 4299
5834 8498
1042 7452
9223 8719
7987 1462
7958 8640
1251 6999
1083 6669
1093 4661
8180 7866
4832 4812
297 3978
1767 3715
669 151
2500 7409
3611 7850
832 8276
6132 5472
2141 407
826 8374
3347 5432
290 6603
1860 9890
3214 8860
8457 1540
1685 2597
9893 1977
9634 458
1005 339
1526 8407
1855 3231
8809 8355
4917 7964
1728 4447
7302 9113
9675 5038
47 4226
2711 3273
4420 4887
5316 8781
4978 4519
8121 4790
2445 118
4191 6821
1809 3867
1699 2276
9074 3676
7267 9371
2723 5031
158 1554
3100 3895
4941 3064
4276 2511
483 5587
1693 2570
9915 7376
7894 1059
1133 2773
635 5628
5031 4027
1692 613
458 4392
2933 6528
3969 6438
9081 8326
7998 3143
7738 7203
1822 9571
8892 7312
1651 5317
3002 708
627 9972
4523 3911
3948 6313
4794 8282
668 3534
1875 8259
33 5079
5239 1565
2432 7794
9326 7382
7080 8253
270 4529
8994 8137
3933 6312
883 5227
7912 4991
7892 5235
2807 7841
4563 3250
9880 2489
3109 4391
8368 3775
5400 6731
3001 774
6400 8139
7767 5711
1058 2796
8826 4935
5570 4269
6662 9724
3929 4401
8719 6730
7028 3202
3487 8606
7870 7710
9691 6881
7983 4946
558 6535
6696 3299
4846 4694
6586 5499
9528 7780
9235 6897
9827 8007
1858 3621
6353 5462
2483 5641
2804 7377
9706 5311
9420 8323
1672 7957
7680 3170
6096 6630
3064 8917
9017 8618
3093 8281
4387 6329
5048 2267
5645 9652
8372 2322
724 3108
9322 9686
3902 1693
9818 735
4385 5593
899 1783
9914 2072
8436 3373
1162 476
3588 2769
4397 682
8501 6416
779 8427
2198 2251
957 3053
6374 2469
3983 980
4584 5146
5322 9274
2356 2188
8015 7851
230 4116
732 5215
6863 2556
4988 8064
2068 5163
94 1229
3411 9634
4728 3930
2329 2844
3198 6486
4404 6647
534 6849
3941 3855
4713 4716
6881 293
726 1260
8775 400
4176 8713
8055 4205
9773 4837
4264 9781
6936 2392
1392 7546
6787 8247
8178 2204
8128 5569
3997 7601
3251 2686
5285 2695
6152 5924
4569 6432
6717 4534
5604 7559
770 4537
9194 6603
4365 1417
7613 4166
150 3414
7637 7058
3590 2784
3580 737
2309 122
3989 1507
4160 9004
4234 215
7349 6693
338 3248
1026 5913
6830 2083
8568 5798
3792 7939
4880 3458
1797 2397
2034 7319
3948 5218
5734 3044
4480 616
3682 8855
6327 1683
6731 3090
6520 5714
3326 2505
7723 3708
4326 6507
8012 3190
3007 1758
8348 3255
6779 1566
6490 9946
4391 1716
833 134
9983 5953
9991 2234
6078 9480
8554 6909
8712 6700
1699 7482
839 2613
414 6523
5948 6021
35 4657
4274 869
4858 7758
5803 1898
6168 48
8412 1635
3837 1068
4650 9034
8001 5506
2387 8036
5177 446
9457 6342
5053 5584
260 5718
7123 5061
1191 2230
7740 7044
4398 1816
3102 4304
8396 903
1991 9409
8748 9591
3539 8451
3902 7271
8921 6879
1272 4413
4982 5003
6653 4931
294 3552
9141 4451
1177 8300
1803 1043
6237 5987
2226 6007
1622 7761
2527 2429
6633 4287
4798 5214
9327 5725
9123 9535
4499 2835
4163 2015
1929 4461
5566 9067
3951 1852
5472 2212
4053 9312
6469 8975
1386 3710
6547 5675
5145 6303
5828 8876
306 3015
6638 7142
2490 7084
8810 1778
9147 4453
110 2992
4295 8595
4256 1424
6130 5628
9443 9610
4597 2943
8646 6369
4409 5197
8928 3611
3800 3127
6500 7940
3558 9597
1619 7474
8670 5155
2142 1979
280 4374
6498 6247
3450 7906
3414 2181
7982 9404
2250 1468
392 2599
462 1970
9576 8099
9802 6993
3740 3505
5921 5512
2419 996
7868 8747
9565 7810
6978 8980
9507 538
4398 8602
933 8252
1509 675
6042 7516
4509 9472
8390 8310
7219 5252
2567 5367
2097 5163
4309 7693
5176 7797
4051 252
2562 346
3989 9047
1595 8561
8665 7886
8149 2703
9270 7078
1793 1376
3364 5646
2726 6631
98 680
7127 8086
4416 5008
6648 7937
1647 4435
3310 683
9608 2298
3794 1883
5575 8145
5801 8486
479 4576
2055 4364
8972 5579
9814 5241
5463 8372
4041 3382
72 9765
1575 9442
3619 6297
4751 2756
2888 3946
1733 8672
6453 157
1064 7917
8674 1980
8823 8874
9623 1786
4982 5425
1652 4849
7308 1234
6249 7101
7561 8697
9068 6732
9632 2688
1807 4329
8813 6622
5516 9017
9064 6732
539 2602
8110 2919
4495 1468
9523 4171
4177 2194
5241 1088
5667 3014
7763 692
5183 6035
2669 5042
6942 1726
1271 4483
2903 9515
121 466
8225 7342
3576 9250
3967 6803
1258 9599
1725 4307
2902 6193
957 3687
2708 7123
258 4358
157 3773
4067 5441
3427 9406
6742 8367
6340 797
7641 8397
7291 1001
6766 7964
8940 3783
4362 5788
9632 4506
1083 1749
2139 6741
7611 5110
5618 8936
8511 9873
1265 8536
3332 4615
3244 1136
8101 4670
9361 634
9367 930
6939 3597
2572 5286
6001 3611
1753 7856
5991 3950
7830 4166
4870 2497
3135 5976
8327 9251
1 6791
9017 3001
9876 598
3111 3360
8470 959
8543 1368
3746 7239
9438 1752
5044 3406
866 218
6798 5348
5097 7702
9760 5352
4107 1870
7706 8611
3972 1801
7342 9288
3179 5497
7535 1413
8305 850
4621 5893
1652 4551
3791 1219
2280 7568
1954 3629
3450 3772
2021 9729
8541 1928
5928 690
1216 5227
112 6308
9208 1832
2468 8775
1401 7032
2213 230
2702 7066
182 8152
7578 7915
4863 3046
7618 4343
9187 7046
9289 3516
7858 9280
5660 6474
4659 9893
4471 3033
4027 6390
2968 6351
8835 3998
7464 4728
6464 37
9605 2754
9212 9949
4106 8463
5409 716
8376 3610
3547 8829
4960 5764
4784 7916
6703 9102
9711 457
4243 3723
689 9893
4314 4528
8662 9380
3563 3105
8344 3755
2801 3052
1161 9951
3828 6524
9279 3832
651 5025
5189 5621
5082 2232
6394 7222
4011 3921
4703 6167
1744 1408
2163 1535
881 5342
743 2424
36 1167
1174 8961
7880 1076
9586 6911
916 6479
7491 4825
3354 8080
2385 3969
1140 7245
5463 432
4231 2992
1555 8814
3735 2285
153 9053
2536 4244
6603 3871
8889 5800
549 7744
3368 1179
2150 5539
7173 2054
985 3712
367 5509
3090 2777
1111 6567
749 380
4409 3758
591 4405
2707 2748
7319 1932
3342 2248
5861 1016
583 7348
2326 8439
8750 6034
1630 1732
1679 6852
2345 2534
6754 6004
2493 4991
9627 4578
6736 2507
7082 7138
6908 2887
8375 5801
3732 2967
8424 1942
5099 5674
897 1104
2919 4843
294 2583
5074 2270
57 3412
1893 8198
5389 6712
3015 135
8879 794
2415 8067
8002 6302
9777 8157
2624 5978
9992 5702
7571 931
3600 4790
1240 4597
9822 9924
2248 3174
4544 3250
9244 6833
1537 5565
4490 9837
3478 3396
5133 4228
2292 3782
4131 4876
806 7918
3804 1032
7490 8283
541 4796
8667 9895
2300 779
6613 9642
2535 3288
1139 1782
7673 1450
9073 2417
6437 7425
9016 6750
2225 4486
3023 994
1950 6451
7141 6468
7360 6088
1608 7342
9894 8519
7 2833
7533 1318
355 8202
676 3063
4218 8966
1632 200
5364 4712
2605 6451
102 5057
1323 5570
8929 4551
1173 1037
9318 2790
8266 6545
1592 978
5975 8867
4305 8295
2816 1317
8567 218
4578 1050
9753 2869
2585 2923
8459 3002
8198 4865
6122 8159
4902 3117
9041 633
4711 7695
6677 8187
2897 1099
491 6788
4608 4699
59 3891
6243 3835
3435 2417
2002 7864
7287 8589
1956 9137
184 1470
6971 9289
2916 954
898 3685
9586 447
8094 9361
5958 7684
1665 2293
8454 7623
967 2222
8666 9569
2325 9972
1955 23
7084 3934
7524 4843
4598 114
8082 5010
8982 6289
9959 5101
7717 945
9054 584
542 5153
7763 9159
9313 5643
5602 9273
6535 8258
5546 8142
372 9545
3558 5660
5791 8674
119 9923
6908 1968
9260 7322
1311 9855
6599 9
1065 9064
4722 6934
5148 9160
2934 8649
4341 6086
5913 9647
603 9713
150 3438
3806 1331
7330 2968
5437 1294
3866 5629
2077 971
7713 7805
1578 8800
7199 6761
3192 4120
8696 1439
889 6724
7574 9378
4754 9008
1489 4753
9701 4226
7122 6192
885 3889
6520 3867
5216 1881
4029 1129
3345 3286
1246 1817
3940 30
7954 7546
1546 1775
1250 7120
7754 410
7182 6723
1190 8064
7440 5759
335 4061
1350 4115
3236 2514
1845 469
3914 551
8601 462
2558 5238
916 8629
481 4310
9920 2289
5476 3795
2325 7070
7479 5846
8913 4952
6599 7216
6692 9006
6439 6408
1302 512
1098 7654
5800 4769
7823 2880
4338 2605
1448 8214
5018 3684
8756 5002
893 4237
3876 8089
4490 7740
3586 3117
1756 6178
2741 5041
1531 9925
5464 1074
6104 1310
865 690
3833 5045
6252 4934
5233 1224
5746 8510
5700 1611
7555 102
9266 8084
3366 6928
1525 6551
9600 995
5474 309
9997 4869
9103 7272
3382 4982
4497 7606
9869 1372
3366 1881
3960 5751
8044 5442
4987 9461
8845 5240
3522 2461
8746 9357
2879 5475
5372 300
9075 207
8422 3000
414 4406
5991 4911
6782 8175
1141 7567
8047 2400
5582 5671
3707 9715
15 8878
2394 5260
6842 2203
6654 3558
8195 8805
9964 1108
6194 4501
2554 4931
7867 1972
8298 5719
8716 5306
5980 8209
8331 8300
2176 6121
9165 6399
8701 6138
7463 9757
8134 8334
7181 2832
7204 4861
3302 3312
6823 8807
9977 5605
4649 5922
8701 1959
8954 3892
6760 5862
4115 6314
152 6512
6095 4444
9634 7900
5562 5745
6124 9834
4272 3540
2009 3327
2821 9174
8436 5574
9317 1523
3039 2449
867 9753
2421 9058
9987 5149
3720 367
4637 8429
9950 2260
8185 9188
1972 3902
9381 9029
66 1743
3146 6410
1819 2309
2884 9717
5803 4843
9735 7006
230 5228
7223 4996
5020 3598
5083 2830
8276 9518
4215 4273
8595 8919
9622 220
3713 5682
5807 246
4969 3155
4574 1576
5200 2784
4227 6649
4922 1077
9206 7591
1912 6131
9855 688
7874 4469
4908 3196
8053 4323
3167 1651
2658 6667
4264 8450
4554 5027
2937 5811
2674 5989
4746 8804
5390 9350
3737 2763
9691 6667
9175 6610
2512 4178
3437 9764
2018 4147
6322 3422
2449 7787
1704 8591
6377 1081
3668 139
7181 8
7968 6304
2860 1618
7608 3088
7236 3707
8362 5284
8341 1946
7362 1578
7235 5106
8090 7238
6464 6927
3328 43
44 4471
590 3121
518 2851
6737 2816
4529 5825
1589 9433
9985 4048
4138 2136
6261 3731
7164 8715
4478 9880
7010 8871
2689 3190
9961 6252
6587 8588
10 573
128 6746
3393 2172
9913 7328
8077 9332
8013 7954
3745 9313
9789 6242
3753 4311
2825 8789
5396 2592
4342 2620
6459 2394
2037 1436
4152 9848
4219 8980
9721 8602
9011 1645
1378 8994
5356 3447
314 3553
8412 3651
8820 5471
2899 4676
5147 8116
6134 5120
9712 6382
4678 9904
3137 4540
1795 6016
5756 5444
834 2363
6475 5662
660 7707
7956 1463
4639 8793
93 9271
947 8496
8036 5021
4901 5325
3810 765
6057 6880
2392 748
8320 1430
3995 742
1852 465
1601 2447
3027 3476
9786 7912
2628 3819
5262 3461
2431 7218
9348 6743
8265 9162
7649 6009
5219 1206
7586 2752
347 2677
641 1154
8302 1980
3430 6099
3168 8727
2361 1830
4487 5086
6157 6114
5240 135
5082 1759
7223 1045
6352 7088
9590 5144
3060 2365
8715 638
4398 3228
4993 2055
4638 5966
5847 9232
4603 624
3500 4927
2642 6736
8994 3850
7308 247
8512 9305
1095 8867
2107 9293
4978 3021
5688 5569
7436 9131
2191 3319
7700 1092
3100 9935
8499 9156
6384 539
8366 4271
4363 8317
9558 5000
1764 3962
3066 1175
6164 3912
2937 4413
6626 9237
6851 5571
8545 31
7454 614
9357 685
1706 4831
3113 7486
6366 9146
3058 8556
561 3273
770 4490
3392 2937
5217 933
7366 2449
2522 2204
5578 8529
1585 2253
7523 2054
6529 4767
4526 2833
9223 6312
7441 6284
2326 5029
7516 2695
6363 3632
1639 7446
3321 9819
1683 7845
7357 8452
4986 1063
8108 8602
9745 3122
4509 6494
2593 849
9277 6640
6353 8945
1234 7023
3889 4153
1110 1962
1837 3824
8515 2581
387 2102
3012 5559
1204 536
8160 4016
3516 442
1741 8485
8011 7174
3647 9873
9973 8986
3600 2386
2250 1171
7979 3765
2695 5470
7088 1940
3685 7058
124 3163
8906 552
9485 8284
7488 3452
9109 8326
1623 5979
7716 4741
4314 9525
2118 90
1382 7337
8038 5979
5967 7635
1761 6804
8348 121
679 5784
1046 8842
8202 1962
5745 2176
3814 6028
7033 7931
199 1030
3257 3698
9116 4164
2948 5983
541 5529
4961 6745
1217 7696
2349 8880
9723 4792
4489 3358
7598 9421
613 6955
4259 9652
7730 9654
6278 8627
9786 86
2205 1729
1557 9225
1179 3735
1556 8114
8904 9150
7005 5466
3640 8059
7608 8972
4679 1539
8204 7429
8761 775
6545 3936
4600 4963
9047 9929
3149 8817
2217 2559
4308 2670
2077 129
6947 561
2839 2975
6666 5175
7596 4725
1722 9777
7772 378
5659 5479
2035 1792
2788 8553
792 8105
5150 524
7044 440
6717 2902
241 3703
6515 8443
5841 9786
4096 3167
516 4201
7714 3242
9571 8163
6002 4414
9421 3294
393 8485
1165 1543
9813 210
4714 9959
8142 460
4082 3354
3960 6445
9631 7543
5884 2232
60 9306
7325 649
6588 6428
7487 8299
9534 5870
2254 8611
3413 1807
1920 1637
5315 8899
9823 5742
595 955
2819 8697
127 7559
2064 9071
5505 2847
7402 1353
3441 9796
5677 8517
8960 4134
2724 8334
8945 4233
3368 8253
7696 449
1976 72
9816 9561
2142 6
7942 6282
1038 5551
1835 1993
1494 8454
2255 8325
7222 4191
6828 2950
5264 5309
7484 464
6323 6106
4731 5287
4443 2447
8851 2445
8354 8970
497 3885
6325 5644
1991 7344
5993 9277
857 9068
9041 7470
59 2485
5951 8740
9966 9191
9362 725
5171 334
9644 6491
949 8886
7260 2864
6074 7323
6152 9146
419 3381
1464 758
6206 1221
4812 5032
3089 2594
2507 8609
6980 8797
2479 5026
2749 6656
4737 9101
1740 7783
4701 1249
6060 2223
8373 6662
8767 3810
1356 3083
6161 2097
5068 6652
8692 3201
41 6781
8095 2480
8191 9321
1248 2073
5860 7362
3942 1304
5751 3501
4162 5909
905 3826
5568 2309
6415 2296
9972 8289
7946 6698
8460 3459
4545 682
421 7121
6688 7863
2339 3951
8384 592
3371 2708
6571 4468
5177 9081
7520 6830
5171 3461
3404 2161
9055 6380
2948 5562
1367 6160
6948 4293
2522 9112
6755 5900
3243 6041
6538 9954
7490 4791
7209 9162
1589 8190
759 4180
8588 2080
5712 2270
9282 8383
589 6846
9968 1337
9048 4217
8343 4299
1629 7202
5570 96
6002 7029
1891 867
4639 9761
9258 5968
5630 9578
1369 1379
8587 3885
9207 1135
6145 4588
1805 4285
1025 1516
3982 8365
2133 9099
6738 9153
3550 4991
7330 6806
4521 7709
1991 4309
8504 9600
1270 4776
787 1729
9282 9722
4002 9901
9765 5607
5464 8991
525 4518
8198 719
3495 9444
4672 7258
2970 7815
3342 8120
1861 1370
3479 3346
3936 8169
3777 6521
8589 8023
373 4306
2080 1847
6519 2902
9125 271
2280 9573
1556 5646
3578 1363
4855 8304
576 9693
7428 1071
9456 2798
215 7668
6597 6684
6782 9626
8096 6186
4018 7990
5686 2094
7829 1373
2301 6286
627 6790
3451 1353
3519 8777
3091 3199
3326 1082
649 3315
248 3307
2192 6365
6362 7847
912 4712
4076 9237
2929 2594
5035 5300
7116 6296
6204 9750
6653 2665
2507 8714
6662 5264
3932 2014
7613 604
5487 7925
3065 3738
3260 8543
2487 3938
5418 8101
3059 3938
8647 4639
247 6883
2731 4311
1880 2816
4446 6815
226 8738
967 5900
4729 3114
2779 8839
7295 412
7363 3867
8751 7252
6495 5397
5073 7631
2582 2178
3365 7408
2936 3728
4278 7538
2509 2302
2154 7652
8484 944
5595 3222
1132 1220
7845 7100
4658 4689
891 9907
4888 1061
1286 8517
1962 8046
7579 1669
7698 817
1489 9784
3538 184
9939 8432
6494 531
9070 3130
6436 924
4532 910
143 8469
3025 9250
5963 8103
3682 1094
4638 2319
123 4439
8300 9642
1418 2733
867 360
5532 5687
943 950
5801 6792
6337 3816
7130 7795
4718 5375
4745 8304
2330 464
2020 2347
6141 3936
7448 7446
4504 7068
1497 9782
6862 3977
7843 6294
9799 7281
7970 4746
1628 8173
3222 6569
9588 5148
8822 5994
2986 9604
8996 1235
7712 2493
52 8036
414 5275
5388 2892
4761 6139
9095 2878
927 5234
7640 7017
7603 4738
9404 9854
1960 74
8925 4487
9350 5631
1746 2510
577 6888
2492 4807
8102 672
189 506
1005 4102
3935 7216
1640 3350
1188 750
4035 120
7724 878
3602 9068
6408 3247
5413 5437
4579 4554
3328 9351
3732 6588
6116 6759
233 1896
4605 8228
9519 4114
7396 5737
6099 8494
5714 3078
4712 5253
3671 8139
8192 592
8090 4571
8373 435
6678 210
959 2963
9008 106
9160 9778
7501 7079
1738 650
6232 9266
6814 5512
7333 2105
5523 3228
2385 5375
4700 4464
6875 4632
4718 2779
1219 8937
3155 1209
1117 4266
2351 48
8618 11
3271 5121
3664 5871
7001 8949
6279 3326
4893 815
8776 5247
8984 9810
4678 1761
493 5688
2612 7670
8966 8255
4880 5138
6670 3833
3311 1580
2863 2880
1154 6090
5335 8199
9719 7292
9036 9437
4247 9639
2322 9449
1895 6928
5346 5008
4813 4574
8294 7530
5100 9089
8476 296
9272 9367
7899 8069
4557 8929
4969 9112
7520 1426
3222 2596
2900 2101
9602 30
3074 1076
164 3490
972 2682
7878 7825
1765 6467
7126 3069
7634 2005
1717 6798
5695 602
5259 9579
2177 5917
9256 2999
902 5181
7289 9680
2172 4828
4995 8983
3339 4221
4356 9092
2211 3070
5754 6430
8012 8971
9996 7558
5821 895
5144 3223
8013 4433
5077 9733
4469 5364
5295 4737
9374 3604
2268 698
2718 107
8604 6346
4206 6941
6684 2103
2229 9568
1777 5523
710 344
711 6009
6017 9850
3695 6232
6888 9083
3128 3974
418 3714
4659 5564
9557 5733
7952 9031
971 6100
6667 4360
7948 7315
5656 649
9105 9412
6586 1220
6032 9504
2324 4374
4211 1373
7777 4040
7908 8292
666 9068
5621 2917
8738 1951
1688 2150
7350 8412
9541 8340
1488 99
5283 7601
4420 2546
2757 3430
8885 757
3111 3144
283 5758
2974 3168
9340 3102
6805 1966
2525 8222
766 7240
5131 687
3585 9540
4349 8563
1710 9743
5843 8281
8301 4054
4094 2499
8023 1700
7748 3433
6589 6760
4943 8642
391 4400
7829 7878
1595 8185
2212 9764
3400 4647
5554 8952
4747 7156
9467 6375
4756 5933
4745 753
2704 8628
4934 5849
2100 9652
9899 9073
1642 8783
6896 1080
4159 3357
2612 6605
7672 2981
8586 4790
3643 4069
1544 8316
9632 112
4993 1012
70 7025
814 1472
7895 4742
5308 8379
6313 3308
4800 8572
7777 6387
378 736
5295 6773
7144 8014
5826 8041
247 3328
6008 2514
8210 8644
4874 3202
9908 4527
5465 4937
6237 649
8572 4912
9648 1463
3008 4891
1596 48
4045 1867
9835 9916
8366 5231
9062 1257
4790 742
1844 8038
6825 9390
7239 5408
9205 9480
4800 8447
5899 7985
7739 8829
5524 8610
5036 333
1472 9431
7806 9308
2116 7717
8320 8701
2162 5452
4180 2543
2931 2259
587 924
3216 466
6496 996
2033 8560
9486 1095
7419 8505
297 5738
7180 2153
7487 953
9172 9759
2327 8799
8743 8929
4147 5349
5221 257
669 4009
5442 8146
5069 9232
2061 5655
4949 5628
1142 5528
9087 79
2623 56
1355 9333
7846 2460
5209 1423
4860 1659
4369 140
7627 1265
6511 4740
3430 5864
9903 1629
3984 5609
517 1106
6149 8329
6000 5907
2389 4116
6638 554
9231 1736
8575 8278
7334 822
1121 3006
9309 669
4021 1862
257 4403
4274 8372
430 4717
1619 2245
2537 5047
8925 3976
9535 7505
7970 7838
2726 9535
2693 8217
4326 2583
2175 4626
9611 6895
1805 2863
7978 9282
3393 1948
4541 6467
612 3075
5721 7440
9765 9021
7194 2953
9619 2774
5514 8083
7888 2130
3375 4207
2449 4982
7539 635
5593 5591
9504 7654
7135 8724
8024 6891
5881 6778
6973 296
3657 2870
5068 4737
2884 24
4592 2074
8041 9648
5898 8794
6867 6400
5219 7820
6823 7543
891 1807
8912 2162
5161 2948
2199 6246
9886 2694
3340 7661
6597 1213
6730 5149
4645 427
7049 1736
5207 6800
3224 4764
4980 1400
6478 7815
8429 924
4719 7208
2121 1607
2461 7255
4160 3994
2972 2422
3044 3707
4572 3883
5678 6730
9699 4544
377 6845
1836 9726
5345 4750
5359 6604
5753 5613
3931 4783
8866 6678
4404 157
3565 3928
2130 7719
9697 7422
3728 1180
1617 7313
8614 7006
3127 554
876 4141
2699 4597
6305 7025
1871 3736
7278 7423
4634 8952
5733 3305
3140 9704
6645 1663
4679 8982
6358 6605
6100 6633
9670 7602
2086 4759
7092 8287
3704 1843
2503 3931
3133 8429
1861 2348
4524 3037
6404 4581
3825 3371
2024 886
1678 8016
544 1247
7262 3039
5758 27
2971 4272
9991 8527
8047 3835
4822 9234
9021 4115
287 3564
5746 9305
3693 8153
8180 1359
201 2662
725 2592
9230 3874
8239 4224
8513 4631
6501 3323
1715 8002
7628 2981
8914 4071
6247 6181
916 8088
564 1344
2933 5074
7678 1983
7467 4231
4684 1888
3061 6353
8630 1646
826 5614
3591 1939
8571 9659
5929 4774
5356 8943
2422 9093
5958 9642
9037 10
599 4872
660 3381
6611 926
8332 7060
9967 7577
6167 4191
66 4923
4659 1697
1629 7356
8933 2980
3469 7012
5019 3733
8143 1014
1322 7275
1322 1705
426 6221
4292 4532
9890 2622
7565 5731
9147 4092
9818 7885
4886 915
5971 17
2371 7801
1302 7874
9730 2225
4634 2807
8346 181
33 1599
1558 911
6106 791
6212 2529
3371 429
6489 4994
3859 1909
5755 2450
2841 6262
1594 9929
2928 7906
128 4691
286 9888
2979 8444
5665 8209
1561 3741
7040 9226
7330 2420
9567 4939
5005 171
6128 5917
3835 7801
9911 1553
8532 929
8763 9237
2081 3043
5928 8816
6576 5056
5538 6962
8317 3074
8013 5942
3603 2012
4783 3384
4045 9365
7629 9078
2216 3911
5159 1352
8162 7301
5126 2716
1558 6948
8549 9284
6382 5871
6847 8039
4060 662
1460 2471
2310 2251
7958 1240
5359 5219
3476 7171
5439 1729
5055 7950
8196 6051
805 9656
5078 988
2899 4898
9089 8910
2887 8458
2062 7872
1937 7635
253 8361
9978 4809
6862 7046
471 9493
1581 8336
596 9272
8987 516
4335 906
2521 7337
7735 9094
3152 8459
8991 749
4949 7175
1089 3672
8517 179
9736 2591
9518 3510
4643 8758
7751 3644
8483 6910
3543 5994
9995 6785
8781 6114
5909 6935
4197 2853
3981 696
8372 5281
1569 1944
5308 9318
7896 3103
2589 7577
4648 1282
7809 6147
2215 217
3034 6740
8376 1151
7173 8427
2423 4505
4131 1716
4951 9941
4121 4089
6470 8707
1841 9527
5496 2138
6404 6120
4792 3795
8852 7281
1673 6309
8207 4811
5389 3229
6448 7103
4876 7375
2622 3556
4060 1855
5964 4242
3755 9211
3131 1258
6004 7267
1357 8770
7126 7695
3761 3098
4728 2365
3819 9931
3397 7619
973 290
7222 3627
9625 5944
5252 1179
5511 6957
451 5904
8296 5427
9671 8636
2391 7045
5190 4259
7962 4358
2218 8536
5183 6765
5778 6937
7789 9190
2152 7598
5206 4150
8481 5249
3749 2079
351 6896
690 155
2378 2268
5519 2141
445 8191
2196 9314
3170 2953
2234 9489
6341 711
4010 6102
5749 9180
7789 6256
9049 1491
4497 8906
9161 3992
7295 975
1314 9068
535 6253
5262 8635
4908 5634
737 5618
2968 4937
4141 6019
6520 8108
9649 8416
6346 7466
7506 8178
1141 6341
2323 5799
7014 4566
7695 925
5384 4277
1245 8815
2536 3445
2388 5286
8575 2935
8589 8886
2072 4978
7065 7361
1120 1262
691 1141
5120 4964
8867 2054
198 11
1890 2610
1369 4977
7342 1931
1402 2462
303 4552
6316 2650
3268 6878
9455 3803
1104 8696
6767 7217
3205 6189
5833 2487
4278 938
4071 9999
7565 4249
2117 4475
1101 9807
3340 9709
5693 5663
6958 7756
7600 9930
5676 5770
1402 6946
6922 3868
8873 3610
1007 7842
4867 9711
7952 7251
5580 7979
3992 4579
5854 8897
5735 9954
7887 9167
7830 7604
5406 4670
5321 2378
1927 3712
5065 8113
7676 1675
6732 8663
2645 1948
3530 6165
3289 3205
3479 7503
6493 323
7243 920
4200 4441
3320 9392
5240 654
8744 356
43 8206
7174 7902
3369 7772
1056 9928
8617 3681
5657 5494
499 9917
33 78
6612 6356
1258 8755
7306 2298
2247 1226
4285 152
2790 975
9707 2393
5832 4695
9946 8582
2742 6476
5925 1352
7085 4535
6019 4339
2445 681
8442 3118
6439 8405
6627 2281
5389 2341
8376 7610
3644 8239
5798 3860
8818 5402
6228 8144
6038 7199
6705 8264
9331 9659
4200 5966
3608 7898
7682 9561
7350 992
5251 9851
4712 5879
7923 9108
3379 6130
3095 4259
6982 1142
6101 3051
5521 1688
841 9014
6420 2674
8746 9962
995 3168
2709 4892
9574 804
9296 7530
7929 1991
7759 7248
3689 4203
6712 3981
279 9102
3475 6479
7541 5213
9042 2696
4881 7762
9168 5060
1890 5728
5816 8162
2101 2300
9876 8056
4510 5543
4813 6821
5835 3061
4390 8403
7158 3933
2594 2657
2911 5263
3101 5789
9107 9269
3395 4306
805 8694
7010 931
4037 8386
8562 2058
1432 8462
5013 9994
4324 1024
5672 7379
1958 5881
3664 5402
2999 7084
5783 2238
2474 1382
6340 5239
2803 445
157 5608
5563 1139
2789 3889
3887 2028
3668 1481
2390 6218
3013 8131
2835 4407
5771 1826
7215 5124
4496 7654
326 9281
1123 8247
5581 6489
8441 7920
839 7287
1782 6927
795 5636
7134 5270
5466 772
5353 199
7295 7341
7344 8370
1050 2720
4183 8394
614 232
7118 5601
662 4230
8490 8240
8436 7051
5308 1589
5770 5031
3526 2395
1578 4374
7855 3987
8994 7627
3958 3849
9021 3534
8470 5988
5109 7820
5202 6211
3695 2681
8440 6178
6313 5258
1563 6503
3404 9058
6200 6801
4137 2732
8561 4349
9298 1019
7451 9217
2349 8467
4851 8647
4069 2273
6405 517
6848 2367
860 7573
2158 3892
5926 9584
828 6741
1029 6462
1428 454
9640 9036
1338 3944
3881 2650
431 8734
6231 4215
5927 2346
4788 3656
1783 2483
211 3652
5311 7282
2872 115
3416 332
5791 3075
3894 8641
9302 3651
700 4983
1533 62
8729 23
3595 8315
1388 3603
4303 1258
8419 8314
3263 3086
3955 3353
9471 543
1378 4706
3320 8047
5286 9612
5357 3105
2300 6043
1263 1206
3157 8951
5439 1539
4862 8865
9377 8877
67 1911
8880 5615
8729 3358
1398 7785
7392 573
2607 1236
1674 5704
9038 2159
1748 1848
2010 7447
6318 5611
4271 4754
534 2809
7754 947
8128 5598
6135 4382
5454 2554
2163 3355
8650 5065
6366 4974
5487 4884
9964 4042
6340 5178
6445 5885
6984 898
7730 3454
5360 3663
9021 8114
8744 5344
3294 974
4850 1135
8518 9747
738 2062
2925 6592
6050 8081
9259 1588
6370 7099
34 3499
5516 4222
5682 9000
1900 6780
495 6340
1636 9690
8429 5911
6474 4950
4041 1104
2602 6000
7838 6592
8633 9834
6332 8875
9083 3174
8181 450
4442 7456
8845 7626
5089 8977
3452 9349
5343 1134
6637 6551
6192 6688
6263 5289
740 3363
4427 4768
4666 1478
1930 8477
2024 6241
6120 4938
1755 5704
8609 3488
429 7691
291 9819
5072 9068
7368 5562
4178 7835
2320 6829
6053 2659
6984 219
2705 5363
7316 5363
8426 5967
2699 7766
1373 4692
5675 8044
7525 2221
4009 8534
8600 5340
4592 3814
5705 7140
6312 7475
1174 9880
4057 1720
4895 6503
6874 241
4024 2216
8896 6513
2990 2757
647 6465
8540 807
1649 6508
420 8093
5843 8387
3271 9110
3536 2989
6817 4260
9166 8304
1272 5237
242 1175
8476 9073
1134 2760
9923 9164
3754 7166
8412 6124
2344 8784
5959 554
4048 6224
6644 3617
1909 4146
7574 9102
7998 6543
1859 3163
9692 1095
1355 5352
1039 6409
6368 1745
5436 3059
1628 3115
8686 4791
5859 3452
1927 5400
2773 30
5330 6710
8419 8945
5744 4734
355 9401
8617 3790
1648 310
4874 1433
1706 2
6536 2276
8278 6385
1733 932
363 1801
3371 520
9243 8910
8608 3607
7915 8255
6347 9637
5406 528
8722 3133
2111 9657
6034 7972
4006 840
5356 8289
4938 1928
41 4809
8495 3906
1922 3356
5835 9659
1286 2799
5136 4802
2205 9022
2020 9698
2405 292
3343 9898
2950 3862
3419 5601
877 2175
4225 7243
1273 7829
5540 6846
1322 5567
3967 8064
2430 5585
8133 9686
3513 2535
3752 9064
4415 7526
1544 4982
3302 3604
2367 7021
9365 1332
6392 7878
3124 8233
7394 1756
4387 5975
2550 539
668 7372
2995 5576
2648 5020
3846 648
3187 8985
5189 6457
5142 8400
7485 4965
2062 4699
6335 6289
5933 1282
5082 6565
8300 6333
520 4590
3109 6886
9712 9881
6480 6308
3557 2717
7482 5382
990 9884
1865 8425
1733 475
2969 3131
1957 9069
2410 491
6145 8800
6015 5793
9134 8014
6361 8596
1125 8349
6979 2338
2175 6945
3874 5754
5387 7846
2104 1801
4751 7621
2331 2598
629 9806
5640 6670
6692 6942
5034 5139
5201 5728
6135 3776
7188 6443
9009 7150
3479 5527
692 560
7381 6941
3001 8763
8555 5792
8909 7720
9061 3592
6162 4541
5321 8300
3875 5704
7431 3826
9587 8416
4852 7477
2813 9287
6653 4088
3010 9041
5948 9967
3150 4697
9558 6721
6767 5279
2579 7302
3579 3187
5131 2337
707 686
967 6586
8946 5437
2622 4662
7646 4634
9804 6792
7439 6564
1014 2768
8149 2706
9103 2716
3610 6150
3697 2613
3752 4461
4497 4047
7978 6652
1472 5090
2442 5419
7629 2923
4782 6334
8244 4674
4644 8428
1068 8384
2102 1162
4424 1751
349 4380
6435 2
6055 1495
3452 6680
3921 5595
3905 4622
7050 8468
8573 3828
5518 7931
342 1839
2594 3793
6920 5399
7514 4013
2483 925
895 9189
9777 722
8224 9340
5610 8643
5170 9785
4771 2622
2992 3229
6672 2673
9550 8633
2468 8190
5062 6604
6514 7789
1644 691
4878 4290
9138 2114
4394 9620
4148 5073
5052 9711
9015 7088
5349 6302
3503 353
8250 371
211 4797
9594 272
1271 6490
4302 3173
7349 4899
6533 1715
4429 3742
209 4801
4768 5928
4448 6706
2597 852
7197 96
1699 1059
4117 5975
7763 6253
7800 7443
5285 8170
9275 871
3801 2651
6709 6980
4956 1266
1309 8414
7592 6242
8303 9564
3098 8800
3849 2282
9943 54
7463 6182
5778 1753
1606 1614
2618 1299
5030 8742
7375 7171
2561 9525
281 5479
4314 3291
1312 9143
2772 2841
7559 9128
4452 9557
7516 7843
9055 2428
1634 9317
2109 9622
1870 7087
8996 4309
1416 4731
2515 3224
9200 6283
4369 7895
5061 8081
494 8916
4442 9158
7668 6565
7345 1992
9609 5592
189 8986
418 4660
9412 4333
5485 2107
4041 3098
9837 78
2471 1741
2313 500
7345 2696
8330 1258
5706 3090
5914 1355
9247 4698
2012 7567
9613 6851
8852 8472
8420 8696
1027 1639
7984 7194
6284 4976
6234 6671
7985 1490
5785 2364
4686 8530
4760 5822
2728 7139
894 1842
7396 571
9546 1282
8206 2085
2814 8096
1981 7488
2688 7599
8612 6931
1953 38
3963 8602
8883 1204
1939 5946
7583 1156
7271 2943
6751 9780
5496 2056
930 8603
8838 2135
5560 9793
5178 145
7893 8096
5063 9200
814 4989
9613 2844
947 2989
834 5381
3804 2026
1645 1762
360 6666
4240 6935
1614 1361
1461 6334
8646 2502
8626 8427
269 8656
3288 1472
7628 1240
9990 872
9798 669
5987 4731
5900 8252
2615 1326
9998 5944
9949 3810
9322 9963
7888 3943
3058 4304
8478 3832
3861 949
5887 8802
1544 3617
326 1713
3800 2528
7476 7153
2400 3854
7160 1984
4340 1055
6687 5479
2802 9885
7083 1954
2649 5787
6527 6146
2973 2603
5792 6819
3427 1949
1013 2247
4564 7156
80 7859
404 6172
8757 3944
3836 1787
8087 8224
9560 9078
6439 2665
6281 2094
3843 7513
1689 873
7562 2513
2732 8464
8190 3546
2722 3422
6389 7898
9297 2187
6353 5242
1048 8043
7374 3343
5038 2250
2999 4359
9079 3473
2893 1635
5653 5620
1978 480
321 488
6302 2468
5431 1662
4369 8739
2594 9500
6384 2817
5008 8581
6561 8828
6575 675
7000 9543
9977 7919
5388 8446
9842 6405
5564 4188
7839 3735
5741 4215
3024 3766
2131 7225
498 2444
1797 6616
8917 8918
721 4975
5508 5506
4212 6674
1482 2200
6043 3098
8962 8637
4641 5415
8310 842
6134 1210
6394 260
5129 5568
9450 746
1610 8870
5894 2123
2917 6800
9123 7891
1478 2736
83 4888
7864 4776
4058 7451
3281 4470
9261 8009
3085 1007
4298 2339
7471 7410
8561 9925
2802 4071
3795 516
4437 2352
3668 7117
8852 2356
6707 136
5784 9627
5888 9847
7177 727
1717 470
2793 302
2026 7366
7660 8335
9876 2810
365 1188
2493 7669
5842 6112
5905 1337
9119 7038
5132 9027
5475 6447
3475 8786
3131 1872
1937 8146
8976 7746
39 1898
235 8417
1781 9876
2561 1624
5587 4976
4362 1777
8239 7985
2095 7881
3479 1211
7930 207
3673 810
2448 2737
4715 1704
4367 4536
1912 4482
5707 2775
7201 288
2185 1175
4632 8132
8870 4739
3209 6075
4047 6648
9850 6886
6645 2649
4764 9668
8981 7921
4199 8429
4832 5755
6966 2417
6142 1244
4226 6597
4712 9336
3201 2354
4379 3925
4529 5738
6434 2173
3766 4828
2523 3127
3670 9581
4000 9752
3112 6261
3266 2055
3423 2203
7268 7679
9185 5463
7308 2929
8566 6734
8194 4227
9148 4746
1036 8724
6643 5824
8833 9751
5021 1292
2178 152
1515 5078
3637 629
7520 4520
488 6199
6290 1500
1539 1511
2562 6518
9834 9668
7100 2745
1446 9179
4120 243
449 5026
4087 4686
6698 2471
4611 9977
2855 3269
8218 5290
2427 1457
2199 3518
9561 4568
7063 1112
8185 6548
9161 5606
1095 2988
3339 2636
1882 7286
4069 1788
3182 6298
5980 7487
5636 728
2641 8066
3530 6012
4627 5599
913 8019
6830 2710
7421 853
4202 4189
9919 396
8251 2940
1154 7340
6904 5326
124 7138
4322 532
3501 9404
4754 2632
5186 9825
4939 9226
1742 888
8590 5023
8675 2112
2631 775
164 7432
8792 3668
3905 2878
2175 4718
8913 7200
9476 3203
8759 8835
9418 3618
8118 1046
1046 7304
2096 8897
2887 9218
7571 1905
3691 9300
5750 204
7952 8116
31 7309
8197 2088
2257 7323
3532 3884
101 9061
9172 991
2106 638
5609 6574
6789 5621
3255 1001
6185 616
8559 5076
6545 1966
4923 7307
1010 6755
503 8079
6046 1434
3828 5811
4295 2645
2927 7153
6908 171
1835 1174
909 2588
234 2968
6466 5760
4760 1875
6370 7118
1318 5801
9071 5539
892 563
8491 1251
1608 1371
7304 988
4855 8850
2238 1568
2599 5376
8391 7958
9635 2540
3667 9607
3181 9223
9117 3033
5937 5062
7162 5188
2073 9074
9657 9892
3715 1469
9601 2379
3982 8799
3822 8327
5249 2466
2887 3360
9432 4115
3437 7285
5511 7130
9637 8807
3626 6956
1435 8565
1601 8966
9530 2998
9644 3386
7905 8502
3679 8175
1230 7367
7445 4436
2329 1183
3237 2693
5860 1449
6741 7362
9759 4155
1386 2403
6531 7565
2198 6835
9686 209
9323 6540
3866 2554
3707 3107
3249 3569
7292 9633
3795 413
444 8713
5059 6887
727 9399
7228 4605
2583 923
4303 5996
9200 7962
8138 106
2426 9477
6141 6944
5057 8029
9751 9742
3805 5901
9186 7473
5871 4556
2197 604
8316 2363
1308 2495
2780 5558
2901 7477
8754 5994
5261 7524
2734 7680
9409 6557
4373 7088
8070 3171
3766 3164
3609 1014
2156 3919
6801 8386
8117 4003
1141 3208
8107 3987
9423 5549
8420 4712
9979 5102
2416 9463
5756 9973
3584 8079
1783 4395
5626 3482
7913 2868
4581 5297
8905 9441
2952 5960
361 133
9593 5448
8261 7409
2239 7463
784 6710
8165 2280
4173 7010
184 3417
1015 2838
6237 399
8528 8244
5254 1101
3289 6678
5193 2432
4914 4139
4588 5967
2125 2222
5680 1971
7357 9870
8480 1416
2774 433
767 505
2861 5011
1613 9974
5075 200
4016 7253
3471 3011
7882 6798
5251 9669
6426 23
5598 1864
8958 7257
5566 214
7022 109
548 3098
5531 5387
2437 1483
953 1038
7480 1000
4279 7549
9689 6202
7086 58
1851 5506
278 8801
4054 4268
2859 2662
9010 153
8697 1352
1470 8967
8376 7683
696 5393
8192 7627
9143 926
3603 9451
3785 7811
6014 6462
9229 8804
5628 4197
4794 7101
3521 3069
7348 4870
6528 454
572 1401
7594 9330
1267 4053
4965 255
9738 7814
3997 9336
4580 7385
3311 5246
4711 1061
6877 8734
11 5522
3217 9651
3714 3486
4791 3443
6542 3467
2840 5227
5806 8368
1431 7322
5934 5065
7269 4327
1914 455
4441 3965
1990 4750
8532 9265
3987 6158
423 846
4789 7888
1400 481
2464 2106
6600 316
3277 9333
9531 7290
6796 352
50 7279
3487 8615
8925 5830
8833 5659
3051 8393
1279 43
5921 8317
7066 5869
2010 4313
3886 7569
2840 5392
4478 4629
7421 815
2753 6948
7699 1518
8351 2048
8592 1628
8221 4253
6261 5340
4049 7672
3188 1454
1528 8797
7558 1264
3123 4687
2560 202
1504 5159
7852 398
9325 1778
4369 4159
9033 9716
659 7304
6907 7320
3686 4355
9734 4304
7207 74
1328 2808
2963 3993
7297 5084
6458 1102
8220 4067
8503 4157
8907 3173
7130 8329
3087 5138
1177 4046
4673 8582
8315 2389
7314 5764
8330 7466
8636 5504
8931 900
4734 555
5501 6323
8081 4378
32 6760
8856 4616
9194 6342
1752 5
755 2574
3737 7140
306 3788
5316 5809
4263 1029
5424 4243
5886 3822
5188 411
6205 2356
9437 4710
3535 6308
8175 1203
941 2769
1956 4376
6081 4249
2294 8678
3104 3063
3882 5809
9278 6294
3881 6092
3364 8091
7982 9609
1506 408
5198 2317
5452 4711
299 4907
100 8879
5340 866
8814 9226
7516 6483
9168 6312
7009 7029
5688 794
9371 6534
6985 9947
9911 7884
2989 182
6963 5002
646 7
5251 5426
5781 4079
7458 7616
4296 1978
4806 534
2494 8304
2369 8621
9978 3648
1366 5759
5420 9575
3021 981
2011 6391
1602 8483
7645 1708
8871 8925
2869 363
9223 8734
3950 8177
739 9193
2676 3647
6365 554
7242 8079
5713 1944
6806 2724
7041 1316
450 4248
1830 878
595 6245
3293 7625
6833 1842
9042 6117
3181 4678
5229 460
2992 8897
525 3641
5674 9031
4155 4356
6187 5614
7278 727
706 4330
1258 185
986 7292
7311 5884
8607 9090
8463 9042
7313 5046
131 7916
5415 3913
4555 9386
5788 3644
4910 6370
1144 7028
2129 5717
1642 1354
7144 6168
7055 6624
2215 7149
8533 5141
1652 8234
8428 3261
8580 3148
6021 8099
5495 3586
3636 2867
5970 6909
4669 4715
746 5183
3599 1438
3595 9324
8083 6234
3566 3330
8768 1626
4122 1415
628 3688
2490 3988
798 4998
1903 1882
6447 7321
6030 2580
7143 1162
3392 1052
9874 5499
7302 2524
1335 3485
6766 6094
1306 837
977 5755
5130 6679
7813 3793
7028 8692
5267 8200
1637 5532
7099 7623
2283 8313
790 1790
5530 2776
4223 465
1142 923
5451 1412
4311 8854
2112 966
5828 2549
277 6301
8022 7627
615 7190
815 6632
2556 8504
8138 8297
1812 558
30 4270
7383 3371
1624 2416
2797 3008
1777 1552
8131 5928
7564 6924
7521 8796
5035 2474
5666 496
603 9984
4432 3930
474 7292
9693 1935
9487 4576
453 3493
6788 3155
1115 2718
172 9044
6183 4675
7551 1803
1926 4977
4739 1945
5382 9344
3258 5575
3309 508
7740 5642
3118 3297
5694 9577
4182 8069
8106 3355
7364 9337
4741 229
2943 1022
6612 8428
9625 6391
3656 7860
7888 3064
6535 2182
862 8116
6645 5466
4219 5204
4868 8798
9617 8744
8794 4059
1144 9447
9772 9753
4132 7035
5487 6133
3882 2586
1708 9211
8443 663
3042 6794
563 4436
4586 4674
5118 2030
9562 2369
4653 9172
5264 7813
5873 602
7650 4617
841 62
7810 214
193 6437
1585 5405
8737 7848
7613 5579
5847 9264
6911 2580
5912 83
8975 9203
8511 1135
971 8663
6538 6360
7344 3371
1911 1042
6694 6004
5807 1521
8883 7819
3522 3393
1218 5762
8664 904
5791 7366
50 1926
1037 4101
6506 790
8545 3911
1910 5490
1472 7927
9831 718
3064 303
7617 1491
9071 7678
256 4565
8635 1587
9403 2408
4321 8451
4023 4566
9179 9731
5763 6442
7848 9419
4113 6435
3741 5563
7952 7652
3144 9524
2898 9753
8612 9154
4542 5221
8775 9666
3104 9651
7991 1730
6433 5878
5242 1607
5175 2669
7717 6642
4201 9633
9790 249
4209 1096
6685 8414
373 709
7097 8498
7548 2171
7333 8350
7323 4145
5984 534
8347 2767
233 788
4864 2882
9057 465
5387 3104
2313 3863
3303 4421
2709 7113
2462 6358
4044 4610
7324 3476
6115 1115
2535 1498
3926 202
1944 4707
9009 8222
7602 8479
6178 5268
9590 1992
2253 6319
5762 7331
4518 622
2950 6294
5479 9312
9629 2104
2279 3461
7699 1976
6067 6992
1109 7436
2662 2163
3785 1512
3849 9030
2728 7084
8985 2998
5744 4505
8773 4023
2618 7957
466 865
7247 1624
1273 8068
2177 7338
9072 9543
8585 6266
6916 1872
597 8075
4969 3390
2701 8529
8626 4382
547 299
5990 473
6543 1288
6677 6754
8724 803
9877 2838
541 4448
5781 4232
419 338
4863 2028
4599 3589
6122 9800
2873 3523
9300 488
7511 8975
5735 5251
3140 6501
5258 1642
7895 3578
8571 9258
22 9524
5649 7528
1344 2667
8264 3441
858 2512
2956 237
2886 1655
5231 2102
6870 2346
7638 6333
1135 7771
4912 2343
8290 4348
8131 7277
9484 4801
7832 4077
4298 4237
4765 6853
4909 9148
8925 7729
6765 7271
6619 5035
9565 48
7575 5671
2722 8086
9323 8128
8641 3866
5004 1117
7648 5654
5069 9141
3505 8157
5509 669
1015 4312
345 5199
2595 3364
7662 3345
9100 4521
5035 1422
101 4082
4812 7027
481 2483
7449 1020
96 9234
934 1517
5810 9608
9330 8098
7028 5703
3457 4246
9365 4772
421 2495
5864 1735
9837 9809
3469 4620
661 2639
9745 232
5369 2359
9270 4687
2147 6923
7018 650
9395 1956
3924 6638
6092 100
4819 800
5696 3170
2501 4376
4296 4525
4645 3384
2281 5748
4302 1295
1770 3028
8489 9881
572 5060
7085 6486
3384 1428
3778 6611
936 1454
4409 4700
3762 256
3132 524
2831 5235
1908 4318
4186 3020
8595 3485
4180 6483
9001 5539
5780 4450
9558 556
1758 1396
8927 1290
3915 9348
6294 7294
8453 7504
8239 1566
7322 4537
583 5768
9739 667
7122 9249
9425 7144
7132 1009
6258 6608
5702 8784
9821 4805
5626 5351
644 2072
1587 2397
7353 5692
1659 8289
3283 277
6323 2999
8766 3614
7005 8061
346 2101
8900 3587
9862 4388
5505 3943
8163 3985
3537 5762
1701 4116
1789 7268
4791 5229
8084 4060
3721 9881
5433 1376
3530 1445
9362 3414
8741 9426
5023 7226
8139 3095
6159 6062
9371 5422
8829 8973
3674 1244
3344 9119
1815 772
3233 8244
6526 670
4689 2734
7108 7633
9278 16
5717 3154
2156 3943
803 8665
2473 5635
5175 125
6157 1289
130 9969
806 4185
2028 1419
6959 9277
9324 9132
7512 1155
1891 2234
9337 1134
7744 2348
9681 7131
7248 4046
1905 7816
6374 3398
198 5323
2000 7999
8835 1012
4298 2099
7561 873
5801 8602
2982 3571
8774 9334
1232 1978
61 4955
8183 7940
116 5778
5438 8121
7329 8644
4957 5974
1539 8804
8249 1047
9809 6508
7957 4942
6708 7014
2306 2358
8723 8644
930 8561
4887 9588
6645 3716
5410 5152
9770 8897
4277 5313
8108 9332
1337 6175
6205 3663
4272 9260
4118 2978
3053 7362
6941 2586
9920 9772
7372 1037
9177 3946
5086 6733
7663 7336
6377 9613
9814 5847
648 5323
8241 9764
7241 9005
3665 2254
1404 6009
1701 837
8167 2957
7185 6257
7916 2438
9869 3915
3696 1249
5612 9267
8955 5960
4104 9111
9497 3985
4265 8828
3036 6559
4160 3886
1917 8995
6659 3181
6395 9422
4848 171
534 7404
4613 2760
2637 2349
2139 4583
4449 5508
5368 9906
8049 9729
9690 6519
5192 8046
9956 1940
6669 8189
167 3141
9922 6576
8130 9193
4187 7611
8532 7065
3880 4409
210 6738
6723 7289
832 5322
8738 181
6394 778
3142 6869
5118 890
4777 7347
2142 2791
4513 1078
5419 2025
240 3926
1546 1491
5434 8025
1232 1718
6604 1314
1099 352
1287 5188
6556 9143
6631 5810
3813 7938
1874 400
4535 2782
7554 7409
2319 2827
5566 4728
2954 7924
9735 6713
7021 8494
4979 9855
45 8988
9392 3346
3115 9614
8209 3977
6320 5338
3130 9926
9467 2508
8439 510
1548 9000
5017 1721
9151 7531
9064 9617
3547 551
2403 1609
2757 6812
5020 5754
3106 7665
8257 9968
3736 3785
9557 7815
5557 3907
9872 2154
2234 460
8400 163
6727 2505
4741 2261
5257 9404
6174
