12
17 11 373035 373036
73 89 35 56 84 87 53 26 71 20 21 7 137 89 50 132 85 
11 26 558329 558330
10 49 18 41 146 101 110 25 69 48 141 
7 3 8770 8771
22 131 40 114 80 25 27 
2 3 738828 738829
137 71 
8 26 229138 229139
107 102 56 114 33 31 69 132 
12 30 565791 565792
30 91 114 138 73 112 1 25 109 101 40 72 
2 27 577236 577237
92 107 
3 11 495355 495356
56 130 69 
9 2 367158 367159
88 106 57 102 27 85 90 82 81 
19 6 319932 319933
13 71 60 93 126 36 58 100 99 16 139 133 52 77 45 65 37 42 14 
9 10 835537 835538
80 133 18 68 93 18 67 126 122 
16 24 740259 740260
112 114 50 138 130 95 27 79 91 23 135 137 150 65 51 145 
