200 1000
274502164 762979786 776390259 680427035 586740164 97012518 549285147 950734017 353768164 546780646 452753581 687836318 353486597 902429949 256115854 981912784 743800334 342866123 645266132 988424946 672041071 23258849 69434583 903399354 723541582 510942554 417362497 929879171 240710972 563077228 826005508 133240520 133916169 959152099 457056705 995997388 93054945 606348793 94242130 24992843 733857839 950098546 765330371 273461639 454745287 9722130 191064932 740243053 892207894 607234298 737517714 977570486 777241846 753642793 615855139 953609474 436933729 91555982 621554925 113148661 959479604 311960877 911839184 630822268 896054809 837825293 72387844 939711678 932393880 348730773 428190920 180053115 141206954 88807715 883093112 886432161 171253882 428869566 848638202 268839412 78387390 49371313 647931621 690141982 657097221 472063667 962421023 356266129 373384039 311288711 352163457 139252439 451528815 785052048 23205340 110571045 232655363 818431595 540019902 641562464 17902633 34804023 628624349 462852175 970718985 440697830 137313501 430557623 155041143 878809784 910982463 116814303 497920357 951134581 643596371 49060652 76124557 111116237 12784141 114676281 71406602 480362913 68432912 41162611 916209093 61438833 248772374 759590881 801122393 534554233 328881824 686870362 505554703 58063914 922610054 475229432 482342203 767600168 121739241 312469668 80176355 844713588 879844971 129501196 564123464 82741137 208353144 38424723 559208555 22706385 960063879 748957636 122294957 855432470 643468397 45685281 180838982 464371741 533239561 501004568 893356261 580485644 996972159 443645613 81557079 428221739 698028048 847200947 89719813 180338669 645545738 392795694 145459952 701984750 775498404 723405579 372623780 418517580 808984907 683324564 686364764 597903705 684547394 911115751 209502072 375609865 66040647 843575471 78865375 285909198 450572 130295857 242110431 815969593 963341581 2720328 416357881 18145813 619941567 560223097 
5 123 365
17 64 142
5 118 464
16 154 285
7 15 279
15 98 438
7 198 194
20 119 162
16 32 320
14 128 406
15 82 137
1 177 351
6 177 381
10 50 152
20 171 370
11 110 435
18 117 278
13 106 458
3 28 127
16 162 44
1 171 451
11 91 280
8 20 355
4 143 136
13 157 113
6 8 469
2 200 151
19 141 277
1 107 109
20 108 237
17 101 325
19 186 361
2 88 417
6 185 61
16 83 446
20 53 141
17 60 151
2 161 78
13 23 101
1 119 45
5 39 110
11 175 66
13 150 375
19 95 296
9 198 4
1 125 288
8 86 257
7 32 351
2 167 424
16 69 26
20 144 25
13 105 4
6 172 395
17 190 24
6 164 492
12 174 111
18 32 482
1 37 371
15 74 188
9 85 481
15 186 286
6 123 409
17 57 111
7 145 27
15 66 60
14 187 106
1 12 485
7 53 180
10 148 273
2 100 367
2 193 161
13 119 249
9 163 285
6 96 186
9 186 466
15 154 434
11 31 270
1 37 274
11 16 455
13 46 67
19 129 87
6 36 358
2 50 175
7 93 157
9 140 65
14 32 150
2 47 472
3 184 269
17 108 269
18 43 395
14 85 347
5 89 224
4 55 492
20 171 236
17 19 110
7 80 464
8 156 297
2 14 329
12 191 292
10 32 362
8 82 359
16 187 53
4 5 385
8 171 499
10 154 161
9 147 121
5 151 80
11 73 214
17 44 186
8 200 1
8 39 107
18 184 319
13 129 77
11 22 54
6 66 260
12 18 226
18 194 99
4 51 258
5 19 73
2 76 56
4 102 158
15 186 303
13 105 339
11 167 452
10 55 125
15 50 13
18 188 274
13 62 134
18 115 498
1 70 226
7 128 68
10 136 376
20 49 434
2 43 134
6 97 496
9 101 409
14 115 442
5 71 416
5 120 39
20 118 443
11 158 473
4 61 437
13 155 102
10 42 271
3 60 286
11 145 450
9 130 353
7 60 470
5 24 388
18 195 457
2 153 134
10 137 176
1 29 46
14 42 466
18 176 447
15 120 371
1 180 492
1 68 412
12 140 78
13 18 88
1 104 156
1 151 415
10 16 398
15 28 160
20 26 424
13 128 95
2 113 116
7 150 439
16 31 479
6 17 103
4 7 227
18 28 251
3 155 11
7 73 374
19 107 246
1 194 334
3 12 268
11 50 379
19 92 185
16 23 161
4 96 45
4 43 95
19 63 247
15 117 319
2 2 5
7 20 13
20 61 16
17 125 270
3 183 275
14 104 93
6 17 234
20 75 151
18 199 173
6 35 372
3 177 272
7 17 253
7 163 92
15 152 91
2 11 291
1 93 286
1 199 274
17 19 460
8 79 217
10 125 135
7 61 301
6 164 364
14 196 480
4 197 192
18 142 191
2 194 396
17 96 26
10 131 40
13 106 140
19 20 67
8 33 264
8 57 224
10 91 250
13 186 370
17 51 74
5 68 424
16 22 126
14 81 395
20 56 30
20 189 364
20 114 331
2 59 441
17 173 325
6 196 269
3 111 403
3 134 362
11 133 422
8 128 425
1 179 317
9 131 422
11 123 38
13 187 296
14 154 298
3 164 210
9 114 180
2 151 485
6 130 241
10 186 312
13 47 165
6 180 176
12 27 56
12 119 212
5 64 433
9 183 8
9 20 132
6 93 19
12 83 252
3 178 451
16 147 497
16 41 330
19 172 17
4 189 41
14 52 303
1 1 449
3 187 495
9 198 240
14 115 326
4 85 377
2 64 343
5 14 151
14 39 420
5 186 300
3 177 388
8 108 365
1 88 40
17 191 65
9 105 229
6 66 366
17 103 79
5 33 83
18 54 333
20 143 402
1 1 410
6 131 372
8 67 363
5 40 336
7 36 81
13 123 65
19 185 208
1 181 463
14 32 7
16 102 162
17 41 355
15 31 379
5 37 55
16 22 253
12 171 312
5 73 99
9 10 378
2 62 497
15 31 117
8 33 475
14 65 304
20 49 313
4 17 256
17 180 125
4 17 121
1 93 187
9 72 333
9 14 112
7 21 41
15 26 142
12 68 297
4 139 120
19 95 440
4 61 233
13 175 303
5 171 63
17 25 463
15 49 124
10 156 103
7 63 472
1 100 435
16 47 198
10 187 319
13 34 34
13 53 373
8 112 490
12 29 462
6 183 368
2 71 33
3 196 136
5 74 107
20 105 461
13 199 432
8 45 62
14 32 322
20 138 397
6 7 61
13 126 425
15 187 285
4 177 48
5 7 328
11 144 10
17 165 124
7 33 85
3 74 43
17 153 245
11 189 438
12 73 12
5 21 141
13 56 198
12 75 290
5 158 186
9 62 232
16 105 174
6 10 225
16 171 332
6 141 188
14 66 170
14 35 275
12 171 342
4 91 273
9 160 444
5 99 171
12 142 347
18 175 224
6 75 362
4 113 441
1 69 63
17 84 4
6 99 288
19 173 454
18 182 273
3 69 462
1 38 69
7 198 115
7 196 297
11 75 227
13 129 334
13 143 174
11 111 338
20 188 319
18 127 77
16 85 407
6 78 361
6 42 349
7 77 450
7 179 480
17 99 173
5 193 198
20 84 122
9 116 338
11 32 240
16 191 215
19 116 315
8 35 322
1 12 476
9 139 404
12 80 363
5 167 350
1 97 213
7 185 30
12 88 311
11 173 5
18 31 118
18 183 307
12 108 409
2 20 150
13 76 274
1 169 139
8 165 177
15 152 229
17 98 174
3 126 426
16 92 408
10 11 31
11 58 117
13 129 95
15 52 117
11 23 181
3 165 476
3 28 128
9 10 37
13 150 460
15 190 232
7 197 306
10 144 210
2 13 421
2 83 44
11 15 475
6 59 73
7 182 421
12 185 299
1 27 333
2 56 311
10 79 126
10 89 29
2 53 181
10 39 412
19 179 382
12 54 240
19 81 422
17 78 94
6 174 202
5 120 289
12 40 380
12 148 307
14 61 10
14 112 259
17 146 26
13 51 109
16 100 75
11 60 191
13 183 369
7 183 389
5 103 424
7 138 79
16 96 388
17 163 483
20 136 223
14 55 87
13 62 483
2 45 240
2 86 102
9 140 199
16 88 426
16 19 61
19 36 416
2 159 95
3 6 483
4 30 409
2 187 180
15 44 469
15 139 324
15 45 421
11 17 94
12 98 113
8 47 345
4 153 390
2 132 183
3 162 106
7 166 188
8 97 499
5 70 190
13 182 234
10 44 393
13 135 324
4 120 203
13 194 184
19 95 13
16 70 430
13 195 158
6 105 391
2 191 241
17 186 352
1 123 122
6 76 9
19 73 33
10 16 115
5 105 192
2 198 422
17 63 201
9 140 323
8 175 260
19 101 442
18 92 97
13 14 270
3 104 112
1 158 326
16 86 56
16 137 209
19 79 158
4 5 205
13 98 289
10 121 112
17 153 125
10 174 30
3 135 211
3 68 28
2 68 390
10 119 129
14 129 340
3 164 54
6 70 29
6 128 343
7 90 81
3 94 367
3 70 360
17 190 97
3 159 261
19 93 230
4 5 296
10 115 448
7 154 216
11 15 192
12 21 325
9 96 499
6 137 116
13 122 134
17 151 449
4 28 421
1 181 36
2 15 261
3 161 27
2 135 481
17 20 403
6 97 230
3 132 310
20 45 304
16 71 26
4 48 214
16 69 89
3 131 494
1 144 436
18 53 301
13 163 113
18 71 217
11 134 483
11 101 185
15 199 6
2 52 351
14 177 292
5 8 80
17 45 140
8 184 24
17 175 273
10 178 24
14 124 50
18 152 272
15 36 9
4 23 229
3 97 367
13 136 284
16 158 294
13 101 121
11 34 421
3 191 168
6 142 114
10 147 253
13 111 149
7 12 34
4 81 464
6 12 8
20 141 156
6 39 280
14 145 293
17 119 351
5 26 29
17 72 315
16 70 269
6 15 254
2 48 340
2 69 131
15 142 347
17 78 336
7 52 25
1 135 200
13 124 110
9 196 395
4 178 143
15 122 9
11 110 24
20 121 403
3 160 384
2 4 296
17 89 434
4 36 17
6 21 121
19 158 131
20 77 306
7 167 404
3 171 460
17 59 137
1 194 380
5 144 193
1 9 139
8 42 375
13 57 20
15 27 288
1 33 236
9 181 420
16 81 230
8 129 246
3 18 267
8 102 315
10 118 407
3 139 358
7 183 136
20 170 229
17 109 144
13 131 447
4 165 499
16 170 293
14 82 247
15 65 312
17 194 141
15 75 387
10 46 297
6 26 120
12 138 441
11 106 472
18 64 499
1 18 297
20 163 372
8 90 208
16 73 427
8 179 371
15 160 450
12 140 197
12 135 285
12 133 252
8 149 238
8 33 273
10 12 388
14 39 24
13 171 344
14 53 315
11 32 14
13 112 231
7 92 75
16 66 472
14 59 165
17 124 112
17 69 442
12 182 19
20 157 151
16 193 100
1 79 460
10 197 5
3 163 234
6 29 364
11 149 476
20 49 365
7 77 311
4 123 195
19 188 217
20 107 380
10 22 454
13 118 456
17 31 16
9 194 60
5 105 473
2 140 425
7 125 66
11 194 2
14 175 200
13 137 28
12 107 107
9 113 444
3 132 453
18 178 388
9 172 202
14 40 290
8 77 240
8 38 23
18 66 98
3 30 318
9 81 472
20 176 409
1 189 384
16 101 373
20 53 388
11 127 92
17 197 441
11 183 88
12 171 335
10 117 188
2 146 19
9 15 368
20 58 365
2 4 241
13 171 189
6 180 341
11 189 337
12 151 41
2 75 425
16 111 43
6 172 218
17 46 376
20 140 401
19 26 446
19 120 82
2 125 273
15 92 424
8 42 165
9 85 259
8 98 125
6 162 468
14 132 466
6 144 384
14 35 264
9 170 439
9 63 246
8 94 367
5 83 351
11 159 112
13 156 131
20 94 15
1 22 467
1 109 479
16 139 126
11 118 173
3 94 51
6 93 38
7 188 102
6 104 444
19 65 179
15 76 319
7 59 398
8 133 282
19 199 16
13 82 406
14 35 201
19 169 72
19 119 463
7 8 109
16 20 370
6 111 67
1 21 35
2 15 410
18 153 406
2 20 490
1 174 200
13 50 450
3 30 53
18 76 248
19 54 402
4 97 132
12 83 169
4 51 49
15 55 120
6 117 393
14 48 411
14 96 30
5 92 129
7 183 374
12 151 26
3 143 254
14 107 299
12 138 249
19 150 497
11 135 310
10 142 212
10 107 194
2 84 451
12 131 223
11 124 24
16 74 232
1 168 267
2 152 302
15 74 379
17 37 194
7 96 164
16 170 10
4 137 424
14 125 337
12 41 334
19 184 263
9 170 122
10 25 372
15 65 424
11 121 305
1 9 186
5 84 34
6 15 103
14 30 128
11 159 117
3 18 32
11 35 363
1 176 90
4 19 345
1 13 283
16 89 301
1 144 457
4 50 16
17 197 487
8 17 49
1 105 227
14 15 50
9 74 448
9 86 20
12 99 499
17 66 363
14 66 62
13 64 200
13 17 223
10 54 118
5 14 78
7 79 143
20 86 329
3 19 262
2 8 427
3 150 117
16 107 191
8 16 75
9 36 209
7 119 251
6 123 404
10 56 369
8 48 446
9 22 416
1 163 394
9 153 443
2 138 168
17 194 447
14 134 127
5 101 45
11 58 81
12 116 167
15 156 344
6 17 228
1 3 81
15 146 50
19 78 71
1 161 208
18 190 367
16 162 468
2 116 277
10 125 474
9 47 410
20 31 371
12 153 82
7 64 235
11 43 20
19 184 216
12 118 302
8 87 458
17 126 500
1 157 44
3 40 138
17 196 365
5 89 39
20 29 261
4 23 13
12 166 324
5 154 83
3 182 387
9 59 303
18 47 307
5 51 152
19 115 387
17 132 470
16 83 151
5 73 1
10 134 396
14 122 155
3 49 389
16 174 58
13 105 122
6 49 161
19 41 369
4 25 343
1 4 315
17 142 481
2 19 134
18 133 291
15 80 364
4 20 172
17 89 324
15 162 36
1 170 339
8 96 293
1 71 285
8 71 477
6 187 385
3 104 355
10 12 117
1 89 378
6 11 25
2 150 475
13 192 442
6 32 394
6 36 242
3 6 5
1 153 61
11 62 194
8 181 35
3 169 346
1 71 451
13 14 492
2 49 102
15 17 442
1 5 234
20 123 412
15 64 243
5 55 477
7 152 255
4 125 320
18 60 434
5 77 431
20 196 484
16 196 107
1 131 375
3 193 101
13 16 347
4 80 12
19 74 137
14 75 458
8 125 267
5 106 261
16 60 306
5 140 222
6 134 417
2 89 88
13 135 93
14 171 444
13 198 117
8 58 279
16 46 342
2 4 305
7 121 324
1 90 414
11 48 440
9 36 370
6 21 196
4 15 102
5 140 226
6 38 63
13 94 322
2 114 111
15 180 306
14 184 118
17 17 103
6 136 363
10 109 88
14 146 6
5 60 220
6 16 432
4 170 366
12 175 352
20 142 60
2 24 280
19 63 117
16 130 113
5 137 11
9 182 482
19 161 91
7 116 192
14 144 346
15 137 160
3 48 274
11 170 56
3 22 455
17 24 78
1 131 421
4 8 437
8 45 41
7 168 345
12 73 404
7 126 45
12 152 335
14 50 80
13 62 386
3 42 237
10 52 289
14 186 123
5 68 183
3 46 74
16 155 126
18 187 481
2 155 462
10 193 269
3 11 269
20 20 210
1 130 286
