200 1000
274535778 327930284 874206758 502830704 727474377 37435062 751340235 571468479 123840363 266288770 952398814 771229001 627488287 50916033 485731828 109474143 331397694 375929581 144540165 275510170 317646030 825441540 451586354 604626374 62833408 626600773 812348695 590956080 879930957 427184251 440836408 111888878 113659546 163010633 323537031 258269007 662733256 707623444 55747994 446626838 794881773 875152596 574165863 361616664 105512610 321905620 756431741 245063941 63488282 334123365 734620422 881929145 650991615 934358681 11402828 521268807 379026330 651993080 231606691 373270467 549967754 331386562 981812635 853574669 838683117 811955352 67986151 181922847 708043042 665480639 431227869 682447430 183780577 718656447 10857195 733728142 917764714 643978638 824349758 429359103 486351973 587811501 716082879 499551337 91222961 28448410 829513939 176919643 371055647 832710013 206244186 307411038 959127825 842062165 414535197 449066883 2528795 137724975 549245131 278185105 178121988 897010170 714708444 228763831 630941259 748452899 436136208 572522417 303002084 872281945 719258387 183223118 732356200 481855637 179819994 518109601 614837194 24877035 934956430 674857105 462207122 659710027 81316100 673054980 31641883 815123475 982043306 789999941 430580758 898376157 843510414 339957445 3755220 836939971 432187941 993013427 481229946 401249592 496202936 796705823 467189888 653195956 120990800 618323663 492419402 838380717 817464424 317162434 494599578 973376750 805576176 581862538 516109500 565899461 14635305 600892080 725063560 114001614 55653724 655209526 957828507 479261009 521580138 169115506 203427555 5912633 382336841 457176635 864177251 795136090 61512543 901659188 541342678 251138579 80714092 145041112 312013233 998807898 877634859 491370811 40075887 393034492 863970644 617659535 860816919 152610988 837383992 452397947 5662974 688306744 24506860 155876146 673298254 32402129 62181184 840563749 207482671 440770541 359367278 954787754 
6 19 207
1 15 272
20 137 302
3 13 232
10 141 309
10 20 398
15 48 217
9 62 214
3 63 274
9 193 214
12 108 178
2 40 135
20 160 120
1 116 415
3 136 296
15 168 151
2 85 466
9 75 305
18 79 386
4 177 425
12 74 469
11 55 432
1 128 329
7 83 392
13 22 447
13 57 230
15 53 456
2 3 77
9 175 458
3 17 135
1 159 137
18 80 75
8 38 380
4 197 215
2 168 246
14 146 64
15 56 167
1 28 83
2 61 315
3 28 479
16 66 82
6 168 443
12 97 290
8 26 395
16 159 73
14 33 61
11 133 70
13 95 149
2 149 277
14 139 93
19 125 64
6 119 340
6 95 206
20 69 228
13 156 36
12 68 355
8 191 281
20 86 494
11 98 206
2 39 98
7 145 80
19 23 371
10 63 264
13 117 249
14 18 313
15 147 217
18 160 83
17 104 428
3 106 445
15 133 166
2 88 472
11 15 347
9 158 43
7 184 455
14 81 447
15 150 142
4 143 225
3 47 140
5 159 459
12 39 470
16 48 16
6 52 458
16 40 42
2 26 489
2 32 24
10 58 487
1 104 292
4 11 375
8 115 464
5 24 145
16 72 43
9 72 25
14 107 432
8 49 50
7 77 469
18 118 176
16 182 446
7 12 414
5 125 496
8 181 17
3 114 494
18 149 395
13 94 125
1 40 111
7 17 289
15 88 393
5 12 23
6 110 246
2 27 387
3 147 176
14 87 176
16 52 349
13 114 240
17 137 494
4 14 343
19 43 388
1 68 139
8 156 56
10 104 360
15 197 391
4 171 433
3 22 92
14 108 226
2 156 333
13 44 181
6 71 320
11 96 354
18 85 153
20 45 373
11 151 331
14 31 411
3 72 113
13 96 214
13 137 64
12 161 254
10 12 411
17 46 211
4 24 447
11 107 231
16 157 119
16 106 264
16 108 13
17 82 378
19 20 492
14 181 460
11 136 386
12 82 381
10 51 438
4 173 337
3 9 316
6 36 416
17 185 406
16 137 111
1 20 336
8 11 255
2 107 171
19 63 192
5 179 399
17 36 455
9 197 4
20 124 31
18 36 363
16 155 14
8 169 123
8 156 363
20 145 189
4 62 273
12 43 398
7 12 77
2 29 445
13 61 399
16 81 71
9 46 74
1 6 442
16 92 497
9 25 74
8 147 335
10 59 86
11 12 243
14 158 382
10 12 450
19 176 492
7 196 15
7 199 426
20 76 79
20 95 175
3 18 333
14 186 141
10 90 52
7 95 246
11 41 259
13 26 81
9 64 453
16 131 400
11 13 425
2 113 248
2 71 82
17 172 317
13 118 343
8 137 478
13 194 330
15 123 291
5 93 96
2 56 488
10 197 382
14 196 233
4 180 318
18 37 312
11 31 173
9 139 323
5 70 135
18 133 143
1 19 298
18 58 9
1 114 275
1 30 90
9 128 232
10 180 232
1 16 387
13 18 171
9 102 65
20 185 417
9 14 290
2 56 63
9 95 374
19 30 14
8 162 405
2 35 379
6 85 159
5 189 167
4 19 488
9 155 389
3 85 444
12 40 343
1 153 311
20 173 63
6 116 422
15 55 343
8 23 306
10 171 18
2 83 29
4 17 120
5 62 106
17 85 344
9 196 290
20 110 121
4 7 259
16 137 94
1 25 447
3 175 198
10 74 216
1 53 425
15 98 426
1 10 262
18 26 342
8 29 62
18 20 311
12 133 236
16 71 2
1 113 36
16 19 49
19 182 286
4 157 223
19 145 296
14 20 497
4 116 68
18 190 236
20 164 265
6 7 48
14 132 431
19 176 136
10 83 410
3 171 238
2 28 495
7 189 486
5 136 310
5 59 51
16 71 410
12 180 99
14 97 445
13 113 467
11 46 84
15 103 317
19 103 433
3 140 387
11 42 424
5 82 93
5 122 152
2 36 158
14 28 321
11 16 403
11 61 319
19 91 279
17 100 237
12 153 420
2 37 8
11 185 343
16 46 281
9 59 155
1 11 12
16 38 330
6 35 222
12 144 17
11 54 416
4 159 88
20 128 192
14 67 122
7 153 386
4 154 264
20 47 245
20 194 99
3 26 432
11 145 445
6 105 26
7 22 80
12 135 470
13 181 109
13 191 382
11 19 343
16 66 494
3 55 226
1 61 427
15 38 62
18 120 200
1 121 488
7 191 461
4 12 22
7 96 433
18 184 440
9 179 292
1 117 416
7 58 74
1 175 409
19 33 73
16 53 138
11 81 406
11 199 409
13 168 174
11 132 143
20 104 411
9 56 185
12 20 309
3 48 113
8 14 291
18 110 368
18 153 136
20 83 45
15 48 426
10 186 437
3 110 206
14 105 183
19 135 114
3 8 128
13 48 39
5 193 64
17 169 205
8 196 102
14 198 378
5 131 160
7 61 143
11 71 499
8 17 316
2 188 103
3 148 386
2 100 146
17 90 287
6 157 213
14 41 216
11 19 223
11 102 413
15 174 257
3 169 265
4 184 110
16 40 337
13 23 106
18 149 259
6 91 40
1 192 228
4 177 385
5 79 161
7 55 236
10 50 167
3 113 284
19 22 208
17 113 471
17 43 188
19 69 8
5 153 69
16 116 268
2 67 372
1 10 9
13 122 307
11 189 335
16 23 279
16 55 498
2 125 143
12 104 135
16 43 324
19 76 227
8 199 90
4 105 208
19 77 84
2 20 131
11 27 417
20 46 70
16 160 455
20 172 53
16 37 297
12 21 102
11 27 234
16 78 215
10 114 359
12 159 220
17 146 355
8 44 243
9 123 288
17 148 55
9 51 284
7 154 145
6 19 38
6 169 351
13 98 260
8 175 298
17 193 387
13 72 391
19 74 86
10 10 498
12 17 317
11 18 301
8 25 29
8 166 217
2 193 422
7 12 378
20 199 27
2 192 385
17 195 483
9 147 235
9 99 481
8 89 471
1 57 109
20 195 317
6 171 417
4 147 154
6 100 174
15 182 199
4 114 126
10 117 54
14 69 405
9 158 131
13 144 344
10 178 358
3 135 158
15 168 477
11 92 175
4 140 262
7 46 364
7 126 400
9 69 386
15 77 328
4 123 8
6 131 466
6 141 233
7 17 342
8 14 278
3 143 95
15 168 77
13 71 39
8 11 336
19 20 28
16 50 328
7 135 351
17 95 224
13 51 456
13 133 302
20 171 190
19 111 133
1 181 493
3 176 280
11 87 340
8 117 182
14 63 499
6 95 438
14 47 129
15 63 256
18 128 184
8 147 159
7 200 63
10 95 486
2 26 410
5 26 246
8 178 46
10 103 470
6 83 200
9 132 46
11 52 107
5 18 485
4 40 155
3 11 274
13 55 315
4 98 228
1 143 172
5 75 362
15 96 206
14 140 41
7 109 292
11 64 436
1 119 6
18 61 364
17 23 332
2 188 276
12 109 186
20 189 470
8 148 350
17 70 422
9 119 493
16 151 314
7 25 298
17 192 317
17 190 45
20 156 126
16 37 479
19 105 272
8 172 36
7 179 9
14 118 233
18 164 25
18 26 499
20 140 359
7 10 95
4 199 441
18 89 372
11 61 208
11 177 50
6 168 350
4 43 410
16 107 195
2 10 201
11 145 193
9 162 441
1 34 405
11 124 147
6 65 442
10 15 350
8 145 358
11 140 19
13 37 222
6 16 21
3 196 80
15 80 276
10 104 275
11 16 101
11 58 90
19 184 138
5 85 459
8 44 233
10 88 382
16 60 112
5 158 298
18 44 414
9 118 365
9 31 280
17 185 321
8 174 81
16 71 106
1 169 74
9 200 372
19 129 362
7 96 440
9 102 121
9 169 379
12 47 11
12 29 298
18 119 379
19 86 458
5 69 468
14 199 24
6 52 71
3 20 341
4 124 369
3 94 237
13 99 480
2 9 226
9 77 396
1 38 420
12 138 129
10 162 493
5 59 484
11 81 242
4 196 48
5 185 354
20 196 433
14 37 207
17 65 70
13 20 49
17 186 91
9 68 245
15 64 414
2 3 103
19 147 183
9 112 432
17 39 113
14 103 302
3 11 251
8 191 94
13 42 414
18 160 181
3 194 317
5 129 210
9 26 435
12 152 266
19 56 460
17 194 404
8 74 291
20 70 192
13 164 227
10 106 134
6 81 475
3 59 87
8 72 101
11 45 253
11 53 342
3 51 329
14 177 460
12 167 399
8 147 437
3 27 406
16 23 18
3 109 305
3 136 485
14 31 474
2 44 332
18 144 463
14 41 231
19 91 217
18 197 344
6 169 149
7 107 403
7 33 97
12 57 416
1 198 126
13 184 272
6 87 36
15 28 496
16 195 493
12 196 452
11 116 74
16 187 290
17 111 333
16 62 499
20 103 279
10 126 218
5 22 242
16 142 176
12 194 232
11 84 27
20 65 17
18 122 13
1 92 426
19 180 183
19 47 444
4 5 277
10 60 173
8 185 432
9 16 161
16 40 119
11 198 378
17 176 474
3 16 3
3 49 433
18 65 347
20 169 148
3 25 156
11 48 161
12 155 366
6 19 29
13 165 293
11 148 349
3 122 306
15 158 372
13 50 404
15 102 237
2 130 445
2 128 400
14 72 37
3 35 383
15 118 470
6 155 25
8 61 177
16 143 373
13 156 138
10 116 14
5 180 411
12 53 72
10 50 452
20 132 89
15 171 380
4 15 351
6 187 310
10 140 439
6 198 391
17 35 481
11 184 138
14 92 79
15 87 89
17 125 491
6 76 399
7 143 444
7 24 307
17 50 55
16 138 7
13 101 162
14 105 385
12 30 448
20 173 109
7 87 465
1 105 246
3 167 290
18 88 413
16 36 76
8 33 456
11 143 416
5 120 339
8 86 253
5 175 62
16 113 363
1 45 198
17 193 232
8 21 15
19 118 463
4 85 192
18 186 300
10 105 38
1 11 480
11 41 387
18 49 19
2 45 488
17 20 43
18 47 214
16 135 159
15 35 258
8 27 266
1 166 25
10 173 20
3 37 110
16 129 129
2 39 488
5 121 431
8 80 131
6 13 117
5 187 25
8 184 217
12 147 336
13 147 359
19 50 90
9 195 476
2 158 470
1 16 77
17 50 458
16 117 53
17 141 8
13 147 416
10 15 96
10 131 111
3 38 266
17 110 207
12 121 44
7 150 298
9 12 300
16 68 62
9 193 231
9 190 57
6 186 50
12 119 490
9 182 463
16 129 343
18 58 112
16 49 29
18 121 240
11 76 65
12 181 388
16 67 181
10 163 337
14 190 306
12 96 38
1 8 78
15 194 39
15 116 160
12 172 417
7 19 358
12 16 416
13 74 269
7 176 41
3 131 274
13 14 342
18 108 500
7 57 377
19 73 434
6 194 24
8 144 278
3 128 461
14 65 217
1 103 3
15 180 354
8 169 20
4 9 380
6 15 99
8 173 56
8 73 9
12 119 431
17 76 209
6 167 80
15 60 143
12 56 337
14 148 241
13 101 106
13 122 309
15 129 26
7 77 264
17 104 212
11 137 256
4 65 371
14 20 272
16 66 308
16 74 212
16 143 372
1 176 435
5 128 344
9 105 43
6 53 412
6 26 344
3 84 160
13 160 436
14 38 379
6 38 481
2 198 325
5 124 135
10 77 347
14 37 251
20 111 16
20 156 329
2 14 419
5 143 228
16 106 187
6 43 110
13 95 309
2 185 337
5 16 499
9 163 204
20 124 383
16 90 389
14 72 434
13 184 453
5 23 114
17 136 407
2 55 317
15 62 204
13 60 60
10 192 456
14 146 44
10 82 367
9 66 488
13 77 108
5 199 374
15 143 231
18 170 134
18 60 141
5 8 396
13 20 381
18 113 338
1 135 177
4 145 10
7 123 73
2 187 319
14 14 413
19 85 466
9 96 125
8 113 497
6 132 285
4 160 474
2 27 162
11 19 460
3 93 263
7 116 350
20 140 291
16 25 456
5 8 62
8 164 300
15 180 177
3 138 168
12 178 432
17 169 167
3 12 250
2 165 359
4 133 122
17 168 276
1 51 94
11 107 330
13 200 85
4 28 29
2 134 321
20 33 127
1 44 361
13 94 270
1 122 293
6 83 375
2 167 481
7 89 97
15 133 369
20 33 12
9 70 368
5 71 173
11 136 219
15 168 480
9 140 369
20 62 252
6 115 118
10 12 240
16 167 202
5 149 279
16 60 181
15 121 124
14 55 184
6 9 314
16 89 41
2 139 89
7 41 291
2 25 342
18 135 305
14 121 123
13 52 446
4 105 222
20 167 292
8 61 27
11 135 341
13 108 91
20 131 73
5 179 339
3 93 248
3 164 2
3 142 14
2 36 478
7 94 186
9 185 449
13 118 62
18 85 213
16 140 276
14 131 360
1 162 363
13 70 386
11 132 16
8 90 310
13 191 13
3 58 277
19 167 456
4 121 313
15 50 394
17 75 117
13 153 165
13 27 117
5 136 55
7 30 483
9 26 30
4 63 419
18 99 286
11 39 267
19 112 120
15 100 73
3 62 347
17 164 102
4 90 79
17 96 73
15 100 168
5 54 434
20 140 297
9 70 402
6 12 224
1 110 42
11 104 123
4 66 104
16 81 248
20 117 382
16 124 60
7 42 97
12 90 295
14 50 366
14 22 301
3 191 185
13 130 369
12 177 141
12 143 491
6 112 369
9 90 292
9 70 185
7 93 181
6 68 102
4 196 297
10 75 273
10 107 134
15 42 286
11 189 422
