78 31
321671558 910514385 -160221249 -101060027 -63330434 550263252 -997129041 -553942005 -968689712 -901483099 -936336730 -458277316 549970355 375118375 -604480389 36214612 714090361 -776427178 639520751 62587400 -567576652 -345451612 583517182 -591559397 303478809 87659816 -82275752 -36116618 518851953 -793337818 -109764325 -327578924 322073818 -918636383 678711427 -537200697 -917883913 440572835 -22998433 -194628393 -708828192 756829190 275533727 713585335 -674464572 633089487 -653484298 -938763504 -856904679 407349370 -64026468 -410561951 -656774068 -542836718 994275255 -993067945 -871094591 288183203 712447414 -472149996 -679928529 -857838992 -263263692 -916096400 -142976916 -185847641 840382676 104667791 155435022 849278580 -705728971 -841654638 -421739499 460737632 -415671480 -633282091 -850170327 336479827 R 20 54
I 20 40 158820428
I 24 31 -618203250
R 19 57
R 32 62
Q 9 41 8
Q 3 77 8
I 57 66 22869876
I 7 40 219603667
I 33 72 640403732
Q 25 61 1
I 29 75 -841271409
R 49 70
Q 5 34 10
Q 7 44 13
Q 39 67 8
R 10 42
R 7 20
I 42 73 -395962106
I 22 49 653267079
R 9 76
R 25 71
R 16 64
Q 76 78 3
I 13 15 687989726
Q 37 49 9
I 3 7 -103165121
R 43 58
R 15 44
R 7 43
Q 34 73 14
