20 82
1 -13 -99 76 76 -85 -37 9 -58 -9 -46 -25 27 82 -28 83 -35 -11 93 1 
1 15
1 20
1 18
2 17
2 15
2 7
2 20
2 14
2 3
2 11
2 10
2 9
2 5
2 8
2 18
2 16
2 13
2 12
3 11
3 8
3 20
3 5
3 16
3 13
3 18
3 17
3 15
3 7
4 16
4 18
4 17
5 13
5 7
5 6
5 12
5 10
6 10
6 13
6 12
6 8
6 20
7 19
8 16
8 19
8 12
9 11
9 19
9 12
9 13
9 18
9 16
9 10
9 17
9 15
9 14
10 11
11 14
11 19
11 15
11 18
12 14
12 13
13 16
13 15
13 20
13 14
13 19
13 17
14 18
14 20
14 19
15 20
15 19
16 18
16 17
16 20
16 19
17 18
17 19
17 20
18 19
19 20
