100 100 5000
4 5 2 4 2 2 4 2 2 4 4 1 3 5 5 5 5 2 1 2 1 1 3 3 2 2 4 1 5 4 3 1 3 2 1 3 2 3 5 1 2 3 2 2 3 2 4 1 1 1 3 1 3 4 4 2 1 5 3 5 3 1 2 2 3 3 3 2 3 3 1 4 3 5 5 5 5 1 1 2 5 2 1 4 2 1 3 2 4 4 1 1 5 3 3 3 5 4 2 2 
1 2 3795
1 5 2731
1 6 9240
1 7 1625
1 8 5531
1 11 3841
1 12 2799
1 13 2762
1 19 7274
1 22 6023
1 24 4981
1 25 4826
1 26 5759
1 27 1597
1 29 5485
1 33 4689
1 34 6716
1 35 3076
1 36 8980
1 40 7032
1 41 4722
1 45 2771
1 46 2308
1 51 225
1 54 6684
1 55 4763
1 57 6905
1 58 6377
1 61 3231
1 64 4813
1 69 7859
1 70 8432
1 72 7472
1 73 3722
1 76 4923
1 78 2744
1 80 950
1 81 795
1 83 9673
1 85 7868
1 92 9010
1 95 771
1 99 2597
1 100 1843
2 1 2013
2 3 3633
2 4 4140
2 7 389
2 8 5873
2 9 1578
2 12 2421
2 14 8301
2 15 7722
2 19 4582
2 20 1813
2 22 5839
2 23 6158
2 27 8506
2 29 912
2 31 5789
2 33 3755
2 34 9047
2 35 7665
2 36 1909
2 37 6831
2 39 6544
2 40 2940
2 41 8301
2 47 3822
2 48 2641
2 49 8434
2 50 5313
2 51 5264
2 53 6734
2 54 7173
2 55 7852
2 56 1673
2 60 5818
2 62 2764
2 66 5381
2 69 8925
2 73 3066
2 74 296
2 78 1804
2 80 803
2 82 4729
2 83 2280
2 84 662
2 88 25
2 90 5165
2 91 1723
2 92 7061
2 93 1257
2 95 8505
2 96 9925
2 97 6859
2 98 8490
3 1 2308
3 4 1539
3 6 48
3 7 922
3 10 4474
3 14 9842
3 15 2706
3 17 5867
3 18 8770
3 21 2332
3 25 2941
3 26 8827
3 27 1936
3 28 1589
3 29 8860
3 30 3720
3 31 4332
3 32 7029
3 35 5230
3 36 7396
3 37 6642
3 38 1607
3 39 6428
3 40 198
3 41 3355
3 43 2753
3 44 2601
3 49 2865
3 50 8924
3 51 85
3 53 2987
3 57 3224
3 60 9646
3 68 1320
3 69 1610
3 72 9570
3 74 5294
3 75 1696
3 78 8679
3 80 3115
3 81 950
3 85 4052
3 86 4607
3 89 6411
3 90 9675
3 92 2350
3 93 3808
3 94 3963
3 95 3080
3 96 2164
3 97 5370
3 99 8709
3 100 6587
4 2 9192
4 3 5897
4 6 6588
4 8 2606
4 11 9772
4 12 7763
4 14 7324
4 15 3337
4 18 3402
4 20 9325
4 25 1506
4 26 870
4 27 771
4 30 1251
4 32 399
4 33 1397
4 36 2230
4 37 119
4 40 6233
4 41 3793
4 43 6195
4 45 522
4 46 3442
4 52 8483
4 54 8288
4 55 4233
4 57 1357
4 59 8998
4 61 365
4 63 4729
4 64 2031
4 65 6426
4 66 7635
4 69 8390
4 70 499
4 71 7197
4 72 9202
4 73 7001
4 74 8385
4 76 1447
4 79 8331
4 80 4856
4 81 2431
4 86 7508
4 87 5195
4 88 1874
4 93 1815
4 97 7447
4 98 6714
4 100 3243
5 5 8603
5 8 2573
5 14 9442
5 18 7461
5 19 1175
5 21 8944
5 23 8612
5 25 2400
5 26 6231
5 27 5454
5 28 1415
5 30 2147
5 32 7961
5 35 5321
5 36 9346
5 37 8715
5 39 7395
5 41 5087
5 43 9820
5 45 7715
5 46 344
5 49 1949
5 51 370
5 52 7893
5 53 327
5 54 3072
5 57 3321
5 58 3792
5 61 1076
5 63 5404
5 68 6389
5 69 6987
5 70 6076
5 71 705
5 74 7897
5 76 2376
5 77 9715
5 80 4474
5 83 4032
5 89 7133
5 90 1376
5 91 7800
5 92 1915
5 93 2175
5 94 2107
5 95 3567
5 99 9931
5 100 2703
6 5 5205
6 7 6222
6 8 9986
6 9 3642
6 11 3577
6 12 213
6 14 2677
6 15 2235
6 17 9218
6 18 4754
6 25 3461
6 27 260
6 29 5982
6 30 8365
6 33 1231
6 34 4078
6 35 8657
6 37 9125
6 38 2480
6 39 2397
6 43 9709
6 47 1322
6 49 6764
6 50 2743
6 57 3744
6 58 3372
6 59 1889
6 60 2934
6 61 6158
6 63 1523
6 64 3736
6 66 7211
6 69 8784
6 73 4225
6 74 1484
6 79 4230
6 81 1773
6 82 3366
6 83 3758
6 87 2707
6 88 1753
6 90 8962
6 92 4583
6 94 8103
6 97 2108
6 98 1184
6 99 2719
6 100 8268
7 2 516
7 3 2449
7 5 302
7 9 8217
7 11 2349
7 14 5798
7 15 4994
7 17 7334
7 18 9983
7 20 418
7 22 6481
7 23 8255
7 25 649
7 26 2383
7 27 9375
7 28 5654
7 29 9917
7 30 7472
7 32 2913
7 33 798
7 35 6396
7 37 9671
7 38 7011
7 39 3461
7 41 275
7 42 4089
7 43 2471
7 45 9857
7 46 1110
7 49 8158
7 50 6607
7 52 1566
7 53 8284
7 54 7277
7 55 6989
7 57 9015
7 58 7675
7 59 5351
7 63 8408
7 66 36
7 67 8134
7 71 9171
7 73 418
7 74 6610
7 77 8356
7 79 2170
7 82 1433
7 87 1401
7 90 4547
7 93 8019
7 94 3530
7 95 6538
7 96 4988
8 4 226
8 5 5644
8 8 8600
8 9 9593
8 10 4973
8 12 3564
8 15 9929
8 19 2420
8 23 9808
8 25 6309
8 27 2540
8 28 2754
8 30 1121
8 32 9891
8 36 3069
8 38 5200
8 39 1958
8 42 5432
8 45 998
8 47 4236
8 48 9077
8 49 6318
8 55 1113
8 56 8135
8 57 2508
8 59 5997
8 61 2684
8 64 8314
8 65 9907
8 68 2175
8 69 7587
8 70 5639
8 71 3422
8 72 6067
8 75 1556
8 76 3137
8 79 2903
8 82 3888
8 84 7367
8 90 7087
8 95 3324
8 98 7818
9 10 2477
9 11 4412
9 12 1781
9 13 4873
9 14 8835
9 16 1587
9 17 3193
9 18 8760
9 21 5863
9 24 185
9 27 6033
9 28 6379
9 32 6746
9 33 2155
9 34 5085
9 37 7893
9 38 4918
9 39 1018
9 41 8086
9 42 1112
9 45 4721
9 46 6980
9 48 8787
9 50 8958
9 53 8483
9 55 2341
9 56 8384
9 58 121
9 59 1397
9 60 1166
9 62 5964
9 65 326
9 66 4762
9 67 7908
9 68 5201
9 70 6759
9 72 3874
9 76 2972
9 79 7770
9 80 1520
9 83 9597
9 84 342
9 86 7920
9 87 6226
9 88 1437
9 89 359
9 90 2725
9 91 679
9 93 2847
9 94 7692
9 96 7797
9 100 3885
10 3 7820
10 4 6492
10 5 3145
10 6 3735
10 8 2090
10 9 7261
10 10 1134
10 12 8528
10 14 344
10 15 8489
10 17 2278
10 23 1761
10 25 5498
10 26 4818
10 29 9310
10 31 7188
10 32 1458
10 38 7108
10 39 8927
10 41 9418
10 43 5424
10 45 1530
10 47 6296
10 48 1067
10 49 7755
10 53 4308
10 54 2780
10 55 2188
10 57 2240
10 58 1991
10 60 2424
10 61 230
10 63 2475
10 64 3893
10 65 1689
10 66 8548
10 68 8884
10 69 4879
10 70 2859
10 71 3260
10 73 8251
10 74 7273
10 75 7956
10 78 1554
10 79 1814
10 81 6413
10 82 1250
10 83 2922
10 84 1194
10 85 6754
10 86 8274
10 89 5821
10 91 2057
10 93 3661
10 94 7475
10 96 8461
10 97 7372
10 98 569
10 100 970
11 1 6220
11 3 4353
11 4 7267
11 6 104
11 9 6698
11 11 3382
11 14 7753
11 16 2441
11 17 7518
11 18 8087
11 21 4645
11 22 6174
11 23 823
11 24 5491
11 27 7973
11 29 5981
11 30 643
11 35 4630
11 36 893
11 38 7382
11 39 5839
11 41 2867
11 43 750
11 44 4714
11 45 8368
11 47 7536
11 48 7416
11 50 5912
11 55 3858
11 56 4903
11 57 3486
11 60 3080
11 63 2543
11 65 7001
11 66 6569
11 68 2651
11 70 3266
11 73 2646
11 75 7184
11 76 3490
11 77 4572
11 79 5483
11 81 2934
11 82 8446
11 84 2839
11 85 5387
11 87 7125
11 88 472
11 89 8698
11 90 5889
11 93 3386
11 94 515
11 95 5708
11 96 6436
12 4 1248
12 7 8287
12 8 6204
12 10 5388
12 11 4866
12 13 6350
12 14 592
12 15 9605
12 18 1787
12 20 3260
12 21 732
12 22 6257
12 23 7104
12 24 3867
12 25 6726
12 32 2547
12 34 4609
12 36 5756
12 37 1304
12 39 5113
12 40 7515
12 41 3493
12 42 1589
12 44 3129
12 45 1809
12 47 2847
12 48 1360
12 49 8560
12 52 5949
12 53 9903
12 54 1881
12 57 8198
12 58 8177
12 62 9096
12 63 7209
12 65 166
12 67 7779
12 69 4447
12 75 8816
12 76 2605
12 78 3673
12 81 2959
12 87 797
12 88 9217
12 90 3008
12 91 6766
12 92 1758
12 93 1700
12 96 2996
12 100 1296
13 1 9112
13 2 7576
13 5 5851
13 8 1578
13 10 633
13 11 1317
13 12 5186
13 14 7353
13 17 5772
13 19 1098
13 20 4797
13 21 9556
13 22 1598
13 24 161
13 28 7545
13 31 79
13 33 5231
13 34 213
13 36 9316
13 37 7842
13 38 9338
13 40 744
13 42 1727
13 43 1994
13 44 7016
13 45 1232
13 47 8114
13 48 8046
13 49 5393
13 52 7201
13 53 8625
13 55 6692
13 58 2597
13 59 6194
13 63 7870
13 64 2181
13 67 2491
13 69 9961
13 70 8191
13 72 6606
13 74 6120
13 76 1287
13 77 8610
13 78 4393
13 79 7218
13 81 3436
13 82 5902
13 84 9771
13 87 1157
13 88 2130
13 94 5099
13 96 7855
13 98 5318
13 99 4429
13 100 8005
14 1 3011
14 6 2406
14 7 6982
14 9 3181
14 10 6386
14 11 5321
14 12 2484
14 14 8321
14 15 4130
14 16 7863
14 17 844
14 18 4893
14 19 6766
14 22 6499
14 26 938
14 27 5073
14 30 518
14 33 4250
14 34 9633
14 35 228
14 36 6853
14 37 6223
14 38 9311
14 40 346
14 42 4004
14 43 6309
14 45 6309
14 46 7683
14 47 558
14 49 5035
14 50 9781
14 51 8948
14 52 1492
14 53 5951
14 54 1100
14 55 3129
14 57 9681
14 58 6044
14 60 8387
14 63 2219
14 66 6928
14 67 2518
14 70 9664
14 71 5166
14 72 477
14 73 7112
14 74 3538
14 75 3391
14 79 137
14 81 9052
14 83 5966
14 84 2188
14 85 7522
14 86 5675
14 88 947
14 89 6820
14 93 2514
14 95 1813
14 98 1397
14 100 3777
15 1 5703
15 4 4659
15 5 2024
15 7 6003
15 8 2979
15 12 3674
15 15 314
15 18 5343
15 19 9509
15 20 2723
15 21 3158
15 24 3767
15 28 168
15 30 138
15 32 1814
15 33 9404
15 34 442
15 35 6675
15 37 4457
15 38 4017
15 39 1039
15 45 8148
15 46 5606
15 47 1186
15 48 1735
15 49 527
15 56 1680
15 57 6276
15 59 6798
15 62 9230
15 63 7066
15 68 2559
15 69 5026
15 71 7172
15 72 3789
15 73 3930
15 74 1386
15 76 7569
15 77 1303
15 78 8598
15 79 2197
15 81 2870
15 82 5222
15 84 6957
15 87 7297
15 89 8570
15 97 3014
15 98 9708
15 99 237
16 3 9884
16 6 567
16 11 2831
16 12 2705
16 15 7899
16 17 7666
16 18 8076
16 19 1276
16 20 6386
16 23 9485
16 25 2979
16 26 2254
16 27 4391
16 28 6781
16 32 4596
16 41 3943
16 42 8983
16 44 652
16 46 8034
16 51 688
16 53 5594
16 54 76
16 56 1366
16 59 7753
16 64 9117
16 65 2106
16 68 9094
16 70 130
16 73 1631
16 74 8934
16 79 5112
16 80 2654
16 81 6555
16 83 2307
16 84 98
16 87 6373
16 89 3400
16 91 6746
16 94 1716
16 95 2681
16 99 2910
16 100 4211
17 1 7272
17 2 1579
17 5 4634
17 6 9494
17 7 152
17 8 2623
17 10 3315
17 11 4526
17 12 2465
17 13 461
17 14 2750
17 16 896
17 18 1815
17 20 8169
17 23 9215
17 24 1516
17 26 8026
17 30 7781
17 31 7409
17 32 7345
17 34 9879
17 38 6934
17 39 1624
17 41 8597
17 44 5553
17 45 4420
17 46 4021
17 47 4005
17 55 6817
17 56 7862
17 57 409
17 58 8649
17 61 4508
17 64 302
17 65 3262
17 66 3484
17 67 6420
17 69 4912
17 70 6818
17 72 267
17 74 3618
17 76 345
17 77 7237
17 79 6284
17 82 9506
17 83 9117
17 84 501
17 85 3025
17 86 2143
17 87 2193
17 89 4424
17 91 8733
17 96 6897
17 97 7067
17 99 2379
18 1 230
18 4 548
18 7 2055
18 8 2328
18 9 8859
18 11 556
18 14 6251
18 16 7084
18 19 4696
18 20 1653
18 21 2317
18 23 5082
18 24 9752
18 25 287
18 27 1107
18 29 186
18 30 1835
18 31 2266
18 32 1116
18 33 1527
18 34 2552
18 35 6462
18 38 1021
18 39 3736
18 41 9155
18 42 1455
18 43 6446
18 45 1004
18 48 147
18 50 1519
18 53 5190
18 55 1227
18 56 7102
18 59 6980
18 60 7316
18 66 5162
18 69 4518
18 71 9803
18 73 9264
18 77 5183
18 79 4424
18 82 3453
18 84 1585
18 86 3639
18 91 3089
18 93 2802
18 96 9025
18 99 309
19 2 6132
19 3 5891
19 4 846
19 8 4059
19 9 9803
19 11 1636
19 12 5217
19 13 2029
19 14 8762
19 16 5441
19 17 5380
19 18 1444
19 20 6890
19 21 488
19 22 960
19 23 4001
19 24 7588
19 25 1752
19 26 8309
19 27 8099
19 31 2443
19 32 2824
19 33 3694
19 39 3146
19 42 7312
19 44 2428
19 46 2131
19 48 3981
19 49 2080
19 53 1939
19 55 7392
19 56 889
19 57 1937
19 58 1892
19 61 7671
19 62 7546
19 63 861
19 65 8138
19 68 562
19 72 5311
19 73 3646
19 74 5198
19 76 7739
19 78 6009
19 79 5290
19 80 5780
19 81 479
19 82 7813
19 84 6401
19 86 616
19 87 1504
19 89 2683
19 90 7893
19 92 7579
19 94 9387
19 95 6229
19 96 1944
19 100 9944
20 5 1882
20 9 7123
20 11 797
20 12 2604
20 14 1386
20 16 3518
20 17 2664
20 18 1606
20 19 863
20 22 7901
20 23 7879
20 24 6011
20 27 4054
20 30 6933
20 34 245
20 36 6828
20 37 9563
20 38 2003
20 39 2701
20 40 7996
20 42 765
20 43 431
20 45 5660
20 46 5405
20 50 671
20 51 7497
20 52 8842
20 54 1723
20 56 4336
20 60 343
20 62 2618
20 65 5147
20 67 525
20 71 8355
20 74 9871
20 75 9396
20 82 3701
20 83 2142
20 85 4673
20 86 6287
20 87 2526
20 88 8073
20 89 8497
20 90 7756
20 91 214
20 93 2598
20 95 9642
20 99 8054
21 1 5261
21 2 9930
21 3 4729
21 4 199
21 8 1889
21 13 7510
21 20 7662
21 21 7422
21 22 713
21 25 4326
21 26 5362
21 27 4304
21 29 1286
21 30 8218
21 35 7195
21 36 492
21 37 1654
21 38 8931
21 40 8191
21 42 3844
21 43 5179
21 50 5824
21 51 662
21 53 6665
21 54 9292
21 56 4217
21 58 1378
21 59 7271
21 63 7243
21 67 3131
21 70 323
21 72 6065
21 73 6535
21 75 4566
21 76 6310
21 80 5149
21 81 6530
21 82 7059
21 84 6574
21 87 2355
21 88 6597
21 89 9227
21 91 3014
21 92 6834
21 97 3891
21 98 8772
21 99 2022
22 7 7284
22 8 620
22 10 4380
22 13 2900
22 15 4403
22 17 4179
22 18 1515
22 19 9036
22 22 9548
22 25 8930
22 26 6756
22 27 4515
22 28 5379
22 29 2555
22 33 1708
22 34 8185
22 36 2439
22 38 690
22 41 3887
22 42 5101
22 43 4231
22 45 7658
22 48 6671
22 49 3973
22 52 3669
22 54 6125
22 60 1454
22 61 8382
22 68 7754
22 72 3329
22 73 2206
22 74 2545
22 75 6298
22 77 3911
22 79 3430
22 81 7703
22 82 3689
22 87 2741
22 90 5752
22 91 4542
22 96 2287
22 97 4806
22 100 2081
23 3 3084
23 5 8136
23 7 2784
23 8 6625
23 10 8227
23 11 6527
23 12 6167
23 14 5676
23 15 2550
23 16 4060
23 17 1920
23 18 7360
23 19 8843
23 20 5371
23 24 7160
23 28 71
23 30 6305
23 33 9663
23 34 4454
23 35 4911
23 37 1620
23 39 9926
23 40 3615
23 41 9081
23 42 4559
23 44 4015
23 45 2121
23 46 5727
23 47 4865
23 48 1082
23 50 7585
23 53 857
23 55 4356
23 56 223
23 57 3777
23 58 1298
23 59 1161
23 64 2689
23 65 396
23 68 8150
23 70 1128
23 73 5412
23 74 2412
23 76 6958
23 77 2039
23 80 2013
23 83 8702
23 86 1808
23 87 8184
23 88 2089
23 91 8572
23 92 97
23 95 6744
23 96 8337
23 99 9116
23 100 3068
24 2 3685
24 4 7388
24 5 7254
24 7 984
24 8 2336
24 11 9909
24 12 3532
24 14 9716
24 15 1091
24 18 3246
24 20 5061
24 21 9798
24 25 1269
24 26 2438
24 27 7483
24 29 3797
24 30 4331
24 32 3223
24 34 4214
24 39 3955
24 40 1825
24 41 9763
24 44 4279
24 46 3199
24 49 3674
24 52 4256
24 53 1738
24 56 1626
24 61 2821
24 62 7777
24 63 5398
24 64 8633
24 65 1856
24 66 7208
24 68 3366
24 69 650
24 73 1153
24 74 7753
24 75 4509
24 77 6794
24 79 9842
24 82 6816
24 83 8150
24 84 246
24 85 4077
24 87 1221
24 88 6058
24 89 1073
24 94 6681
24 95 7662
24 96 8854
24 98 9189
24 100 6643
25 2 4262
25 5 1323
25 6 6750
25 14 3456
25 15 5085
25 16 8151
25 20 5715
25 23 9394
25 24 2273
25 34 277
25 36 2214
25 39 1337
25 40 9339
25 43 1057
25 44 4510
25 46 5692
25 48 748
25 49 2446
25 51 8963
25 53 5417
25 55 3626
25 58 6539
25 60 1418
25 61 8681
25 62 4406
25 64 5891
25 65 5473
25 66 951
25 69 4752
25 70 7076
25 74 5854
25 77 6802
25 78 5533
25 80 1794
25 81 3699
25 82 9233
25 83 4888
25 84 2301
25 85 8164
25 88 3415
25 90 4694
25 91 2705
25 92 60
25 95 8184
25 97 1038
25 99 8445
25 100 4701
26 1 4970
26 2 1737
26 3 2102
26 4 1830
26 5 3647
26 7 1606
26 8 4636
26 10 7210
26 11 4354
26 12 9602
26 13 1276
26 16 5695
26 17 6480
26 18 8518
26 21 1608
26 26 7796
26 28 25
26 29 3073
26 31 6021
26 35 4022
26 39 3734
26 43 903
26 44 2355
26 45 8197
26 47 9246
26 48 154
26 52 626
26 53 6083
26 55 9476
26 58 4792
26 59 99
26 60 1244
26 62 5411
26 63 7941
26 65 9372
26 70 2508
26 72 4157
26 74 5611
26 75 1601
26 78 6638
26 81 7775
26 82 4959
26 88 7647
26 89 1937
26 90 5322
26 91 4374
26 95 3322
26 97 5680
26 98 5902
26 100 760
27 2 1626
27 3 1969
27 4 7943
27 5 5604
27 7 161
27 8 1853
27 9 348
27 10 2612
27 12 5888
27 14 6770
27 15 3318
27 16 4482
27 17 1499
27 18 6518
27 20 8078
27 24 4362
27 25 1914
27 29 6845
27 30 7594
27 32 7426
27 34 3042
27 35 8301
27 37 266
27 39 248
27 40 7731
27 41 368
27 42 1629
27 43 4667
27 45 3378
27 46 3593
27 49 6969
27 50 252
27 51 138
27 54 7755
27 62 9403
27 64 86
27 65 2319
27 69 8598
27 71 5900
27 73 2108
27 76 404
27 77 9043
27 78 6069
27 79 914
27 80 1181
27 82 5250
27 83 5908
27 87 3775
27 88 1287
27 89 2193
27 93 95
28 3 2994
28 4 1015
28 6 8688
28 7 5016
28 16 4706
28 17 5392
28 18 6964
28 19 9506
28 20 1434
28 21 3849
28 25 2441
28 31 7635
28 32 8213
28 33 7614
28 34 331
28 35 1147
28 37 7910
28 39 1877
28 41 1942
28 42 4180
28 48 8155
28 49 1684
28 50 1324
28 55 7882
28 56 4594
28 57 290
28 58 7287
28 59 7548
28 60 7805
28 62 6347
28 63 1872
28 64 4355
28 65 7955
28 67 6792
28 68 2176
28 70 931
28 73 1959
28 81 1790
28 82 5364
28 83 9617
28 87 6413
28 90 1557
28 91 1014
28 92 6948
28 93 2921
28 94 5708
28 95 154
28 98 9998
28 100 6794
29 3 8331
29 4 1590
29 5 876
29 8 4648
29 9 74
29 10 774
29 11 7164
29 16 2954
29 17 3024
29 20 3134
29 22 7983
29 23 8619
29 24 1550
29 26 3473
29 30 4095
29 33 2109
29 34 861
29 35 5490
29 39 3251
29 40 638
29 42 917
29 43 9018
29 44 3649
29 45 9963
29 49 1472
29 54 3225
29 55 1363
29 56 3202
29 57 1678
29 58 9184
29 60 1037
29 63 1388
29 67 394
29 69 1294
29 71 6317
29 74 3259
29 75 5980
29 77 1593
29 78 8884
29 81 352
29 83 8961
29 85 111
29 86 2373
29 88 6161
29 89 6952
29 92 558
29 94 8523
29 95 489
29 96 5694
29 97 7713
29 98 160
30 1 2688
30 4 2365
30 7 1804
30 9 4315
30 10 4908
30 12 6080
30 16 8106
30 19 7513
30 21 8424
30 22 2842
30 25 5348
30 26 8671
30 32 6036
30 34 1528
30 39 5461
30 40 1007
30 44 6205
30 48 8180
30 50 1180
30 61 3498
30 62 5310
30 65 5195
30 67 8962
30 68 3285
30 69 9223
30 70 7137
30 71 8189
30 72 638
30 79 6750
30 80 4676
30 83 3044
30 85 8944
30 88 596
30 90 1326
30 91 7411
30 92 2582
30 93 3769
30 94 7087
30 96 9809
30 97 1133
30 99 8497
30 100 4890
31 1 848
31 3 7261
31 4 2008
31 6 3342
31 8 853
31 12 89
31 13 9013
31 14 2745
31 15 2905
31 16 2485
31 17 1580
31 20 2504
31 23 1711
31 24 5159
31 26 4374
31 29 3361
31 31 167
31 32 1
31 33 4244
31 35 5941
31 36 3570
31 38 7070
31 39 8466
31 40 5824
31 42 9959
31 43 443
31 44 3225
31 45 4339
31 46 2069
31 49 5368
31 51 6647
31 53 805
31 63 3850
31 64 4959
31 65 4739
31 66 4965
31 67 4884
31 68 7812
31 71 523
31 73 6882
31 77 9942
31 79 3885
31 80 8768
31 83 879
31 85 2109
31 87 9844
31 88 1493
31 92 8641
31 93 1796
31 100 6123
32 1 6020
32 2 1306
32 6 3732
32 7 9408
32 8 9874
32 12 1180
32 13 7840
32 15 6449
32 17 4116
32 18 742
32 22 2048
32 24 769
32 25 9409
32 26 1939
32 27 1259
32 28 9244
32 29 2122
32 34 3667
32 35 1787
32 36 6903
32 37 2888
32 38 5097
32 41 8668
32 42 8459
32 44 1716
32 46 5063
32 48 2422
32 49 9364
32 50 1005
32 51 7127
32 52 7115
32 53 613
32 56 6517
32 60 4572
32 61 3090
32 63 2703
32 64 7245
32 65 6616
32 66 8181
32 69 1873
32 70 2514
32 71 1807
32 72 3720
32 73 8065
32 75 6632
32 76 9707
32 78 1483
32 84 4780
32 88 679
32 89 7010
32 90 914
32 91 3659
32 93 6034
32 95 261
32 98 1427
32 99 759
32 100 2191
33 2 5178
33 3 3872
33 5 4846
33 7 9412
33 8 268
33 11 6133
33 12 5030
33 15 5407
33 16 8754
33 17 6324
33 22 3874
33 24 3546
33 25 3117
33 28 9615
33 30 4547
33 36 3116
33 38 6102
33 41 8950
33 42 7088
33 43 5939
33 46 3895
33 48 7202
33 51 8328
33 53 4928
33 54 3464
33 55 2273
33 61 7319
33 67 3204
33 68 9774
33 69 3139
33 70 4664
33 71 3354
33 77 4399
33 78 8964
33 79 7595
33 80 3764
33 83 649
33 84 5899
33 85 3031
33 86 3755
33 87 547
33 88 466
33 89 1713
33 91 7825
33 94 2804
33 95 6743
33 97 3326
33 99 5850
33 100 339
34 1 4722
34 4 5077
34 7 1034
34 8 1582
34 9 1528
34 10 4904
34 11 784
34 13 719
34 17 5455
34 18 1764
34 20 6483
34 21 7708
34 25 3619
34 26 1239
34 27 3596
34 30 1278
34 32 6393
34 34 6323
34 39 8885
34 40 5380
34 41 6659
34 48 3760
34 51 2320
34 53 8633
34 54 3203
34 56 2422
34 59 4139
34 62 627
34 64 8435
34 65 2554
34 72 9266
34 73 3214
34 74 3139
34 76 6681
34 79 8933
34 81 5448
34 87 4612
34 89 5011
34 91 5548
34 93 8446
34 94 7942
34 97 8282
34 98 201
34 100 9895
35 1 2493
35 2 876
35 3 2701
35 4 1887
35 7 1673
35 8 8844
35 11 1213
35 14 2711
35 17 165
35 22 1848
35 23 6022
35 25 8139
35 27 9040
35 29 9607
35 30 5391
35 32 4372
35 38 9531
35 39 5905
35 40 4382
35 41 2639
35 45 8659
35 46 3955
35 47 4429
35 49 3773
35 50 2575
35 51 8482
35 54 7294
35 55 7229
35 57 9564
35 59 7264
35 60 7533
35 62 535
35 67 5351
35 70 4990
35 75 149
35 76 8746
35 78 970
35 79 5921
35 81 6662
35 82 953
35 84 2443
35 87 4024
35 89 2246
35 91 8944
35 93 3137
35 94 8748
35 98 2261
35 100 1886
36 1 6377
36 2 2536
36 6 9141
36 10 5742
36 11 856
36 12 828
36 13 5625
36 14 4902
36 15 3041
36 17 7869
36 18 9949
36 23 7939
36 24 5274
36 25 4815
36 27 2200
36 29 9428
36 30 6522
36 31 3253
36 35 9581
36 36 823
36 39 7269
36 41 184
36 43 8296
36 44 1249
36 47 2716
36 48 2503
36 49 9767
36 50 9074
36 51 238
36 53 8270
36 54 8742
36 55 9384
36 60 4051
36 62 9866
36 64 8415
36 67 6099
36 68 7195
36 73 1403
36 74 6706
36 76 5545
36 77 2370
36 78 2283
36 81 9906
36 82 6826
36 85 5143
36 87 8910
36 89 8464
36 91 3670
36 92 4606
36 93 6363
36 96 7100
36 97 3534
36 98 6978
36 99 4442
36 100 5881
37 1 7577
37 2 1711
37 3 4990
37 4 7057
37 6 1304
37 7 8511
37 8 8468
37 9 2137
37 11 380
37 14 6370
37 16 4637
37 17 4005
37 18 3734
37 19 4724
37 21 1657
37 22 9631
37 23 2479
37 25 8426
37 26 1860
37 27 7716
37 30 7657
37 31 7133
37 32 6630
37 33 6671
37 34 1494
37 37 1402
37 40 6037
37 41 203
37 42 9816
37 43 6089
37 44 3374
37 45 6339
37 47 9512
37 49 1661
37 50 8516
37 51 9516
37 53 7626
37 54 171
37 59 1512
37 61 294
37 62 2289
37 63 1422
37 64 6313
37 66 1870
37 67 3423
37 68 1147
37 76 4973
37 77 6904
37 79 2544
37 80 2272
37 83 4993
37 86 3627
37 89 648
37 90 6018
37 94 3534
37 95 2173
38 2 8426
38 5 216
38 6 7789
38 7 8849
38 8 7979
38 14 5714
38 15 9069
38 17 6061
38 19 2230
38 20 766
38 23 8370
38 26 2241
38 27 3712
38 28 8091
38 29 2511
38 30 9909
38 32 4287
38 33 495
38 34 8151
38 35 3203
38 37 855
38 39 3751
38 40 4913
38 41 2645
38 42 3717
38 46 7550
38 49 1098
38 51 4815
38 54 2463
38 55 7231
38 58 1519
38 59 1936
38 63 2828
38 64 1390
38 70 5387
38 71 4390
38 72 6624
38 74 4852
38 75 5486
38 76 288
38 78 5435
38 80 7033
38 81 863
38 87 7255
38 91 9987
38 92 264
38 94 8451
38 96 7151
38 98 6686
38 99 9149
39 1 9967
39 6 7818
39 8 6468
39 9 4945
39 10 4138
39 11 447
39 14 1268
39 15 2794
39 20 3382
39 24 2617
39 30 8983
39 31 1324
39 32 2657
39 34 7938
39 36 4194
39 37 2933
39 38 855
39 39 3410
39 40 5264
39 42 2088
39 43 2298
39 44 4803
39 46 2735
39 48 3368
39 49 564
39 53 5207
39 54 553
39 58 4263
39 59 3724
39 60 9803
39 61 9862
39 62 1679
39 64 1528
39 65 5229
39 71 7152
39 72 7793
39 73 5490
39 74 8285
39 78 3303
39 81 6349
39 82 542
39 84 3600
39 86 5302
39 87 1201
39 89 3659
39 91 5467
39 92 9318
39 94 2661
39 97 5544
39 98 1118
39 100 5393
40 2 3894
40 3 5512
40 4 1470
40 5 5034
40 6 2481
40 9 5833
40 10 7511
40 13 5963
40 14 1091
40 17 130
40 18 6194
40 19 9791
40 20 1119
40 22 1931
40 23 7412
40 24 6241
40 27 2175
40 28 6449
40 29 9143
40 33 1828
40 35 2526
40 38 602
40 39 189
40 40 5733
40 44 2118
40 45 8645
40 46 5889
40 49 7822
40 57 1590
40 59 3526
40 61 2417
40 67 4957
40 69 1862
40 72 4081
40 74 7161
40 76 1604
40 78 3053
40 80 6053
40 81 1441
40 86 4289
40 88 5795
40 92 8571
40 96 5195
40 97 9745
40 99 9235
41 2 1295
41 3 2197
41 4 6289
41 7 5859
41 8 1902
41 9 6550
41 12 5077
41 15 4375
41 16 1536
41 18 38
41 22 1036
41 24 2754
41 28 3609
41 29 8350
41 31 2164
41 34 2239
41 35 5434
41 36 4675
41 37 3882
41 40 2704
41 41 6061
41 42 4829
41 44 6245
41 45 5268
41 46 8865
41 47 9501
41 48 1748
41 49 6846
41 50 5666
41 52 1758
41 54 6900
41 55 2068
41 60 2461
41 62 8186
41 68 9062
41 69 1733
41 70 8610
41 71 112
41 72 721
41 73 6446
41 76 3419
41 78 4965
41 81 8420
41 84 3071
41 85 4716
41 86 8074
41 87 5935
41 88 1401
41 92 4620
41 93 6652
41 96 5778
41 97 2715
41 98 9683
41 99 737
42 1 3893
42 3 814
42 5 8468
42 7 2817
42 8 2074
42 9 5069
42 10 9901
42 11 5843
42 12 2960
42 13 1625
42 18 364
42 19 2603
42 21 5546
42 22 572
42 23 3509
42 25 2752
42 26 3728
42 27 4796
42 28 1809
42 32 6482
42 38 9843
42 39 1987
42 41 2777
42 42 8059
42 44 22
42 45 9068
42 46 6531
42 51 6805
42 52 3468
42 54 8848
42 55 588
42 57 8925
42 59 2317
42 61 1811
42 62 1783
42 65 519
42 66 7149
42 71 3640
42 72 8869
42 75 6259
42 76 7998
42 81 1420
42 82 2661
42 83 9598
42 84 3172
42 85 9969
42 87 8174
42 88 7931
42 92 6361
42 93 1449
42 95 523
42 96 7491
42 97 947
42 99 5239
43 4 6006
43 5 7387
43 6 5379
43 9 6736
43 15 2104
43 17 7750
43 18 4528
43 21 7639
43 24 3519
43 29 2282
43 31 2115
43 34 2954
43 36 5057
43 37 7591
43 39 9139
43 40 855
43 41 8641
43 43 2357
43 44 2148
43 45 931
43 47 800
43 50 3021
43 52 1356
43 53 8172
43 54 1589
43 55 9659
43 56 4790
43 57 2701
43 58 9936
43 59 6130
43 60 6587
43 64 914
43 65 7259
43 67 2913
43 69 1325
43 72 7405
43 73 7762
43 75 4565
43 76 7445
43 77 9048
43 81 1701
43 83 1471
43 84 1184
43 87 9372
43 90 27
43 91 4247
43 92 5590
43 93 130
43 96 1625
43 100 1265
44 3 1148
44 4 1143
44 5 7252
44 7 6415
44 11 3194
44 12 5781
44 14 1843
44 17 5255
44 18 2478
44 20 5280
44 22 5913
44 24 1927
44 25 834
44 29 526
44 30 1265
44 32 342
44 33 5548
44 35 43
44 40 2026
44 42 3724
44 44 9925
44 49 4315
44 51 9157
44 52 469
44 56 1325
44 58 7697
44 60 2221
44 61 7633
44 63 7101
44 64 5536
44 65 407
44 73 8960
44 74 6332
44 79 4544
44 81 5513
44 84 7485
44 85 3766
44 87 1284
44 88 5504
44 89 5352
44 91 8489
44 96 5721
44 98 877
44 100 4104
45 1 6978
45 3 9633
45 4 5696
45 6 385
45 7 7496
45 9 657
45 19 3367
45 21 4162
45 22 1655
45 24 3640
45 25 5624
45 26 3794
45 27 1632
45 28 8833
45 29 2654
45 30 6285
45 31 9647
45 36 2426
45 37 9441
45 39 9193
45 40 6334
45 43 5126
45 45 105
45 49 8094
45 50 1832
45 51 2752
45 53 2707
45 54 1125
45 55 4719
45 56 3761
45 58 5509
45 60 8815
45 61 4754
45 63 7220
45 64 95
45 68 2602
45 74 7753
45 76 8456
45 77 2354
45 78 8976
45 80 1539
45 81 1270
45 82 2710
45 84 9280
45 86 4035
45 88 6883
45 90 1670
45 91 1201
45 93 3958
45 99 5112
46 1 6127
46 7 1796
46 8 8152
46 12 81
46 13 3802
46 17 2570
46 18 3672
46 19 8914
46 20 6533
46 24 9830
46 29 3129
46 30 6176
46 33 1512
46 34 6371
46 35 346
46 36 4623
46 41 8646
46 42 1561
46 43 6968
46 44 4152
46 46 9507
46 48 8188
46 49 9393
46 52 2110
46 53 4966
46 54 8070
46 55 6061
46 57 225
46 59 2335
46 60 7543
46 61 9977
46 63 4722
46 64 9738
46 66 1610
46 67 1620
46 68 872
46 69 5940
46 70 9401
46 71 3710
46 72 5314
46 73 1933
46 74 963
46 77 6813
46 82 174
46 84 8847
46 88 9549
46 89 7457
46 90 2762
46 91 8479
46 92 679
46 96 4155
46 99 4425
46 100 1905
47 2 1521
47 3 2554
47 4 648
47 5 512
47 6 1853
47 7 8070
47 9 3201
47 10 7038
47 13 166
47 15 1328
47 16 7504
47 17 1417
47 21 5090
47 23 6633
47 24 468
47 26 1344
47 27 4004
47 29 3890
47 31 920
47 32 6804
47 34 8405
47 37 3396
47 38 3
47 39 1266
47 40 2516
47 41 7937
47 45 5980
47 46 3055
47 47 1147
47 48 8395
47 49 5762
47 51 421
47 55 84
47 58 2036
47 60 2028
47 62 5950
47 63 8396
47 64 3253
47 67 4428
47 69 894
47 70 8087
47 72 6387
47 77 4825
47 78 8022
47 80 3700
47 84 1455
47 86 5037
47 87 1397
47 90 4258
47 91 4300
47 93 4284
47 94 2610
47 95 1043
47 97 1638
47 99 3110
47 100 6312
48 1 1904
48 5 5618
48 6 5439
48 10 1553
48 14 237
48 16 8832
48 18 2317
48 19 1414
48 20 223
48 23 5304
48 24 977
48 25 4213
48 27 7707
48 32 404
48 33 1258
48 34 8341
48 35 2784
48 36 9978
48 39 5942
48 41 2742
48 43 4984
48 44 1646
48 46 5019
48 47 7436
48 48 9435
48 49 5317
48 50 6309
48 51 2062
48 52 3845
48 59 364
48 60 3985
48 61 7017
48 62 8505
48 66 3546
48 67 185
48 68 9483
48 71 2998
48 73 5747
48 74 5280
48 75 2269
48 76 2441
48 77 4575
48 78 2881
48 79 8416
48 85 4179
48 87 8378
48 89 4243
48 90 6539
48 91 4364
48 93 7837
48 94 2464
48 95 8947
48 98 4263
49 3 6669
49 4 9590
49 5 5661
49 11 8504
49 14 5459
49 15 1325
49 16 1440
49 17 9556
49 18 1228
49 19 3082
49 20 207
49 21 40
49 22 3986
49 26 7155
49 27 5301
49 28 557
49 30 3946
49 31 4580
49 33 4161
49 38 1402
49 40 5743
49 44 9938
49 48 1845
49 49 9978
49 52 1631
49 53 3742
49 55 6441
49 59 928
49 60 5988
49 61 8348
49 62 7413
49 68 5704
49 70 7750
49 73 9429
49 74 4991
49 76 1824
49 77 768
49 81 7706
49 82 7202
49 88 4231
49 91 8720
49 99 6826
50 2 960
50 4 6692
50 5 8418
50 9 2869
50 11 9336
50 15 1818
50 17 9375
50 21 8881
50 22 2059
50 23 1467
50 24 3922
50 26 2237
50 33 1356
50 34 2283
50 36 7451
50 37 549
50 41 2791
50 43 6438
50 45 1368
50 47 2677
50 49 788
50 50 8484
50 51 4481
50 53 1185
50 55 8139
50 56 523
50 60 5426
50 64 7253
50 69 3209
50 72 6
50 77 2926
50 79 8680
50 80 916
50 83 7270
50 87 2002
50 89 8966
50 93 2092
50 94 1766
50 95 8040
50 96 5583
50 98 3651
51 2 1155
51 4 3438
51 5 522
51 6 5054
51 9 2651
51 10 8726
51 13 2494
51 14 8588
51 16 2853
51 17 2895
51 19 7954
51 21 1894
51 23 626
51 24 2052
51 28 3010
51 32 6072
51 33 6050
51 34 1139
51 37 1349
51 39 7968
51 40 9562
51 42 6768
51 44 5310
51 45 9972
51 48 3044
51 50 1883
51 51 7744
51 53 3176
51 56 5928
51 59 1551
51 60 3589
51 61 3184
51 65 4218
51 69 7837
51 71 9584
51 72 7379
51 73 4884
51 74 8409
51 77 3378
51 82 625
51 83 757
51 85 3170
51 87 7962
51 88 5430
51 90 5162
51 92 8488
51 93 4560
51 95 783
51 97 620
51 98 521
52 2 9268
52 3 7388
52 4 3354
52 13 5997
52 15 7650
52 18 743
52 19 2216
52 21 1651
52 22 5545
52 23 7909
52 25 3144
52 27 8811
52 28 540
52 29 3162
52 30 265
52 31 4341
52 32 7641
52 34 178
52 35 1629
52 36 5050
52 40 5736
52 41 8413
52 43 431
52 45 9546
52 46 9910
52 47 9034
52 50 6740
52 54 9109
52 56 1459
52 57 823
52 59 5073
52 60 6478
52 62 2632
52 63 9256
52 64 7918
52 68 1965
52 70 2605
52 72 3478
52 73 9914
52 74 9652
52 76 4906
52 77 7946
52 78 2799
52 80 7092
52 81 5581
52 87 2651
52 89 9671
52 90 4928
52 91 2491
52 94 9939
52 95 3310
52 99 34
53 1 3610
53 4 3561
53 7 1850
53 8 3053
53 13 590
53 15 3915
53 18 2249
53 20 7604
53 24 3602
53 25 7465
53 26 5482
53 28 4521
53 29 5418
53 30 1530
53 35 3103
53 36 6087
53 37 1351
53 38 2841
53 42 5424
53 43 2372
53 44 7947
53 45 5120
53 47 356
53 50 2034
53 51 1053
53 53 3432
53 55 3132
53 56 8021
53 58 2591
53 61 3328
53 62 3664
53 63 4810
53 64 2542
53 66 3164
53 67 1918
53 70 3941
53 71 218
53 73 2528
53 74 4656
53 75 6027
53 77 6855
53 78 1309
53 80 3774
53 81 450
53 83 5026
53 84 6810
53 90 6531
53 91 5381
53 92 1032
53 93 5591
53 95 500
53 99 3821
54 2 6372
54 8 8670
54 9 6287
54 10 1036
54 12 1879
54 16 6620
54 17 4880
54 22 8492
54 23 445
54 24 1647
54 27 2506
54 28 1960
54 29 1277
54 32 2575
54 33 1700
54 34 4441
54 37 3058
54 38 897
54 39 3009
54 40 8195
54 41 8584
54 43 5674
54 48 2645
54 49 3745
54 51 2904
54 52 5105
54 53 4677
54 58 6926
54 59 296
54 67 3977
54 69 1054
54 70 8917
54 71 5308
54 78 2477
54 79 9912
54 80 2636
54 82 5106
54 83 3277
54 84 7772
54 85 429
54 86 7517
54 87 8072
54 90 1892
54 93 1365
54 95 5599
54 96 3706
54 98 9187
54 99 464
54 100 6797
55 1 5224
55 5 4133
55 7 1829
55 9 2126
55 10 441
55 11 647
55 12 5869
55 13 1156
55 15 5527
55 16 9018
55 18 8938
55 24 3758
55 25 4038
55 27 2692
55 29 102
55 31 9469
55 34 5061
55 35 8328
55 36 8202
55 37 5893
55 39 9331
55 40 1591
55 42 9904
55 45 3782
55 46 8724
55 47 1031
55 51 5738
55 53 7260
55 54 6724
55 55 4835
55 57 7140
55 58 3172
55 62 9114
55 63 8163
55 64 4711
55 65 7857
55 68 6513
55 69 6029
55 71 9200
55 72 7005
55 73 2899
55 77 9884
55 78 4161
55 79 3075
55 82 71
55 84 9648
55 85 7959
55 86 1453
55 87 2349
55 88 4710
55 91 1932
55 93 4297
55 94 663
55 99 5818
55 100 3901
56 1 946
56 2 8826
56 3 5834
56 5 6158
56 8 9516
56 10 53
56 11 493
56 12 1580
56 15 2879
56 16 818
56 17 5779
56 21 4691
56 24 9352
56 25 283
56 26 2270
56 27 866
56 33 28
56 34 3918
56 35 2610
56 36 3708
56 38 3103
56 41 7395
56 42 4153
56 43 7824
56 50 3445
56 54 4910
56 56 2779
56 60 859
56 61 7414
56 63 6945
56 64 4092
56 66 4156
56 71 9223
56 72 3780
56 73 6597
56 76 6536
56 79 4358
56 80 8679
56 81 7703
56 82 7344
56 83 7894
56 84 5990
56 87 3742
56 89 7984
56 92 1693
56 94 4702
56 100 8707
57 3 9977
57 6 7690
57 13 7152
57 17 8612
57 18 4289
57 21 202
57 23 5123
57 25 2600
57 26 4249
57 28 8284
57 32 719
57 33 6797
57 35 2079
57 37 1076
57 41 1640
57 42 5285
57 43 1621
57 46 5022
57 47 855
57 48 8625
57 50 8082
57 51 9748
57 52 3071
57 54 7708
57 56 4440
57 57 3617
57 58 2158
57 59 9355
57 60 8102
57 61 1462
57 65 979
57 66 9907
57 67 1022
57 70 7036
57 72 1343
57 73 2619
57 74 7145
57 75 9468
57 76 3391
57 77 2772
57 79 5466
57 81 8396
57 82 2393
57 85 4343
57 86 6592
57 87 2619
57 88 3700
57 89 4125
57 94 8160
57 95 4334
57 98 269
58 1 533
58 2 371
58 3 684
58 5 264
58 6 3137
58 8 4860
58 11 5031
58 13 9795
58 14 7698
58 16 2460
58 18 3980
58 22 4113
58 27 1830
58 29 1545
58 33 237
58 34 2646
58 35 2670
58 36 7420
58 40 268
58 41 590
58 43 7685
58 44 1691
58 45 6859
58 47 7187
58 50 6302
58 51 7159
58 53 2578
58 55 1407
58 57 573
58 58 3158
58 62 1041
58 65 4110
58 71 4249
58 72 5811
58 73 8134
58 75 8
58 76 9088
58 80 4276
58 81 5009
58 84 5709
58 86 2699
58 87 7468
58 94 535
58 97 7361
58 98 2900
59 1 7235
59 3 2884
59 4 6315
59 5 4582
59 6 7555
59 8 5171
59 9 3369
59 12 1747
59 15 2356
59 21 3571
59 24 5302
59 27 4108
59 28 4906
59 29 5762
59 32 8526
59 33 5980
59 34 9677
59 36 1373
59 39 6337
59 40 5013
59 42 2410
59 43 9036
59 48 4151
59 50 4816
59 52 3112
59 53 1544
59 57 2419
59 58 8831
59 59 8973
59 62 9454
59 64 2235
59 66 5702
59 69 8530
59 70 4616
59 72 3319
59 74 7481
59 78 5588
59 81 1018
59 86 7703
59 87 9063
59 88 3341
59 90 9082
59 92 3274
59 94 2504
59 95 6563
59 96 8483
59 97 7084
59 98 6930
59 100 7230
60 5 1148
60 6 1087
60 8 8610
60 9 8240
60 10 7365
60 11 4494
60 16 6506
60 17 5472
60 18 4977
60 26 1550
60 28 8341
60 33 1815
60 35 2267
60 37 9574
60 40 9747
60 42 9551
60 43 5730
60 47 3729
60 49 3809
60 51 2393
60 54 3382
60 55 2289
60 57 3432
60 58 6974
60 59 6296
60 60 582
60 64 6778
60 67 8920
60 69 5789
60 71 5663
60 72 1400
60 78 7314
60 79 5140
60 80 2672
60 83 1367
60 84 1437
60 86 296
60 88 2165
60 93 36
60 94 1908
60 96 8007
60 98 4901
61 3 9558
61 5 1970
61 6 2004
61 9 171
61 10 4243
61 11 3635
61 12 6106
61 14 5025
61 15 9318
61 16 8904
61 17 6578
61 20 5150
61 22 47
61 23 335
61 24 6007
61 25 1346
61 29 8299
61 33 4371
61 34 5928
61 35 8335
61 36 1525
61 39 639
61 43 6638
61 46 1739
61 49 8461
61 50 4041
61 51 9278
61 52 3779
61 57 8216
61 61 493
61 62 6753
61 63 6145
61 64 4121
61 65 1014
61 66 3202
61 67 6913
61 70 2559
61 71 8869
61 73 9048
61 74 2097
61 79 7534
61 80 7195
61 81 3653
61 82 4263
61 84 3794
61 85 8649
61 88 8589
61 95 1560
61 96 6209
61 98 5370
61 99 6955
61 100 8501
62 2 7441
62 5 1599
62 6 5121
62 9 1880
62 13 7307
62 15 2620
62 16 1727
62 17 9744
62 20 8014
62 22 209
62 27 1382
62 28 6362
62 30 1446
62 31 7820
62 32 1901
62 33 5409
62 34 7758
62 35 4252
62 37 1907
62 38 1703
62 42 835
62 44 3865
62 45 1926
62 49 9700
62 53 9259
62 54 7426
62 59 2308
62 60 4621
62 61 5735
62 63 9975
62 66 128
62 70 9513
62 72 2373
62 75 2105
62 77 6887
62 79 8561
62 80 6937
62 81 2110
62 82 2099
62 83 8726
62 87 6092
62 88 6489
62 92 2719
62 94 6807
62 95 9797
63 1 6858
63 2 4573
63 3 7826
63 4 7064
63 7 770
63 8 8229
63 10 779
63 13 2140
63 14 9418
63 15 1918
63 16 1484
63 17 2418
63 18 3092
63 19 7778
63 21 4108
63 22 7106
63 23 1841
63 25 8205
63 27 4050
63 30 312
63 33 9445
63 34 1654
63 35 187
63 37 1391
63 40 4744
63 43 2513
63 44 3179
63 46 6044
63 49 2286
63 50 9476
63 59 608
63 65 2447
63 66 8201
63 68 7497
63 72 9053
63 74 166
63 75 3086
63 77 2836
63 80 902
63 81 6610
63 84 6117
63 86 1189
63 87 4503
63 88 7245
63 89 4053
63 90 6272
63 91 8234
63 92 2172
63 93 7456
63 97 2683
63 98 3049
64 3 1106
64 5 8426
64 6 3191
64 8 1504
64 11 790
64 14 3888
64 15 2131
64 16 9351
64 18 8390
64 19 8695
64 21 7181
64 24 5535
64 25 5979
64 27 1986
64 28 154
64 30 6074
64 31 5374
64 33 3384
64 34 6745
64 35 8288
64 37 6556
64 38 132
64 39 7731
64 40 831
64 41 806
64 43 2399
64 45 3109
64 46 7090
64 47 556
64 49 604
64 50 3793
64 51 8469
64 52 9836
64 62 306
64 63 1458
64 64 200
64 68 8565
64 70 207
64 71 1615
64 72 3443
64 73 576
64 75 4331
64 77 9250
64 82 6761
64 83 5825
64 85 1179
64 86 9064
64 87 8592
64 88 9003
64 89 1991
64 90 555
64 91 9328
64 94 9298
64 96 2158
64 98 9343
64 99 9097
65 4 8165
65 6 4969
65 7 2571
65 9 8170
65 11 2427
65 19 8973
65 21 8809
65 23 527
65 24 5740
65 27 8324
65 28 463
65 30 8603
65 32 5924
65 33 2734
65 36 366
65 37 3750
65 41 6980
65 45 8724
65 46 6986
65 52 6873
65 54 2426
65 56 2654
65 57 1179
65 58 104
65 60 5986
65 61 9525
65 62 2756
65 69 9518
65 70 9932
65 71 4027
65 72 4259
65 75 1728
65 79 5776
65 82 2282
65 84 7448
65 85 9146
65 88 1264
65 90 2011
65 91 2665
65 92 8767
65 99 2221
66 1 6632
66 2 4869
66 4 912
66 9 156
66 10 7796
66 11 984
66 13 6826
66 15 1673
66 16 6153
66 19 1278
66 21 5860
66 27 9533
66 28 9505
66 30 7723
66 31 5129
66 32 3725
66 34 1977
66 35 8651
66 37 7300
66 39 2403
66 40 4867
66 42 7749
66 51 6633
66 52 9793
66 53 6844
66 54 9493
66 55 6796
66 57 6627
66 58 3070
66 63 106
66 65 9916
66 66 7908
66 67 1366
66 70 4461
66 74 1503
66 78 9092
66 79 2856
66 81 3108
66 82 4708
66 88 120
66 91 7345
66 92 902
66 93 2821
66 94 6978
66 95 1502
66 96 1424
66 97 6444
66 99 1011
67 2 91
67 3 9735
67 4 215
67 7 3966
67 12 9407
67 15 1054
67 16 8287
67 18 3295
67 19 4838
67 21 4506
67 23 837
67 26 3084
67 27 2798
67 30 9076
67 31 5566
67 32 59
67 33 7878
67 34 8608
67 42 9393
67 43 1108
67 44 2676
67 46 5116
67 55 8766
67 58 248
67 59 6710
67 61 9754
67 64 9794
67 65 2370
67 67 8476
67 68 3745
67 70 3384
67 71 9101
67 72 6596
67 73 1553
67 74 1522
67 77 6886
67 80 741
67 84 6918
67 87 9416
67 88 6291
67 91 4432
67 97 1711
67 98 96
67 99 4052
67 100 7443
68 1 1791
68 2 30
68 3 1161
68 6 736
68 7 99
68 8 8238
68 9 661
68 14 7615
68 15 1350
68 16 3088
68 18 9681
68 20 639
68 23 4082
68 25 691
68 26 2164
68 27 322
68 29 2119
68 33 3542
68 35 3409
68 38 7898
68 41 305
68 44 5275
68 46 2274
68 50 3726
68 52 6821
68 53 8236
68 54 8484
68 55 3010
68 57 7147
68 59 9106
68 62 722
68 63 6086
68 65 9203
68 67 1412
68 68 9558
68 71 3725
68 72 5777
68 73 1869
68 76 2750
68 77 864
68 78 7659
68 82 8321
68 83 4668
68 85 276
68 87 8021
68 89 6833
68 92 2288
68 93 5306
68 95 8250
68 98 9997
68 99 1817
68 100 9622
69 1 4542
69 6 9546
69 8 9018
69 9 2658
69 12 8210
69 13 5061
69 15 8202
69 21 4404
69 22 280
69 24 3206
69 25 7598
69 26 637
69 27 8231
69 29 6071
69 30 1595
69 32 1539
69 37 3137
69 40 8759
69 41 151
69 43 3985
69 44 1395
69 45 6138
69 47 3919
69 48 2141
69 49 5292
69 50 4180
69 52 5823
69 53 1755
69 55 9810
69 57 5158
69 60 829
69 61 6608
69 63 706
69 66 440
69 67 2086
69 68 8058
69 69 5574
69 70 2920
69 71 1773
69 72 1662
69 73 4620
69 75 1746
69 76 2497
69 77 5841
69 79 68
69 80 4160
69 81 7775
69 83 6395
69 86 7562
69 87 6483
69 90 7256
69 93 297
69 96 5878
69 98 3699
69 99 3077
69 100 3043
70 1 272
70 3 1635
70 7 5319
70 9 829
70 13 8743
70 15 9689
70 16 9411
70 18 145
70 19 7587
70 21 8077
70 26 4223
70 30 7116
70 35 6601
70 37 5871
70 38 9686
70 40 4280
70 41 7104
70 42 2110
70 43 3778
70 44 4811
70 46 4642
70 50 6854
70 51 2763
70 54 6958
70 56 4021
70 58 5562
70 59 698
70 60 2560
70 61 1467
70 65 4723
70 66 4707
70 67 3468
70 68 4150
70 69 1671
70 73 7715
70 76 2056
70 81 192
70 82 2509
70 83 6229
70 86 3503
70 87 6330
70 88 608
70 90 1484
70 91 4322
70 97 3251
70 98 4530
71 1 1052
71 2 3738
71 5 4252
71 6 2931
71 7 5881
71 9 7953
71 11 617
71 12 6354
71 15 917
71 16 2802
71 17 9834
71 18 1156
71 19 8724
71 21 9758
71 24 6187
71 27 1186
71 28 8307
71 32 7585
71 34 4313
71 36 9703
71 38 9416
71 42 2260
71 44 6343
71 46 3563
71 47 8571
71 48 6404
71 49 8735
71 51 7434
71 56 8773
71 58 9763
71 59 6220
71 61 7769
71 62 5752
71 63 7965
71 65 471
71 66 9177
71 68 1023
71 69 1277
71 70 2625
71 71 3116
71 72 6295
71 73 3793
71 75 5745
71 76 5832
71 79 1823
71 80 7547
71 81 638
71 84 6090
71 87 300
71 88 7082
71 90 2192
71 91 1324
71 92 8448
71 93 3865
71 100 5346
72 2 6586
72 5 1723
72 7 5014
72 8 3418
72 9 1522
72 11 3235
72 12 3590
72 14 2172
72 16 9947
72 18 9520
72 19 4103
72 21 5291
72 23 3223
72 25 4731
72 27 6390
72 28 5105
72 31 8619
72 32 4344
72 35 706
72 37 6546
72 38 4030
72 40 2097
72 41 8880
72 44 3084
72 48 6224
72 49 4038
72 50 7328
72 51 9874
72 52 8462
72 53 610
72 54 7663
72 55 4089
72 59 9107
72 62 9599
72 63 7487
72 64 2418
72 65 1553
72 66 8092
72 67 7093
72 68 2042
72 70 4752
72 71 558
72 73 2977
72 77 590
72 82 7622
72 83 5845
72 85 4963
72 86 163
72 87 904
72 88 209
72 89 3532
72 90 3220
72 91 367
72 92 3893
72 93 2307
72 95 4365
72 96 6639
72 97 2570
72 100 137
73 1 1800
73 2 8756
73 4 7782
73 5 8975
73 6 8198
73 7 8606
73 10 5807
73 11 8422
73 14 4593
73 16 8078
73 17 2651
73 18 3319
73 19 2735
73 20 1361
73 21 6762
73 22 2932
73 23 601
73 27 9565
73 29 982
73 30 4270
73 37 6941
73 39 730
73 41 8729
73 43 1481
73 44 801
73 45 1331
73 47 3168
73 51 1981
73 52 2985
73 53 636
73 58 335
73 60 2079
73 62 4762
73 63 6182
73 64 6853
73 66 4255
73 67 336
73 68 7426
73 70 881
73 73 1635
73 75 9453
73 78 3522
73 81 3989
73 83 9220
73 84 8195
73 85 2742
73 87 7418
73 88 5990
73 94 212
73 95 5349
73 97 8373
74 1 4414
74 5 6088
74 6 8186
74 8 6136
74 11 2976
74 13 4975
74 14 817
74 18 6428
74 19 6583
74 23 7255
74 24 850
74 28 7005
74 30 7864
74 31 6208
74 32 7662
74 35 3558
74 36 24
74 43 830
74 45 5095
74 50 7823
74 51 7389
74 52 8863
74 53 3253
74 54 9732
74 58 1811
74 60 30
74 61 118
74 63 1512
74 64 7857
74 65 6663
74 67 6981
74 68 1258
74 69 8331
74 71 8683
74 73 6079
74 75 3895
74 77 2889
74 80 6551
74 81 130
74 82 5184
74 83 5927
74 85 3152
74 91 9863
74 93 3645
74 94 2494
74 96 5938
74 97 1985
75 1 6945
75 2 2867
75 4 2585
75 5 6006
75 7 1024
75 8 7934
75 10 4271
75 11 7278
75 19 6351
75 20 8174
75 21 9655
75 22 1274
75 24 7724
75 25 1756
75 28 6777
75 30 5574
75 31 653
75 32 4557
75 33 5616
75 35 3778
75 36 4861
75 37 8076
75 40 5920
75 43 5213
75 44 9796
75 46 5431
75 48 1996
75 49 2355
75 50 1014
75 52 4648
75 53 6103
75 54 8122
75 55 8303
75 56 502
75 57 8937
75 58 1735
75 59 9037
75 60 1965
75 61 3316
75 64 7478
75 65 5327
75 67 3756
75 68 4456
75 69 3945
75 70 6124
75 73 1822
75 77 804
75 79 2416
75 80 4727
75 81 1692
75 82 3741
75 83 8906
75 84 1586
75 86 1841
75 88 4132
75 91 9419
75 93 1169
75 96 7805
75 98 7235
75 100 2959
76 3 4032
76 6 6685
76 7 3976
76 11 9678
76 12 3303
76 14 715
76 18 4726
76 19 5953
76 20 5645
76 22 7394
76 23 7688
76 25 3140
76 26 6987
76 29 4070
76 30 551
76 31 732
76 35 9250
76 39 4177
76 41 1342
76 42 3434
76 44 8351
76 47 3936
76 52 5884
76 56 2880
76 58 782
76 59 1168
76 60 4585
76 61 7972
76 62 3518
76 68 8595
76 69 7661
76 72 5635
76 73 83
76 76 2951
76 78 1949
76 80 9368
76 82 2625
76 83 8585
76 84 9063
76 86 7821
76 89 8792
76 90 8581
76 92 9729
76 93 961
76 95 6667
76 96 226
76 97 5565
76 100 4186
77 1 3797
77 2 4156
77 3 7808
77 4 9197
77 7 5246
77 10 1089
77 11 9138
77 13 8140
77 16 6090
77 17 561
77 20 3032
77 21 9039
77 23 1603
77 24 4479
77 26 2497
77 27 2598
77 31 7944
77 33 2541
77 34 3070
77 37 8382
77 38 262
77 39 3095
77 41 4262
77 44 4754
77 45 582
77 48 1871
77 54 4136
77 55 5044
77 57 8551
77 58 3401
77 60 5858
77 62 3420
77 65 6158
77 66 3543
77 67 3041
77 69 4912
77 73 2443
77 75 248
77 77 6570
77 78 9845
77 79 6381
77 80 5436
77 85 3113
77 89 2661
77 91 728
77 92 9435
77 93 5240
77 95 7089
77 100 6087
78 1 2695
78 2 4435
78 3 1480
78 19 749
78 20 527
78 21 9673
78 26 3497
78 27 2816
78 30 4518
78 31 725
78 34 1366
78 37 4600
78 38 3139
78 40 9293
78 41 8570
78 43 6884
78 44 3338
78 45 2235
78 46 5964
78 49 286
78 52 6875
78 53 8283
78 57 5252
78 58 9152
78 59 3193
78 61 820
78 62 749
78 64 2278
78 66 270
78 67 5354
78 68 603
78 69 9910
78 70 2637
78 71 3795
78 72 6367
78 73 7470
78 74 2760
78 75 5081
78 77 6282
78 81 4221
78 84 1299
78 86 1664
78 87 6078
78 89 2853
78 90 1817
78 91 2472
78 92 2491
78 98 8991
78 100 989
79 2 2932
79 3 9608
79 4 4127
79 8 9267
79 9 4812
79 10 7104
79 11 8825
79 13 448
79 15 33
79 16 5392
79 17 949
79 18 9392
79 19 1039
79 22 1197
79 23 4511
79 27 3575
79 28 4023
79 29 8155
79 31 8818
79 32 1738
79 36 78
79 37 3596
79 39 3221
79 40 3438
79 41 2544
79 42 4437
79 43 6358
79 45 9105
79 46 5193
79 48 2904
79 49 4119
79 50 8696
79 56 3334
79 57 3277
79 60 8167
79 62 8553
79 63 967
79 64 9170
79 68 5058
79 70 266
79 73 6983
79 75 8853
79 76 3675
79 77 4809
79 79 303
79 81 5183
79 85 1913
79 86 397
79 87 3112
79 89 1059
79 90 9263
79 95 7773
79 96 4687
80 6 5255
80 11 2401
80 12 5840
80 16 238
80 21 7411
80 22 9780
80 23 3044
80 27 9833
80 29 7480
80 30 9141
80 31 9571
80 32 8455
80 33 9043
80 35 7149
80 37 5923
80 38 3058
80 40 6241
80 42 6131
80 45 4925
80 49 255
80 52 2501
80 53 1778
80 54 1825
80 55 6049
80 56 4360
80 57 2764
80 58 2743
80 62 1403
80 63 2240
80 66 1056
80 69 8473
80 71 5974
80 74 1028
80 75 1272
80 76 5391
80 79 5042
80 80 5071
80 83 2790
80 84 7275
80 88 9200
80 92 7684
80 94 2320
80 95 8711
80 96 3967
80 99 849
81 1 9129
81 2 3707
81 5 3365
81 8 6902
81 10 2786
81 11 3155
81 15 1857
81 17 5111
81 20 1585
81 23 9648
81 24 991
81 26 9856
81 27 8481
81 30 8398
81 32 1595
81 33 7961
81 34 5290
81 36 2582
81 39 4201
81 43 2779
81 44 6274
81 45 8197
81 48 2372
81 49 4898
81 53 1140
81 54 5501
81 55 7606
81 56 8771
81 59 4385
81 61 426
81 62 7896
81 63 2815
81 64 7172
81 67 1527
81 68 5674
81 70 2457
81 73 2697
81 74 8434
81 75 5077
81 76 5636
81 78 5505
81 80 6478
81 81 3807
81 82 1056
81 83 6335
81 84 2664
81 89 7039
81 90 7431
81 91 839
81 92 3372
81 93 6673
81 94 5091
81 96 3544
81 97 4040
81 98 9996
81 100 9011
82 2 1127
82 3 1489
82 6 8098
82 7 4254
82 8 222
82 11 2709
82 14 616
82 15 3703
82 21 8725
82 23 4609
82 24 2504
82 25 9073
82 26 4928
82 27 2388
82 28 9395
82 29 2132
82 31 6488
82 32 7187
82 33 7450
82 35 5600
82 38 6063
82 40 62
82 43 3438
82 45 1730
82 47 2654
82 48 8019
82 50 1126
82 51 6341
82 52 6145
82 53 7458
82 55 8034
82 56 9707
82 58 2358
82 60 145
82 61 7998
82 64 8668
82 65 4417
82 67 1073
82 70 393
82 72 6910
82 73 3476
82 74 1008
82 75 7878
82 76 7334
82 78 3773
82 79 4160
82 80 1106
82 81 62
82 82 5264
82 85 1175
82 86 8071
82 88 2151
82 89 4327
82 95 3257
82 97 8849
82 99 9345
82 100 7927
83 1 5460
83 2 7872
83 4 8697
83 5 1301
83 6 9434
83 7 7261
83 10 8385
83 11 4985
83 15 6436
83 16 7824
83 21 7574
83 23 178
83 25 9172
83 28 3377
83 29 6015
83 30 7193
83 32 1612
83 34 4557
83 37 2689
83 39 4922
83 42 6573
83 43 2699
83 49 603
83 53 1409
83 54 6211
83 55 3328
83 56 8702
83 57 7489
83 58 2431
83 59 9216
83 61 636
83 64 8235
83 65 1301
83 66 2118
83 67 9814
83 71 3165
83 73 4632
83 75 8038
83 78 2158
83 79 9705
83 81 5394
83 83 2369
83 84 7556
83 86 1479
83 89 5416
83 90 2537
83 92 6463
83 94 6189
83 95 2908
83 96 1269
83 97 6074
83 98 3758
83 99 4437
83 100 5174
84 1 5730
84 2 7809
84 3 2893
84 4 2379
84 9 429
84 10 533
84 12 4218
84 13 2835
84 15 8909
84 17 161
84 18 143
84 21 8882
84 22 1140
84 23 1120
84 25 5235
84 27 5845
84 28 4474
84 29 6060
84 30 418
84 34 7929
84 35 8989
84 38 8154
84 40 4659
84 41 1496
84 43 1113
84 44 2856
84 45 1450
84 48 3782
84 49 6680
84 50 2594
84 51 6239
84 55 5723
84 56 5900
84 62 9594
84 65 1887
84 67 5890
84 72 4603
84 73 3673
84 76 4465
84 80 5890
84 83 6569
84 85 6369
84 86 491
84 88 9146
84 89 5148
84 91 3174
84 93 1573
84 94 1282
84 95 8956
84 96 8605
84 99 4974
85 1 3999
85 3 7738
85 6 2498
85 9 3743
85 11 3464
85 13 7459
85 14 7360
85 15 9389
85 17 1063
85 19 7492
85 20 669
85 21 2451
85 22 3890
85 24 672
85 26 3508
85 28 2223
85 29 7723
85 31 3984
85 32 1287
85 33 2699
85 34 4148
85 35 8971
85 36 7300
85 37 911
85 38 5399
85 41 8102
85 45 4263
85 46 8725
85 47 5605
85 49 6637
85 50 737
85 51 8125
85 52 1581
85 54 3458
85 57 3736
85 58 419
85 60 5071
85 61 405
85 62 3183
85 64 4477
85 65 9121
85 69 5286
85 72 4151
85 73 2761
85 74 1571
85 75 4247
85 77 6837
85 83 2999
85 84 8782
85 85 2357
85 88 7446
85 89 3202
85 90 1266
85 91 568
85 92 2241
85 97 5573
85 100 8864
86 2 1753
86 3 4556
86 4 987
86 7 4117
86 11 420
86 12 8098
86 13 1768
86 14 8713
86 17 9598
86 24 8019
86 25 7190
86 26 6998
86 27 2265
86 29 7116
86 30 4531
86 31 1629
86 32 9557
86 33 8904
86 34 3305
86 35 1317
86 37 3769
86 41 4647
86 42 8909
86 44 3173
86 49 66
86 50 383
86 53 6701
86 54 8788
86 55 3227
86 56 2720
86 58 5939
86 59 9503
86 66 8878
86 68 2844
86 69 9103
86 70 5547
86 71 3386
86 72 711
86 73 629
86 74 1100
86 75 5094
86 80 5659
86 82 3010
86 84 581
86 85 7220
86 86 9263
86 89 197
86 92 4833
86 93 1897
86 95 2185
86 98 6667
86 100 9729
87 1 8253
87 2 8082
87 4 1947
87 11 9270
87 13 174
87 17 5257
87 19 7604
87 20 5074
87 21 1754
87 24 1882
87 26 4611
87 27 8778
87 29 8812
87 30 384
87 33 7497
87 34 975
87 37 486
87 39 3608
87 41 5037
87 42 7022
87 43 5441
87 44 9433
87 45 6046
87 53 2276
87 54 6864
87 58 7505
87 60 7724
87 67 8181
87 68 1084
87 70 3713
87 71 183
87 72 6831
87 73 8587
87 74 1596
87 75 776
87 78 4187
87 81 5074
87 84 4156
87 85 2303
87 89 9140
87 90 7293
87 91 646
87 92 1484
87 94 4123
87 95 6380
87 96 2591
87 97 882
87 98 1065
87 100 6849
88 1 2366
88 2 5384
88 6 2422
88 7 8855
88 9 3508
88 11 914
88 14 890
88 15 2965
88 17 5801
88 18 8960
88 19 9859
88 27 3523
88 29 137
88 31 9334
88 33 4999
88 34 1373
88 35 4655
88 38 284
88 39 1002
88 43 7109
88 46 1632
88 52 1942
88 53 2353
88 54 3933
88 55 3244
88 56 4822
88 57 8
88 59 2966
88 61 1809
88 62 9344
88 63 7137
88 65 2243
88 69 1408
88 73 7663
88 77 7518
88 78 5649
88 80 4516
88 83 4214
88 84 353
88 85 6395
88 86 8656
88 87 3050
88 89 9553
88 91 40
88 92 2264
88 96 9886
88 97 1728
88 98 9544
88 100 1106
89 2 4798
89 5 2604
89 8 720
89 11 6398
89 12 3041
89 17 3970
89 20 4866
89 21 4453
89 23 185
89 24 1337
89 25 2673
89 26 2846
89 28 7724
89 29 2862
89 31 8307
89 33 167
89 37 696
89 39 9564
89 41 6087
89 42 3249
89 43 6226
89 44 2479
89 45 8201
89 47 3884
89 51 7504
89 54 8457
89 55 3555
89 59 598
89 62 8520
89 65 6868
89 69 6215
89 70 4270
89 71 408
89 73 6776
89 76 8603
89 78 8557
89 80 2408
89 81 5600
89 83 6227
89 85 5128
89 87 4269
89 88 56
89 90 8933
89 91 1903
89 94 2847
89 95 9802
89 96 6857
89 97 6921
89 98 6140
89 99 713
89 100 9760
90 1 7428
90 4 9214
90 5 8669
90 6 4071
90 14 2615
90 16 2667
90 18 3729
90 21 5244
90 26 9803
90 27 3901
90 28 8153
90 31 1904
90 35 9082
90 37 1569
90 38 1112
90 40 6173
90 42 3446
90 46 531
90 47 8432
90 48 6025
90 49 1133
90 50 1066
90 52 4076
90 54 667
90 56 4875
90 60 2447
90 61 9099
90 64 7118
90 66 7728
90 68 1252
90 70 8461
90 71 1749
90 72 7236
90 73 1891
90 76 5443
90 78 7102
90 79 985
90 80 1716
90 82 6802
90 83 4538
90 84 7008
90 85 8371
90 86 5672
90 91 1771
90 92 5486
90 93 1105
90 94 1938
90 98 942
91 3 560
91 5 1578
91 7 9853
91 8 9675
91 9 2716
91 11 168
91 13 2812
91 14 587
91 16 4586
91 17 9014
91 18 9786
91 20 186
91 21 9188
91 22 3351
91 24 736
91 25 925
91 27 1481
91 29 2183
91 35 2744
91 37 2262
91 39 9512
91 40 7890
91 41 5075
91 45 1893
91 46 732
91 47 9028
91 48 4633
91 49 5617
91 52 9506
91 54 833
91 55 4319
91 57 3143
91 60 6323
91 64 6
91 67 8526
91 68 7234
91 70 6830
91 72 6767
91 76 4417
91 80 9660
91 81 789
91 85 8714
91 90 3246
91 92 1796
91 94 6747
91 96 8124
91 97 1433
91 99 9953
91 100 1436
92 1 3
92 4 1798
92 6 230
92 9 8190
92 10 2796
92 11 4686
92 19 4326
92 22 1959
92 23 3878
92 24 8131
92 26 7882
92 27 479
92 31 4775
92 33 2055
92 34 2336
92 35 6855
92 37 2877
92 38 2074
92 40 6166
92 42 2042
92 43 6119
92 51 8547
92 53 2647
92 54 7395
92 56 9701
92 57 1521
92 60 629
92 63 3631
92 65 8557
92 73 7026
92 76 1449
92 77 2532
92 81 8944
92 82 7251
92 83 2487
92 86 8626
92 87 876
92 88 6041
92 89 1573
92 91 3065
92 92 1219
92 94 6080
92 99 3181
92 100 1052
93 1 3180
93 2 7682
93 3 8032
93 6 9669
93 8 3080
93 15 9402
93 16 8574
93 18 3000
93 21 6312
93 23 8057
93 26 2564
93 28 780
93 29 3806
93 31 697
93 33 7237
93 34 3607
93 36 6001
93 37 4417
93 38 2892
93 40 5434
93 41 9044
93 42 6104
93 43 1760
93 46 205
93 48 6633
93 49 5517
93 50 2697
93 51 8891
93 52 1954
93 53 4582
93 54 770
93 57 6114
93 60 200
93 61 8007
93 63 1840
93 66 1972
93 68 6112
93 69 70
93 74 3970
93 75 3825
93 76 3803
93 78 2845
93 80 6218
93 81 4249
93 85 380
93 88 3055
93 89 4043
93 90 9292
93 91 1872
93 94 9247
93 95 1714
93 96 6660
93 100 5097
94 1 477
94 2 4346
94 5 5622
94 9 171
94 10 994
94 11 9483
94 12 8437
94 13 43
94 15 1022
94 16 1779
94 18 4935
94 19 2820
94 21 272
94 22 8088
94 23 6204
94 24 7756
94 25 4294
94 27 9276
94 28 3020
94 32 2342
94 36 1541
94 37 1441
94 38 5264
94 40 4153
94 41 459
94 42 6415
94 43 5541
94 44 3186
94 45 1428
94 47 4677
94 49 7964
94 51 8341
94 53 378
94 57 9484
94 58 8117
94 59 7194
94 61 9088
94 62 3042
94 68 397
94 70 7589
94 71 1744
94 73 277
94 74 1797
94 78 5318
94 80 4291
94 86 4894
94 88 7894
94 89 7475
94 90 6338
94 91 513
94 92 6866
94 93 6819
94 95 1514
94 98 1554
94 100 8220
95 1 140
95 3 4357
95 4 4362
95 5 6058
95 9 2558
95 11 9607
95 12 1258
95 13 5257
95 16 3698
95 17 2630
95 18 3823
95 19 7011
95 20 3470
95 22 5150
95 27 7207
95 28 7629
95 29 1450
95 32 4372
95 34 2211
95 36 9828
95 38 3112
95 40 313
95 41 1405
95 42 569
95 43 8415
95 44 1121
95 45 3884
95 46 9417
95 47 3880
95 53 6100
95 54 6437
95 55 7202
95 56 7037
95 57 9621
95 58 6996
95 63 627
95 64 7135
95 67 1170
95 72 268
95 73 1380
95 76 839
95 78 4715
95 82 3115
95 85 9398
95 88 367
95 92 6038
95 94 2369
95 95 2684
95 99 4929
96 3 9953
96 4 8163
96 6 1626
96 8 6144
96 9 90
96 11 555
96 13 9149
96 14 1239
96 15 5916
96 18 8530
96 23 811
96 25 6847
96 28 139
96 29 6993
96 33 460
96 37 9988
96 41 706
96 44 9140
96 49 8505
96 51 730
96 52 2235
96 54 3232
96 55 6100
96 63 8652
96 64 6463
96 65 3287
96 67 5689
96 69 2085
96 70 110
96 71 9945
96 73 2275
96 74 546
96 75 1889
96 76 6125
96 77 9713
96 79 8264
96 80 6877
96 81 769
96 82 1018
96 83 290
96 85 5883
96 88 4398
96 89 7263
96 91 3566
96 92 5511
96 94 2383
96 96 5937
96 97 6121
96 98 7190
96 100 4723
97 2 6099
97 3 8920
97 4 3195
97 6 1009
97 9 8881
97 12 4168
97 13 5595
97 14 7676
97 16 2369
97 18 120
97 19 8927
97 20 6839
97 21 5576
97 23 1734
97 24 8698
97 27 1498
97 29 545
97 31 7846
97 32 2668
97 33 4262
97 34 4953
97 35 9130
97 37 5766
97 39 2678
97 40 9998
97 41 255
97 42 1759
97 43 2790
97 46 1274
97 48 1780
97 50 6535
97 52 7848
97 60 9290
97 62 5649
97 64 4874
97 67 9941
97 68 3348
97 69 4709
97 76 9414
97 77 1489
97 82 936
97 83 2640
97 85 1089
97 86 6514
97 89 3158
97 90 4979
97 94 8485
97 97 1554
97 99 7728
98 2 1636
98 4 5421
98 5 4275
98 6 9425
98 7 7766
98 9 965
98 12 898
98 14 9087
98 17 425
98 20 8236
98 22 2191
98 23 2733
98 24 4222
98 26 8557
98 27 4492
98 30 2804
98 31 461
98 33 671
98 35 4628
98 36 2820
98 39 1274
98 40 3114
98 42 111
98 43 4501
98 45 2342
98 47 1163
98 48 691
98 49 5282
98 50 2146
98 54 2778
98 57 6508
98 58 7112
98 59 6441
98 60 137
98 61 7839
98 63 2603
98 67 8190
98 70 6463
98 72 3995
98 73 9610
98 74 8724
98 76 7494
98 78 50
98 82 4580
98 83 8221
98 91 5426
98 92 8039
98 93 4684
98 95 2965
98 97 8884
98 100 9000
99 1 7545
99 2 8543
99 3 9773
99 4 797
99 7 8416
99 8 1984
99 11 2455
99 12 2113
99 14 9142
99 17 9851
99 19 2688
99 23 5681
99 24 3392
99 27 7437
99 29 7784
99 33 4707
99 35 4046
99 36 6074
99 46 5133
99 47 7081
99 48 2728
99 54 7095
99 55 6357
99 56 2390
99 58 9703
99 59 2234
99 61 7197
99 62 9280
99 63 743
99 64 5599
99 65 383
99 68 2470
99 69 1931
99 70 1484
99 71 9289
99 73 8212
99 75 6882
99 76 8231
99 77 9771
99 81 85
99 82 1625
99 85 1159
99 86 4448
99 87 8568
99 88 9041
99 89 9864
99 90 8066
99 93 1190
99 94 5778
99 95 1843
99 96 2200
99 100 4371
100 2 5680
100 7 3084
100 8 4849
100 10 723
100 12 685
100 13 1166
100 14 9045
100 17 6415
100 18 2879
100 24 6404
100 25 2009
100 29 2712
