20 20 100
5 1 4 4 4 5 2 4 3 1 5 2 5 2 2 3 1 4 5 4 
1 2 9249
1 7 3184
1 8 563
1 11 6006
1 14 8358
1 19 2461
2 3 2086
2 8 3101
2 12 1558
2 14 1794
2 15 137
3 2 7795
3 5 2724
3 6 5477
3 7 9381
3 14 2591
3 17 1244
3 20 3189
4 3 6861
4 6 8075
4 8 7412
4 14 4463
4 20 9744
5 1 4435
5 6 5171
5 7 1386
5 9 8707
5 16 5822
6 2 2070
6 5 5828
6 8 8046
6 11 481
6 19 8672
7 1 3552
7 10 1894
7 11 5360
7 12 8018
7 14 2751
7 17 8252
7 19 2790
8 5 2635
8 6 7056
8 7 4675
9 9 694
9 16 3538
10 3 547
10 6 6712
10 9 9283
10 11 1922
10 15 3762
10 18 1837
10 20 3725
11 5 5413
11 6 7585
11 11 6166
11 18 9422
11 19 2788
12 1 5268
12 5 7127
12 6 4004
12 13 9022
12 19 2691
13 3 1693
13 20 1439
14 2 7351
14 5 8170
14 6 3805
14 16 2365
14 18 1458
15 1 3188
15 2 1835
15 4 1748
15 10 898
15 11 4713
15 13 9100
15 14 1648
15 16 8126
15 17 485
15 20 9341
16 1 4829
16 14 9460
17 1 1787
17 5 1877
17 7 1288
18 5 4047
18 7 7386
18 10 1112
18 11 1905
18 16 8699
18 19 1470
18 20 830
19 1 6227
19 2 344
19 7 4186
19 11 8211
19 17 2407
20 4 2445
20 6 2677
20 8 7568
20 14 5862
