1000 1000 10
1 8
1 3
2 1
1 7
5 7
3 10
3 8
5 2
9 2
1 3
3 5
2 6
12 5
7 8
1 2
12 3
8 7
1 2
10 1
11 5
15 10
18 2
22 3
19 7
8 2
9 1
23 8
15 10
1 7
1 4
16 2
7 4
4 6
21 8
4 10
33 4
9 9
15 6
10 6
5 1
21 10
4 9
18 10
37 3
19 6
41 5
32 9
31 9
12 5
33 5
22 9
33 8
50 3
44 6
2 8
33 5
34 1
27 3
37 5
52 5
53 5
1 2
3 2
30 5
58 6
15 7
14 3
65 7
46 4
1 3
14 10
5 6
41 4
3 1
31 5
49 7
24 10
23 4
4 5
41 2
3 8
31 8
39 5
13 7
43 9
29 5
64 10
73 10
48 2
21 8
29 6
29 7
72 1
55 5
45 10
84 5
97 6
62 8
1 4
11 9
100 2
87 7
46 5
101 8
31 2
33 8
54 10
61 10
78 2
39 3
73 7
109 9
49 2
75 7
18 2
17 3
28 8
9 2
88 4
97 9
27 1
105 5
61 5
77 1
8 3
79 9
104 1
93 6
44 5
17 3
107 4
97 2
78 7
125 7
73 7
18 8
54 1
135 8
25 9
33 1
13 8
119 7
56 10
115 9
82 8
73 10
17 2
80 3
26 6
64 9
9 1
47 10
53 6
113 9
126 1
87 7
5 7
81 10
148 4
106 1
23 1
45 3
157 4
135 9
109 4
133 7
14 9
85 4
86 6
5 5
46 1
159 10
17 6
129 1
124 8
151 5
61 9
37 7
86 7
113 4
181 6
150 9
145 3
147 5
26 10
37 10
31 1
153 4
98 5
182 4
29 2
133 2
153 7
115 8
23 10
53 5
19 5
136 7
193 4
9 8
88 1
123 1
67 3
129 3
141 8
147 5
56 1
17 8
176 3
175 7
125 5
18 7
46 6
121 8
21 5
89 5
118 5
130 4
27 7
45 6
25 5
82 1
93 3
150 5
64 7
143 3
101 1
100 8
103 6
220 5
190 2
1 3
142 4
199 6
204 6
113 4
99 3
75 7
234 4
61 3
212 6
100 10
196 4
72 8
162 1
168 6
23 8
157 5
229 1
75 9
238 2
43 2
20 6
46 5
160 6
197 9
184 1
15 9
182 1
106 8
172 9
147 5
72 2
37 3
76 7
168 2
78 2
211 9
71 2
13 1
100 6
18 5
22 10
121 8
264 8
125 4
27 5
205 1
191 4
237 7
39 4
156 7
124 2
59 2
140 1
71 10
83 7
199 9
168 6
288 10
290 3
259 2
246 3
202 1
76 1
205 3
203 2
140 9
136 5
125 7
37 3
301 1
137 4
83 4
170 10
271 3
127 9
170 5
292 10
277 10
236 2
40 9
241 9
262 7
235 4
165 9
26 6
91 2
203 3
301 5
3 8
147 4
70 4
157 7
56 5
254 9
77 7
42 2
132 8
43 10
256 3
165 10
187 8
221 8
276 5
86 7
293 4
65 3
291 7
36 8
309 3
89 7
106 3
293 10
181 2
192 7
337 3
265 4
85 1
220 3
21 3
33 1
341 1
337 1
288 4
285 1
298 5
211 10
187 4
115 5
255 10
227 5
235 2
261 4
158 3
235 9
362 7
307 5
55 10
135 8
4 2
125 9
118 4
239 9
146 3
45 10
261 9
210 7
174 5
115 2
1 6
323 8
149 5
49 8
376 8
196 7
66 10
364 2
230 1
73 6
307 7
65 7
147 4
229 8
393 2
68 7
351 4
219 8
79 8
331 9
318 5
331 6
62 8
25 5
55 5
183 6
294 4
384 8
269 10
157 9
50 1
301 8
364 4
106 3
60 8
149 10
331 4
220 7
166 4
64 7
410 7
303 9
37 9
164 10
341 6
109 1
73 6
143 8
311 4
61 8
148 9
99 4
190 8
361 4
322 5
63 9
274 9
423 7
401 5
416 9
101 5
409 5
284 3
79 4
276 4
191 1
52 10
281 6
76 2
441 8
131 5
333 2
142 10
176 7
68 1
232 3
74 9
384 2
451 1
407 8
199 4
397 1
276 9
463 3
185 3
333 7
464 1
189 1
270 8
86 8
219 9
257 6
274 5
277 1
351 4
219 5
82 6
315 1
167 2
36 10
461 2
435 6
90 6
42 8
21 1
166 2
379 10
201 4
220 7
121 1
396 10
73 2
140 2
72 9
413 6
133 7
165 8
165 5
53 3
476 10
160 10
406 5
457 3
283 4
376 1
123 9
29 9
74 3
498 2
161 1
295 3
274 4
199 8
387 6
454 2
233 6
339 10
309 8
120 10
345 2
91 2
334 6
200 1
448 1
394 6
509 10
204 1
89 2
498 2
169 7
192 8
266 6
75 8
514 5
526 1
405 4
34 4
154 7
82 6
253 10
299 10
147 9
357 3
300 9
480 10
461 10
355 9
453 7
280 3
393 7
19 1
9 1
497 3
58 5
194 7
473 3
188 7
517 7
444 3
421 9
136 5
336 9
551 7
361 2
29 9
323 9
253 3
555 1
282 4
139 1
558 6
1 1
461 3
211 4
164 1
505 6
268 8
78 2
209 3
111 8
121 6
490 1
70 4
517 4
451 4
55 4
277 6
157 2
504 3
461 6
27 4
80 7
42 3
181 1
416 6
503 8
175 3
356 5
259 3
199 1
457 3
337 8
235 6
53 1
1 4
513 6
182 8
305 7
436 9
153 4
312 2
145 5
152 2
55 8
295 2
521 2
194 1
589 10
341 4
586 1
59 10
595 6
306 3
557 9
235 4
445 9
600 5
399 1
269 2
101 8
11 8
300 9
379 4
563 10
501 4
37 8
21 10
578 2
46 6
100 4
499 3
626 10
489 4
357 3
496 3
1 3
79 7
633 4
538 7
639 7
138 1
569 8
121 7
367 1
396 1
161 4
244 5
626 10
272 7
46 4
295 10
637 8
517 7
159 6
624 1
16 2
451 5
553 8
477 4
380 6
63 8
475 6
286 4
133 4
496 1
461 2
562 5
118 6
402 2
481 1
208 1
373 7
145 10
229 6
241 8
245 2
292 10
645 3
474 6
593 4
131 7
199 6
607 5
583 9
415 7
201 1
605 2
234 1
48 2
580 4
307 9
351 3
249 1
433 7
103 4
427 1
116 6
657 3
1 7
205 10
238 10
481 5
500 1
295 4
714 1
645 6
450 6
596 7
509 3
289 7
288 5
659 10
610 8
603 4
139 6
467 3
148 5
170 7
109 2
194 5
636 1
173 6
16 4
710 1
681 7
559 8
166 6
695 5
299 4
535 8
339 10
575 2
498 1
361 5
16 1
345 10
666 10
77 7
560 7
46 6
614 10
397 5
191 6
679 6
569 10
271 10
332 6
289 6
53 1
447 7
473 7
257 8
732 9
27 9
651 4
159 4
633 2
595 6
708 8
411 7
739 4
547 2
661 2
419 7
221 4
76 10
499 7
267 3
626 8
317 2
31 5
341 7
379 4
141 6
686 9
316 1
403 3
269 5
757 5
495 2
582 3
595 2
161 10
183 9
173 8
217 5
665 10
661 8
555 7
56 6
667 2
128 8
601 4
475 8
379 7
685 4
730 7
602 9
566 9
653 9
258 10
393 1
91 9
70 6
683 8
509 4
553 1
389 7
690 1
747 5
155 7
529 9
744 7
230 7
749 9
95 5
379 9
269 6
679 2
379 6
37 3
269 7
314 7
114 10
613 2
585 5
541 6
226 7
349 7
418 7
233 6
239 1
410 6
49 3
5 5
829 10
169 4
149 4
744 3
321 10
800 8
71 1
516 7
19 1
391 7
29 3
469 2
311 10
153 5
141 3
309 2
646 4
367 5
319 8
551 6
840 3
40 7
674 10
693 3
77 9
583 9
194 7
354 3
847 9
771 7
412 10
5 3
415 3
472 5
166 9
243 2
85 7
424 4
9 5
691 9
163 9
486 10
571 4
432 8
697 7
1 4
817 1
90 8
521 9
750 5
766 10
85 1
715 4
494 2
861 3
796 4
881 10
543 7
161 4
769 8
207 9
758 2
638 3
463 4
486 1
494 7
907 8
818 4
113 7
211 6
637 10
127 9
25 5
125 7
161 7
826 7
431 4
92 1
217 8
488 9
376 8
383 10
47 9
616 10
691 10
426 2
885 5
194 7
193 3
628 6
550 5
763 3
253 1
98 9
721 10
530 5
336 5
396 1
325 8
518 1
883 4
583 1
58 9
660 6
913 4
303 7
779 9
673 1
99 7
406 8
609 8
142 4
231 5
414 9
769 8
812 2
576 9
759 9
341 3
526 1
151 4
110 1
275 9
740 5
297 5
518 10
136 2
605 7
801 9
316 2
779 10
538 8
309 9
944 6
638 2
850 5
161 1
115 10
630 1
386 1
343 10
925 8
223 4
829 3
431 6
287 8
761 2
698 9
49 6
902 3
88 6
864 6
939 10
429 6
1 376 821
1 633 959
2 836 4
1 571 177
1 281 247
2 701 9
1 780 559
2 147 5
2 401 7
2 849 2
1 61 169
2 429 10
2 326 8
1 749 852
1 499 631
1 507 803
2 233 1
2 822 7
1 681 769
1 417 894
1 416 255
2 798 6
1 855 573
2 291 2
2 714 4
2 467 9
1 481 817
1 881 182
2 917 9
1 356 921
2 441 10
1 892 364
1 942 903
2 703 10
1 201 429
2 751 3
1 809 921
2 161 2
2 345 9
2 401 7
2 887 3
1 719 963
1 651 506
1 343 866
2 823 7
1 817 663
2 662 7
1 985 733
2 827 4
1 71 291
1 673 727
1 515 346
1 152 203
2 257 5
1 115 231
1 412 799
2 709 9
1 445 607
1 579 801
2 611 1
1 549 851
1 621 513
2 345 7
2 49 3
1 787 347
1 541 487
1 425 921
1 977 461
1 558 835
1 501 11
2 801 3
1 322 705
2 33 7
2 759 9
2 547 1
2 651 7
2 629 7
1 838 231
2 62 7
2 841 4
2 444 5
2 689 8
1 99 484
1 393 609
2 839 9
1 619 76
1 937 131
1 637 121
2 149 8
1 89 629
2 387 4
2 382 2
2 701 1
2 275 3
2 441 9
2 241 1
2 491 6
1 351 560
1 695 75
1 203 177
2 417 1
2 412 1
2 201 10
1 673 600
2 607 8
1 657 41
1 103 713
2 201 9
2 896 3
1 981 969
1 412 575
1 633 453
2 963 9
2 340 8
1 677 667
2 962 9
1 377 774
2 583 8
1 401 76
2 921 5
1 620 224
2 831 6
1 233 620
1 61 821
1 274 637
2 201 10
2 521 3
2 993 8
2 704 4
1 30 1
1 729 85
2 1 8
1 102 658
2 296 5
2 71 4
1 437 653
1 853 573
1 66 967
1 561 601
2 379 4
2 237 9
1 881 130
2 778 1
2 705 9
1 667 681
2 761 5
1 586 185
1 14 635
2 541 2
1 621 303
2 261 5
1 301 29
1 632 585
1 969 565
1 542 579
1 411 533
1 681 297
2 925 5
1 421 960
1 136 141
1 109 977
1 616 805
2 510 6
1 589 56
1 824 129
1 157 351
1 849 611
2 181 3
1 161 271
2 725 5
2 774 10
1 441 539
2 136 6
1 913 1
1 845 903
2 623 7
1 779 86
1 389 107
1 405 81
1 165 257
1 103 676
2 309 10
2 86 1
2 596 9
1 1 969
1 285 795
1 39 481
1 81 841
2 185 4
1 911 795
1 425 109
1 701 553
1 538 809
1 287 951
2 1 3
1 734 936
1 132 562
1 271 843
1 969 886
2 761 4
2 381 9
1 453 774
1 280 411
2 43 9
1 271 897
1 301 609
1 945 851
2 925 2
2 228 6
2 875 6
2 585 6
2 776 6
2 151 9
1 153 611
2 49 4
2 870 1
1 581 446
1 281 962
1 809 908
2 811 8
1 157 55
1 502 219
2 826 6
1 128 6
1 856 840
2 128 7
2 273 3
1 311 65
1 94 633
1 621 873
2 169 7
2 869 6
1 147 729
1 565 765
2 821 6
2 374 5
1 221 651
2 84 6
2 413 10
2 949 7
2 23 7
1 363 224
2 21 8
2 318 3
1 645 510
1 121 427
2 295 5
1 6 966
1 206 715
2 689 9
1 315 811
1 340 666
1 617 725
2 316 5
2 73 4
1 746 27
1 709 755
1 601 729
1 798 365
2 141 10
2 978 8
2 148 9
2 731 9
2 561 8
1 406 708
1 61 610
1 141 937
1 641 825
1 817 858
1 41 153
1 881 379
2 623 5
1 558 843
2 371 9
2 436 7
1 631 66
2 383 6
2 477 3
2 661 3
1 377 191
1 411 985
2 111 7
2 593 2
1 55 959
2 401 3
1 3 613
1 479 230
2 161 1
2 405 10
1 575 636
1 382 207
1 411 750
2 671 9
1 81 445
1 225 231
2 57 3
1 985 749
1 526 289
2 913 6
2 457 7
2 826 1
1 960 881
1 537 281
1 425 597
2 626 10
2 731 6
2 668 2
2 117 1
2 913 3
2 349 6
1 693 159
1 379 470
1 653 311
1 353 900
2 881 10
1 888 941
2 661 8
1 49 161
1 196 209
1 503 281
1 515 415
2 601 10
2 401 10
1 833 421
2 793 4
2 107 3
2 732 7
1 573 575
1 551 84
2 57 8
1 631 848
1 641 627
2 669 3
2 193 1
1 37 411
1 109 101
1 521 77
2 531 1
1 433 153
2 637 1
2 584 5
2 85 9
1 703 1
1 725 613
2 593 3
1 607 985
2 909 6
1 297 749
2 98 6
2 961 4
1 173 311
2 962 10
1 425 761
1 801 591
2 629 3
1 281 658
1 351 501
2 711 4
1 55 681
1 30 637
1 317 717
2 491 7
2 136 3
2 821 9
2 783 5
2 858 1
1 933 301
1 881 981
1 141 145
1 149 161
1 744 257
2 791 6
1 483 165
1 175 741
2 923 10
2 601 2
2 569 2
1 744 537
2 945 6
2 491 10
1 929 976
2 557 7
2 982 3
2 988 1
1 93 41
2 957 5
2 111 1
1 281 454
1 88 817
1 646 541
2 612 3
2 277 6
2 561 7
1 39 773
1 821 405
2 801 9
1 841 896
2 871 6
1 781 649
1 982 49
2 349 9
2 851 10
1 217 121
2 661 4
2 624 6
2 942 1
2 43 6
2 881 6
1 389 395
1 649 123
1 761 593
2 772 7
2 621 10
2 910 7
1 341 617
1 169 67
1 319 355
2 1 1
1 423 750
1 447 219
1 183 951
2 829 3
1 284 853
2 673 6
2 968 6
1 81 93
2 937 3
1 739 170
2 369 4
2 840 10
2 405 8
2 629 8
2 824 4
2 973 1
1 905 329
1 983 297
2 71 9
1 355 66
1 910 399
2 73 4
2 233 3
1 73 549
2 101 6
1 776 449
2 225 7
1 451 835
2 675 7
1 846 751
2 288 6
2 746 2
2 997 4
1 173 574
1 613 32
2 504 4
2 689 8
1 330 551
1 733 633
1 651 673
2 5 1
1 786 289
1 829 155
2 752 7
1 82 709
1 275 926
2 44 1
1 611 539
2 380 5
2 177 1
2 225 1
2 867 8
2 447 2
1 441 801
2 953 5
1 821 114
2 47 5
1 941 512
2 321 5
1 713 901
2 146 3
2 88 6
1 701 781
2 49 2
2 71 8
1 721 955
1 789 641
2 814 6
1 407 549
1 409 165
1 549 657
1 816 386
2 58 8
1 66 745
2 461 7
2 151 9
2 897 9
2 929 4
2 801 8
2 1 1
2 260 10
1 313 145
2 363 7
1 890 201
1 848 146
2 532 6
1 237 621
1 441 101
2 601 8
2 793 1
1 173 491
2 126 5
1 535 271
1 847 979
2 169 3
1 617 441
2 73 3
2 21 7
2 201 10
2 461 2
1 777 177
1 786 769
2 785 4
2 591 10
2 963 6
1 851 921
1 379 451
2 969 4
2 421 6
2 809 2
1 169 386
1 925 705
1 631 121
1 845 509
2 687 9
2 477 9
1 686 886
1 256 910
2 9 6
2 571 4
2 697 4
2 133 1
2 41 2
2 97 4
2 859 4
1 471 101
1 442 109
1 552 588
1 629 704
1 121 969
2 437 10
1 197 151
2 526 2
2 354 1
2 430 9
1 993 33
1 681 225
1 819 342
1 449 501
2 887 4
1 937 796
1 381 542
2 649 10
1 956 461
1 837 602
1 130 729
2 161 9
2 61 7
2 251 5
2 99 1
2 773 2
1 751 50
1 965 841
1 561 153
2 965 7
1 726 64
2 145 4
2 291 7
2 36 7
1 505 73
1 56 364
2 689 4
2 317 6
1 427 727
1 425 20
1 399 11
2 358 6
1 261 501
1 391 139
1 376 281
1 645 51
2 905 9
1 49 655
2 596 7
2 823 8
1 269 177
2 838 5
1 217 824
2 997 1
1 526 455
1 71 380
2 877 2
1 438 5
1 265 951
1 59 683
2 5 3
2 117 6
2 377 6
1 993 9
2 951 5
1 480 95
1 733 417
2 193 2
2 37 5
1 65 133
1 666 570
2 769 8
1 250 415
2 333 7
2 753 2
1 169 541
2 817 3
1 836 257
1 377 610
1 541 220
1 191 710
1 217 227
1 793 11
2 181 6
1 641 492
1 215 341
2 631 3
2 708 7
2 999 1
1 473 961
1 786 941
2 61 6
1 881 466
1 377 342
1 636 153
2 815 1
2 694 7
2 921 5
1 51 285
2 714 10
2 587 5
1 831 269
1 416 101
2 874 7
2 17 1
1 1 969
1 498 814
2 433 7
1 403 521
1 889 185
2 236 8
1 431 125
1 406 352
1 970 357
1 625 30
2 57 10
1 962 1
1 911 804
1 351 296
1 17 185
1 171 961
2 547 3
1 865 799
2 204 2
1 733 452
1 953 108
1 731 489
1 336 621
2 681 8
2 951 2
1 121 41
1 291 927
1 515 781
2 233 10
1 976 861
2 1 7
1 413 39
1 162 741
2 833 8
1 691 457
2 325 4
2 239 7
1 155 547
2 737 10
1 321 686
2 767 5
2 257 1
1 44 38
1 201 284
1 170 939
1 461 281
2 716 4
2 871 8
1 432 302
2 364 5
2 620 5
2 769 5
2 467 3
1 745 941
1 251 573
2 837 8
1 238 884
2 226 10
1 765 89
1 507 881
1 205 739
2 273 5
2 301 8
2 619 4
1 262 151
1 571 313
2 135 9
1 797 789
1 565 309
1 129 931
1 586 513
2 161 8
1 86 379
1 611 106
2 344 10
1 571 882
1 96 258
2 325 6
2 306 9
2 785 8
1 33 921
2 997 6
1 806 841
2 66 2
1 95 102
1 501 305
1 306 881
2 905 2
2 251 2
2 626 10
1 66 192
2 125 10
1 861 809
1 381 785
1 251 657
1 441 279
1 661 101
1 817 826
1 913 977
1 997 81
1 731 707
2 377 3
2 186 7
2 952 4
2 432 8
2 141 7
2 1 6
2 663 5
2 693 10
1 873 363
1 531 885
2 537 1
2 921 3
2 863 3
2 590 8
1 55 345
1 156 177
2 753 6
2 599 2
2 31 9
2 948 7
2 445 9
1 510 509
2 493 2
1 583 745
1 5 682
1 985 186
1 471 941
2 547 4
2 826 6
1 581 41
1 411 401
1 481 113
1 531 741
2 97 1
1 481 657
1 101 293
2 301 2
1 209 469
2 185 10
2 791 4
1 483 982
2 455 9
1 461 461
2 21 8
1 693 49
2 589 9
1 31 195
1 728 625
2 835 5
1 706 722
1 559 848
2 370 5
2 546 1
1 265 685
2 121 9
2 809 1
2 561 4
2 656 2
1 841 589
2 34 1
1 101 744
2 353 3
2 489 7
2 476 2
2 741 10
1 319 481
2 315 6
2 675 10
1 874 119
2 753 1
2 353 7
2 501 2
1 923 602
2 889 2
2 699 3
2 550 5
2 751 10
1 739 381
1 501 379
2 851 3
2 711 1
1 642 53
2 456 7
2 345 1
2 938 6
1 929 157
2 975 2
1 531 501
2 682 1
1 3 911
2 96 2
2 747 9
1 711 233
1 321 32
2 163 7
1 181 201
1 859 770
1 266 139
2 471 4
2 651 6
2 140 6
1 329 231
1 721 638
2 753 10
1 37 953
1 951 201
2 13 3
1 801 11
1 407 897
1 843 769
2 883 9
2 867 8
2 972 9
1 311 343
1 959 785
1 192 9
2 957 3
1 726 263
2 961 3
2 964 4
1 251 171
2 673 9
1 825 347
2 740 9
1 961 757
1 125 623
2 381 8
2 266 7
2 727 6
1 481 547
1 837 475
1 674 465
1 265 772
1 245 425
1 961 269
1 975 580
1 665 165
1 953 145
2 523 7
2 781 8
2 764 9
1 245 523
1 554 327
2 727 2
2 551 9
2 51 7
1 246 845
1 561 108
1 989 136
2 187 6
1 679 479
2 445 5
2 681 8
2 990 7
2 381 9
2 740 9
1 601 691
1 923 893
1 151 925
1 825 213
2 73 7
1 593 21
1 45 201
1 625 684
2 181 3
2 142 4
2 873 4
2 941 10
2 261 4
2 241 8
1 276 651
1 1 751
2 607 9
1 627 129
2 698 4
2 453 4
2 181 2
1 609 281
2 729 7
1 679 150
1 465 67
2 410 10
1 820 57
2 783 9
1 680 336
1 35 991
2 107 10
2 841 7
2 935 10
2 525 5
1 281 777
2 671 5
2 81 7
1 52 533
1 853 786
1 327 685
2 797 4
2 665 10
2 631 5
1 17 651
1 39 366
2 709 3
1 201 609
2 171 10
2 455 2
1 567 88
2 401 6
1 401 401
1 116 477
1 848 299
1 353 991
2 229 8
2 873 7
1 625 140
2 433 10
2 881 10
1 238 317
1 25 854
1 675 961
2 151 9
2 249 9
2 767 10
1 890 196
1 307 445
2 783 5
2 793 4
1 371 61
2 537 6
2 745 9
2 551 7
2 623 5
1 206 953
2 49 10
2 69 4
1 762 176
2 335 2
2 286 7
1 13 219
2 161 5
2 489 5
1 111 841
2 341 5
2 251 7
1 593 541
1 5 971
1 161 27
1 241 343
1 930 937
2 653 3
1 566 97
2 745 10
