16
4 4
1 4 88
2 3 -1
3 2 -1
3 4 1
4 4
1 2 0
1 4 0
2 3 -1
3 2 -1
4 3
1 4 0
2 3 -1
3 2 -1
46 552
11 40 246
28 43 562
3 12 -706
5 1 -644
2 39 261
26 3 782
32 37 82
37 44 395
9 44 247
30 39 149
20 45 949
35 45 -684
43 14 872
2 4 -825
1 33 551
12 30 837
3 29 294
22 8 492
3 40 880
5 30 -368
31 43 188
8 13 -129
2 32 -898
17 39 -624
28 10 132
34 22 913
30 40 -727
11 9 -394
13 18 476
19 35 335
29 25 230
4 15 -63
2 44 651
3 32 -182
34 38 21
28 27 18
15 35 -989
27 14 -8
7 26 110
14 42 -932
8 35 348
21 5 -176
33 29 -443
1 21 -378
4 38 -618
23 44 662
34 33 -739
19 26 -101
21 14 -457
21 15 -192
41 34 -25
41 8 22
13 27 -772
43 18 609
4 12 845
26 37 948
29 36 799
16 43 51
3 43 248
20 40 -136
16 25 -400
32 1 -405
44 34 -151
29 40 36
21 18 -37
4 17 -392
43 13 -75
44 22 940
42 18 -490
35 2 70
38 1 -563
19 14 45
22 4 -230
12 1 -403
32 15 -56
13 41 -710
11 44 857
33 8 896
3 2 -372
13 33 277
10 20 862
35 31 -833
10 17 896
39 23 -592
8 19 736
1 8 -259
36 7 -987
34 35 188
9 14 -710
11 39 -577
21 17 -203
24 32 -931
42 16 -909
32 43 489
11 20 365
14 15 803
31 44 -513
27 3 -259
16 6 -594
20 36 -410
14 6 44
1 1 72
31 39 -648
6 19 76
3 21 -105
40 13 956
28 14 314
36 36 283
18 4 -84
31 32 47
33 31 47
17 19 -491
15 22 288
35 32 -985
34 41 -28
7 10 -165
32 24 91
12 44 -726
26 18 -772
9 24 -991
32 32 783
4 10 -888
21 26 -241
17 11 -641
34 31 -383
16 33 421
11 24 -888
14 23 -490
7 41 -289
3 41 96
41 36 -847
36 9 365
2 15 -117
16 30 232
9 40 767
39 8 895
13 2 878
18 27 374
39 30 94
17 2 882
16 3 179
2 25 -344
5 16 -614
33 22 -29
35 8 -503
17 41 -368
29 27 -784
15 45 838
44 11 942
37 32 -931
2 38 -34
38 42 -714
6 29 -427
34 25 849
14 22 788
5 45 -943
36 16 -419
14 1 285
30 45 -983
29 2 -188
34 17 -667
7 17 -537
24 31 476
43 8 -809
38 32 195
7 9 -408
24 35 -805
41 16 857
22 29 143
37 17 -14
38 15 -569
45 15 951
36 45 -590
17 33 9
44 30 -304
20 35 -895
41 17 -727
20 4 -629
6 10 -803
30 31 -642
15 24 34
45 9 -719
25 30 -888
29 30 681
5 3 485
27 33 -975
6 11 -824
38 17 731
45 34 -905
14 44 66
17 22 -333
18 13 852
19 20 405
24 27 559
23 25 -970
26 24 -307
45 26 378
6 26 -549
22 2 818
43 20 -179
43 15 -755
17 40 896
28 6 676
15 36 -720
20 29 710
14 28 -6
35 36 472
14 2 866
4 25 575
31 4 -676
45 6 388
28 22 298
8 11 881
10 3 -509
25 32 -293
26 26 -612
14 40 -551
20 38 672
23 21 151
37 35 123
6 32 -595
14 39 -832
39 40 241
3 30 -834
40 25 -863
10 42 705
41 22 -908
27 16 177
1 28 116
11 30 600
23 24 680
24 26 -349
26 20 114
28 7 802
6 37 -609
44 6 628
25 37 11
30 8 248
25 27 -481
39 12 344
44 42 862
8 15 571
13 35 -71
40 24 -746
20 25 -747
34 6 857
21 3 373
41 14 -609
3 24 -138
18 28 771
23 30 237
44 5 -480
26 19 196
9 28 914
9 9 761
22 34 119
44 27 365
25 11 -114
27 17 995
8 25 411
9 18 132
8 22 408
38 25 496
44 44 -475
4 1 -987
19 44 986
30 25 993
2 28 -756
20 13 22
43 41 -835
9 11 -836
32 20 -417
29 3 781
36 21 -77
28 36 -943
39 5 -451
23 40 -287
33 6 -813
23 12 -589
9 7 787
15 34 330
39 38 109
16 13 -992
42 12 -781
9 25 550
33 1 604
3 20 706
40 39 448
25 10 -82
16 21 -849
37 10 714
35 40 -357
38 10 -956
33 34 -678
5 24 238
35 44 163
12 24 68
34 34 592
34 23 -752
19 29 -351
45 42 159
3 18 270
9 20 -894
16 14 30
19 30 260
15 13 -314
43 35 249
26 16 -725
14 3 -124
25 16 733
18 7 977
33 15 998
29 13 408
21 43 491
12 18 -619
4 31 -244
41 43 302
45 36 -983
8 12 383
23 34 -810
13 44 138
14 34 857
1 16 -898
19 34 -880
34 19 132
6 8 -566
4 14 -680
39 28 -821
39 42 635
16 11 378
23 33 80
7 20 492
37 6 -711
16 31 -391
19 32 654
21 4 441
4 40 382
10 21 -397
40 33 -656
6 7 -576
5 38 666
36 37 309
14 33 -334
6 20 -318
41 30 286
11 6 -527
9 38 -88
40 42 -60
23 23 -989
6 45 35
17 15 -712
4 5 818
7 29 542
20 39 -593
3 14 664
22 28 21
19 8 -414
17 34 727
20 43 -525
39 6 177
22 5 4
15 26 -818
42 8 780
24 30 -369
18 35 -92
19 45 -474
25 18 207
20 1 -527
21 42 973
41 13 372
5 36 -400
36 29 330
25 33 -279
30 32 -157
24 33 709
37 2 141
40 16 -606
23 2 -85
2 37 57
20 21 -271
42 14 278
45 5 698
40 32 921
43 39 -561
39 43 -540
38 33 -151
22 39 853
30 29 363
2 5 -466
35 41 631
25 26 -625
40 30 -471
6 33 -397
22 38 -638
7 3 427
42 25 -503
4 24 -336
33 26 -138
45 10 595
12 15 208
35 15 465
13 24 795
37 11 898
41 41 741
35 12 419
30 43 -889
28 23 -156
31 17 28
22 23 -124
11 38 657
18 41 719
14 26 15
42 2 -600
36 23 -111
39 10 -852
26 15 -154
42 15 246
45 25 -41
36 14 -102
15 20 95
5 37 -85
24 11 373
26 14 952
7 22 817
11 36 567
30 41 19
8 26 -692
40 12 -359
38 19 292
43 4 416
38 41 -202
29 38 716
25 44 -160
31 11 850
44 35 460
9 37 -78
29 28 -568
41 5 293
42 24 713
23 10 -679
21 1 742
36 33 -275
34 2 90
21 38 916
20 22 55
44 33 544
20 17 -869
29 37 372
42 34 -273
39 14 -73
32 16 908
43 29 -95
44 20 -811
38 18 -509
10 12 -743
15 44 206
16 24 -463
15 7 -658
15 27 862
37 30 506
18 32 -108
36 38 -25
33 3 974
18 9 -697
9 1 869
2 43 905
26 39 -783
20 24 -248
17 1 -986
20 16 624
24 4 -657
35 42 -482
2 27 377
27 27 836
18 18 -456
30 22 -67
35 6 -606
6 18 184
14 38 -418
29 15 747
3 25 -505
3 35 -268
45 35 -690
44 43 -568
7 13 -316
26 31 870
43 26 -160
43 16 -147
34 14 -230
8 36 11
7 43 -952
41 40 180
1 39 879
19 1 819
1 17 -920
2 20 435
14 7 -354
25 22 -871
44 17 -58
14 4 -821
24 36 308
31 20 750
11 2 51
42 27 3
20 37 320
42 13 211
29 20 -952
33 16 231
23 42 673
14 8 884
10 11 -880
35 20 -654
31 30 497
13 25 -695
4 21 359
10 7 203
24 1 -98
30 44 -109
11 33 2
6 36 415
23 36 9
5 14 701
7 24 -816
37 18 -988
39 35 -30
13 26 202
8 23 676
38 13 -725
12 14 953
12 4 -323
33 43 -708
1 36 -662
26 42 670
38 45 -709
40 4 115
22 14 757
44 3 -63
14 13 171
24 14 789
4 4 998
45 17 383
15 21 -116
45 40 -781
28 12 -193
39 15 -451
39 29 -278
22 31 706
34 12 679
25 25 -520
31 26 460
18 22 963
22 13 378

52 624
20 12 -612
40 29 -489
48 37 -418
32 49 -6
34 41 967
10 36 -637
46 5 298
38 14 -966
39 4 475
46 43 -767
19 5 -750
11 16 -937
37 26 -967
15 9 -81
3 41 414
4 51 186
35 49 -396
31 41 -991
14 48 657
12 36 915
50 22 68
29 26 -338
43 42 186
37 1 10
19 34 520
47 47 10
47 49 -608
23 29 -405
48 49 -367
29 13 -154
29 27 807
18 30 173
25 32 592
33 8 -247
29 11 313
46 19 151
35 23 430
14 50 97
48 30 474
50 27 -424
30 44 -345
15 19 -251
34 43 149
34 51 -880
10 24 984
14 35 -895
8 27 -296
29 25 -477
21 15 -754
35 21 -102
30 42 -450
43 11 431
19 41 928
51 19 -163
38 35 96
13 49 683
44 33 -336
35 3 -872
14 40 -631
33 22 359
48 27 -372
22 33 -444
38 48 529
38 38 -61
32 25 -524
18 7 671
5 38 390
20 32 -143
46 34 -5
10 30 900
39 27 878
9 37 -183
5 4 -704
42 50 278
50 21 245
50 49 969
38 18 -446
4 38 162
23 15 314
44 47 -924
45 31 721
6 10 -393
41 6 -710
39 30 56
26 4 595
25 28 105
46 51 -433
7 16 555
31 28 -56
19 22 -567
48 15 292
50 19 -555
21 18 239
4 21 -799
15 28 -496
38 39 -760
38 41 802
4 8 778
1 50 -382
20 39 843
6 9 537
12 13 -816
46 1 -446
35 25 208
6 1 -88
4 34 -156
39 17 627
12 12 306
35 30 -103
18 28 209
49 4 193
47 35 27
10 20 424
36 29 -829
47 41 913
28 42 -295
28 33 -587
7 36 791
9 9 77
31 7 -174
47 25 584
27 7 -428
20 11 -760
27 19 170
10 35 384
33 42 -38
48 32 879
40 47 -387
33 3 -303
16 51 873
14 49 781
3 17 -410
45 11 -609
11 47 -794
15 29 121
15 26 -900
35 1 998
51 48 -80
4 3 -917
41 4 879
3 38 -316
8 26 -686
5 43 -919
2 42 -664
23 5 195
14 37 -485
26 18 -663
14 18 977
3 15 260
49 29 879
16 27 505
34 9 987
18 38 -869
25 2 -540
8 28 494
33 20 -2
44 13 518
45 9 805
30 43 94
35 40 615
5 35 431
12 27 -807
44 20 721
32 15 -140
41 19 78
32 29 -391
29 14 243
36 10 155
22 30 626
24 19 756
40 13 -773
6 39 125
5 37 -79
1 45 -228
1 37 -223
9 15 -22
13 45 7
6 17 -172
37 10 44
51 50 -974
11 12 -255
51 40 -13
27 41 1000
34 26 564
37 24 768
44 8 -902
33 41 -171
44 34 166
11 23 773
23 12 946
43 18 432
33 40 435
38 45 739
24 9 -448
12 46 -799
16 25 864
46 4 -754
29 6 845
42 40 -602
34 38 -959
43 7 -456
35 50 444
38 24 163
15 43 -331
42 35 -426
9 43 -465
11 24 756
1 12 282
3 30 -913
50 15 -814
40 48 316
46 36 778
43 38 -502
16 50 -438
23 41 289
5 29 -530
12 28 -391
1 47 -243
4 4 -89
1 14 981
7 32 924
32 39 -727
6 22 506
11 27 895
26 43 -133
19 32 717
48 46 -311
49 7 -538
27 14 -691
17 41 -29
16 17 -245
37 8 124
9 48 -687
8 39 327
33 23 567
26 44 -704
42 48 297
7 26 968
41 40 -68
39 26 -655
17 51 91
5 41 -184
32 38 173
33 13 -752
9 22 728
6 33 -727
2 29 -422
1 25 246
9 25 -981
3 50 -785
6 23 -180
30 36 -792
6 28 -377
48 51 999
51 23 324
34 47 -28
21 21 -195
3 18 4
11 17 -126
27 42 -7
31 42 775
7 43 302
4 7 -352
18 48 -397
43 2 -653
11 38 -267
14 27 -33
49 47 650
18 47 852
51 34 422
12 22 429
41 1 -335
39 42 -526
24 46 890
46 49 343
27 2 -440
17 15 265
2 31 -87
11 35 188
47 5 -701
43 19 -846
4 45 -191
21 33 244
38 42 -406
7 40 131
22 47 -205
39 24 -645
37 44 -516
49 1 742
36 34 940
48 36 -214
22 43 767
23 37 -444
45 43 -288
20 33 719
2 25 -305
39 19 696
27 39 -755
51 47 -866
10 27 -765
2 24 147
2 18 -750
31 16 -517
3 4 621
1 9 28
51 38 -642
9 8 -324
34 44 144
21 47 -808
39 38 -1
28 34 226
28 8 714
10 3 -809
16 37 -101
3 39 861
29 24 113
29 17 -149
12 3 847
26 42 563
14 41 -334
31 19 475
13 47 -367
49 31 82
23 28 173
11 34 571
26 6 -67
8 3 -387
44 49 -957
31 49 685
1 39 -583
34 16 -663
6 13 670
26 32 344
14 5 -339
18 41 -285
9 29 243
30 37 -719
18 21 191
7 7 874
35 34 -540
15 51 -269
5 33 -175
15 48 -641
2 12 -120
30 2 -319
21 22 -397
15 38 -62
18 18 570
38 25 -942
12 16 -240
10 44 -913
41 10 675
35 39 823
30 28 465
45 8 332
11 4 -464
26 13 -430
15 22 207
25 22 677
25 36 -393
51 45 504
39 9 97
50 1 -819
1 2 285
40 12 779
23 20 798
32 37 -987
49 32 451
32 47 -204
46 40 163
10 14 157
35 28 -550
25 38 -454
9 18 92
32 44 173
32 3 -36
8 31 241
44 12 -163
51 25 -225
30 15 153
51 5 764
27 30 414
28 13 -459
19 49 -881
24 43 -801
49 33 -268
4 1 968
40 1 302
12 29 -359
25 10 -703
24 23 -443
50 29 -371
22 11 -714
33 33 -390
9 40 969
16 24 212
3 42 -400
30 17 44
21 45 -387
24 39 -294
27 31 404
44 2 420
29 41 -795
31 35 722
8 18 -94
26 33 -877
28 38 -697
47 24 -898
8 12 829
44 30 -492
4 6 573
20 15 900
6 25 532
48 43 971
39 51 812
11 26 180
49 43 734
30 25 -66
5 26 -67
45 1 -584
27 10 -612
42 36 -376
8 29 419
38 12 -956
5 13 -521
5 24 -447
43 27 962
23 25 -748
20 40 -520
11 50 -15
32 43 840
13 39 425
48 29 90
22 2 -207
3 22 659
8 21 -70
13 31 -895
26 15 834
26 12 -520
9 26 -831
43 36 520
7 30 531
21 14 739
26 29 -291
39 12 -759
35 12 818
42 1 284
33 38 -729
29 19 -361
14 51 956
30 38 -99
15 14 -645
43 43 -243
14 13 512
28 30 328
16 28 -143
12 20 -346
18 26 -694
15 20 445
8 32 420
33 11 201
51 21 -860
27 45 -149
10 48 -164
40 37 -774
28 19 672
36 43 473
46 15 186
41 47 -593
7 39 -172
24 51 -196
37 3 787
13 20 274
12 21 579
35 8 -974
34 33 -339
19 26 -752
6 31 840
3 6 -45
40 19 -556
45 19 808
51 35 -370
7 31 -638
24 24 -628
50 8 -259
6 2 -917
26 14 -521
6 30 541
42 26 -351
18 22 -939
6 48 -825
50 34 736
18 40 369
35 33 -633
26 39 -963
12 39 -373
23 17 741
42 30 776
2 26 13
15 27 -483
6 43 -945
50 3 -300
24 34 -74
24 21 599
24 2 -334
5 3 -737
28 26 166
23 33 834
27 34 846
28 25 694
41 36 228
37 5 -763
22 31 -623
20 34 17
15 1 -855
17 45 664
46 28 445
33 50 888
17 22 415
44 10 443
12 4 -363
40 35 -354
44 41 -101
39 5 827
42 32 793
16 10 -529
29 16 -286
46 21 808
7 14 656
2 10 677
15 6 227
1 22 -108
23 3 -672
16 9 -612
30 4 715
47 38 -905
37 40 -665
45 14 136
10 26 -218
30 50 441
46 37 192
1 29 -65
22 34 -810
21 29 -737
18 34 933
29 51 -411
41 14 -557
6 8 -259
24 37 377
31 9 627
51 30 -922
31 18 55
26 11 330
17 48 378
20 22 -587
25 16 -155
38 37 426
21 44 968
47 45 -799
48 23 -348
19 25 -280
25 5 -745
43 3 99
47 30 -720
34 45 884
38 49 501
4 29 926
23 27 342
21 41 -353
42 39 -465
6 4 938
19 8 841
22 27 -980
8 36 -948
46 10 584
26 7 -986
21 9 57
51 46 -577
1 17 -691
13 17 169
45 4 -26
33 14 64
48 16 906
11 46 83
31 45 433
9 35 704
20 26 -388
13 40 71
30 3 792
5 19 150
13 13 -953
32 30 468
5 30 515
30 46 -567
33 7 -413
33 43 416
51 1 -77
20 50 726
49 42 -952
26 27 721
8 41 944
6 32 461
37 28 -978
16 40 -621
2 5 333
44 6 -836
8 6 -164
49 49 687
8 49 -637
40 14 517
3 49 790
19 42 -380
4 15 639
1 21 879
4 25 931
15 23 603
37 19 326
22 21 459
4 10 248
28 23 454
13 32 -427
50 16 -903
25 41 300
6 36 153

47 470
11 2 -922
2 7 -618
27 15 136
2 10 691
20 14 -408
40 35 976
40 17 492
14 47 553
41 34 888
8 4 -457
12 20 -969
16 29 -938
13 10 466
39 14 -938
36 1 135
13 34 429
38 44 -2
25 21 -951
34 27 -337
45 46 456
16 36 759
35 38 -642
10 15 -714
32 40 -996
2 43 -18
28 37 564
31 39 707
17 35 -728
20 33 -162
25 10 -182
43 43 638
24 15 889
17 24 734
45 47 776
24 36 -523
22 35 496
41 19 89
30 1 -490
1 7 357
25 41 -211
22 2 864
23 12 919
3 15 -823
25 14 336
2 22 13
32 9 -757
21 16 925
24 8 -332
16 26 -158
3 13 202
36 35 367
42 17 -190
35 2 929
31 37 -72
16 41 -63
36 3 678
4 34 -596
34 36 772
21 22 -695
9 6 -575
32 24 207
28 45 -100
26 12 -888
2 13 741
29 14 792
17 22 -544
12 24 710
40 25 760
35 37 -785
29 33 352
47 44 127
4 11 384
32 20 -955
3 28 947
21 46 237
11 13 187
21 33 75
47 4 -974
38 9 974
45 33 321
40 36 474
35 7 618
26 25 -828
44 44 42
34 19 -173
25 31 -516
20 20 945
9 40 -21
12 31 -567
45 7 105
36 27 605
43 35 569
7 1 -466
5 23 -270
32 3 633
14 17 -110
28 41 319
37 47 308
19 7 1
16 24 -406
41 7 396
39 9 995
45 26 942
34 20 -922
7 38 218
32 38 761
22 34 381
18 26 -345
42 42 -921
5 45 -65
9 23 273
28 7 -757
18 35 -71
37 26 482
17 45 624
34 25 -688
22 33 309
22 31 421
46 10 110
10 17 -767
10 1 905
18 9 -787
3 2 819
1 46 -558
17 10 999
41 6 -977
35 24 733
46 28 -851
10 11 -821
29 30 662
11 1 -330
1 3 -538
25 34 -559
8 25 -656
22 4 125
3 41 309
29 15 647
28 12 486
42 31 -566
17 17 -447
24 14 917
32 36 -92
38 15 -641
30 34 -828
21 10 340
27 4 671
37 20 197
18 21 139
20 38 -435
24 47 41
15 39 -711
24 4 -179
37 1 133
26 20 344
28 17 -803
5 5 -158
44 30 614
24 40 -146
42 41 -291
20 24 -603
10 31 -203
33 24 -884
3 20 -813
35 47 167
15 26 -892
28 38 688
27 42 -538
13 35 -936
34 5 500
35 1 -715
7 10 -731
13 2 510
40 29 255
45 28 -892
21 23 27
31 14 -735
18 28 -62
18 24 -852
32 29 986
19 6 7
7 39 869
11 29 457
46 5 178
7 40 61
41 3 -471
29 29 -800
6 41 -647
5 22 -191
19 15 -47
10 23 -553
14 28 -289
13 39 923
26 28 -943
44 33 897
20 42 -684
10 3 698
9 45 -744
22 20 556
25 16 -281
38 35 -587
46 37 -678
37 27 -301
15 9 50
15 28 -372
35 27 -553
9 33 -183
23 19 985
9 42 158
16 35 808
47 27 -603
47 8 -996
31 21 715
25 22 97
47 40 962
42 33 432
39 44 234
21 32 -403
35 25 351
31 45 310
45 37 109
31 13 208
1 45 90
38 4 937
1 13 -672
37 24 -791
1 43 -424
23 7 -678
8 1 -722
19 22 322
10 40 -382
25 39 -333
26 1 -251
46 2 627
12 16 -261
43 12 798
22 27 -56
2 45 441
28 44 -100
5 2 -620
26 18 881
7 2 66
18 37 484
39 42 655
1 5 -43
20 5 -381
37 2 816
26 9 327
17 42 501
45 12 -37
28 5 -253
15 29 -912
17 36 692
39 26 828
24 28 -510
33 25 -803
36 38 -479
8 43 -114
41 16 -533
35 13 741
37 28 30
36 43 811
5 3 -897
14 8 358
13 11 -519
18 14 -23
8 47 -49
19 12 318
39 6 -422
39 21 709
34 15 -283
14 41 340
8 45 -204
45 17 -559
35 15 693
15 33 883
8 36 -190
20 31 347
46 38 619
18 27 137
22 30 -873
11 36 429
42 1 -63
2 24 314
22 15 -838
15 34 893
41 30 -556
16 39 -196
47 18 -603
39 4 -502
7 26 721
14 10 942
23 1 847
22 28 -850
24 35 223
31 43 324
31 19 674
25 40 -616
32 16 -344
33 20 -102
9 15 -887
8 30 -787
27 37 -313
41 28 -550
39 38 -800
46 8 635
34 39 -462
4 46 945
42 4 -774
35 39 215
10 4 63
46 17 -449
13 45 -453
3 37 933
33 6 -383
3 40 -486
5 25 -458
40 22 -212
7 14 -943
32 23 -365
40 2 -46
31 34 941
2 39 -167
37 29 422
17 2 247
4 6 -287
33 41 -356
23 25 418
12 11 556
32 28 -942
30 37 20
34 45 403
21 2 -35
44 9 47
5 46 -509
25 6 187
31 1 -821
24 30 412
1 19 79
36 45 -571
43 30 198
20 7 -999
16 7 131
14 23 -481
36 47 -91
17 43 539
8 26 559
46 40 429
3 34 -778
36 22 -605
31 29 569
47 46 271
23 3 954
29 13 -398
44 13 675
47 7 -373
1 9 -754
25 11 533
19 44 294
13 3 319
15 16 -545
15 5 590
40 32 735
26 14 672
16 20 -62
41 42 -19
17 3 -179
25 2 -980
32 11 -897
16 30 -824
37 44 857
5 36 388
6 46 607
3 42 -918
1 39 900
38 1 633
22 36 307
34 17 -579
44 14 -67
6 27 -580
7 32 -876
22 38 -432
41 22 -248
41 2 514
43 15 874
39 16 704
32 31 977
37 7 352
3 39 927
29 44 -253
24 10 -820
43 14 71
17 14 -72
10 33 94
13 44 -959
45 18 -943
29 37 291
44 7 887
29 27 -272
22 16 530
22 10 401
26 30 559
23 27 374
4 35 964
22 26 646
12 39 -100
41 39 -412
31 9 112
19 36 241
35 44 901
17 41 -81
36 20 500
2 18 -339
24 12 -688
5 11 -336
25 13 -973
42 32 -663
27 47 -583
9 18 291
11 34 232
25 36 770
12 3 647
18 2 -474
14 36 55
17 25 997
25 4 900
11 11 -926
30 45 -255
16 37 -286
11 12 -617
17 38 121
2 15 546
5 14 384
30 15 -552
44 24 281
14 9 -592
44 6 -288
41 29 565
37 3 943
33 16 -734
30 3 9
46 36 291
28 27 -972
34 16 16
46 3 -72
26 40 26
13 9 348
22 5 68
36 28 992
24 22 -749
25 5 -226
35 35 903
28 2 73
33 33 -402
3 24 -57
39 40 -768
37 6 -878
22 17 68
42 34 351
36 34 769
31 26 910
17 21 49
37 22 116
3 4 -412
43 42 428
42 3 859
23 23 -677
5 29 182
29 34 -601
12 23 930
38 26 -820

53 530
51 50 531
40 37 -216
42 28 -597
28 44 804
30 24 403
12 31 -5
21 47 6
41 10 380
37 17 350
52 12 -376
52 29 -32
38 43 880
50 20 -463
37 43 -74
36 43 -355
39 21 133
31 41 780
41 22 -4
50 51 141
3 46 -927
43 46 -314
20 2 991
48 14 -460
26 11 -879
20 30 -95
10 34 -171
29 31 741
7 44 411
28 22 -804
51 18 -486
50 6 -919
51 9 613
15 13 -517
29 40 694
45 29 570
31 33 -450
41 15 297
46 31 -607
26 31 65
30 25 -211
19 36 65
48 23 -870
40 29 -914
12 23 -836
21 25 328
35 48 526
17 3 326
9 42 739
43 41 -11
22 16 -477
31 9 -718
23 7 549
21 51 15
7 47 430
44 16 -896
29 36 -51
28 4 -647
3 30 -444
16 25 684
39 18 135
30 31 -940
22 5 -155
2 22 -838
48 48 530
24 5 -278
3 29 912
4 17 512
40 44 -444
4 9 356
8 11 958
10 22 189
46 41 -543
8 2 -501
33 30 -230
8 45 917
17 51 784
51 3 -307
10 1 416
50 43 -505
25 33 -420
16 13 708
37 45 -856
37 4 258
1 41 940
52 22 -295
36 15 405
39 48 -957
23 48 -628
8 21 -274
35 4 982
44 44 610
27 13 905
2 30 491
18 23 217
11 46 -823
48 2 589
43 43 103
9 16 140
6 32 -24
17 6 606
49 30 385
22 42 508
17 42 90
16 23 -950
34 10 -344
32 6 650
32 20 817
40 26 -187
25 35 -786
2 51 -197
18 25 433
22 35 -957
50 50 -739
13 11 795
9 50 -492
22 43 -25
36 17 -401
15 50 -656
3 1 -168
52 23 319
5 4 -661
7 21 -637
2 44 -914
23 39 -172
15 32 732
5 8 -978
22 34 -912
19 21 803
39 33 -128
2 52 983
51 46 427
41 48 634
16 45 -756
5 51 -999
34 15 -950
21 15 -177
52 40 -547
5 42 517
39 26 15
51 35 10
1 17 55
47 14 422
45 49 -664
16 51 -721
1 3 935
36 3 303
25 52 812
18 20 -476
25 47 -703
25 17 613
17 30 967
27 50 -396
11 41 -352
43 51 -668
18 50 705
42 52 214
27 17 -867
9 51 204
14 35 -299
5 22 -226
18 52 509
17 7 371
32 32 611
41 20 25
52 13 -763
50 28 -678
44 23 -964
27 6 -289
25 41 825
28 36 552
47 21 -15
15 42 -120
16 44 -901
46 24 154
13 30 -668
47 12 705
38 47 -977
16 8 -196
48 45 -312
51 13 -474
27 33 116
39 13 -991
33 2 663
43 50 872
20 41 -876
49 45 256
34 4 237
15 38 302
52 3 -284
48 13 -670
18 36 183
18 18 873
49 38 -207
46 17 -292
29 35 539
22 14 -464
43 23 364
2 35 -751
37 14 333
35 20 -285
16 7 -539
12 43 493
27 47 118
15 17 354
1 16 -157
38 49 760
41 18 397
23 27 -677
12 3 824
4 38 -115
33 38 90
38 38 599
28 34 804
21 30 -18
8 17 -231
45 16 -537
36 37 272
23 20 -460
48 1 168
48 26 373
11 18 -432
52 5 932
36 11 -82
25 5 118
51 22 -902
39 47 867
4 7 -705
10 37 -367
21 24 366
39 45 147
7 32 746
29 27 123
3 27 967
27 46 128
50 4 -893
8 44 -469
7 18 857
40 4 -610
11 35 189
42 45 -764
12 20 458
7 6 -613
29 17 922
3 11 899
27 51 752
48 50 -775
9 1 377
5 44 573
17 28 738
17 22 -410
50 36 367
1 29 -482
47 39 -302
47 38 675
6 36 568
1 50 180
50 33 275
17 35 517
15 5 -167
19 16 775
17 24 -619
10 24 540
39 25 150
17 14 299
16 28 694
1 12 133
34 20 824
9 14 -911
35 41 -98
39 31 -18
26 39 -33
48 32 -469
28 51 52
45 33 945
39 30 -352
11 29 411
37 36 -744
13 32 757
43 19 53
13 27 719
51 39 -317
34 29 975
19 38 -3
18 24 -163
29 3 -965
40 13 636
7 14 682
7 35 676
21 26 -252
47 47 681
31 49 -130
14 24 -228
19 4 155
22 46 -492
2 17 -329
21 37 351
42 6 861
18 4 -151
5 24 726
41 37 469
9 10 -229
10 35 -264
41 5 -971
39 51 249
20 10 -204
17 18 304
18 28 36
35 27 991
24 16 131
35 43 -97
36 14 -824
3 2 -927
24 40 867
5 31 -757
14 21 -738
35 37 -675
17 8 -616
24 25 -286
20 37 -506
32 29 263
14 15 393
21 5 -623
17 48 96
12 15 937
17 16 -223
24 43 167
39 15 630
20 14 -141
14 22 248
17 39 -273
4 29 194
16 33 -862
4 52 906
46 47 554
44 13 -710
5 27 186
8 12 -659
2 21 449
36 25 -134
24 50 157
51 34 -102
36 18 596
8 36 -831
11 3 -474
6 34 656
52 2 -902
42 33 44
34 22 -674
16 47 -457
45 1 755
42 37 25
13 8 405
38 45 96
15 47 555
32 37 846
4 28 -973
44 30 176
45 44 490
23 50 406
51 48 925
37 19 -878
11 10 -637
2 31 42
20 17 308
50 52 811
22 40 860
40 1 -193
14 39 343
26 12 -331
47 33 510
25 22 -997
7 7 -379
4 50 22
21 40 660
4 15 869
31 37 493
29 13 -495
49 22 938
19 34 -977
32 3 697
16 40 931
5 34 817
45 39 -631
30 9 -83
29 16 891
37 5 -883
33 28 421
13 44 -921
14 45 476
22 27 -10
14 43 153
3 10 -757
52 4 969
19 25 312
25 31 800
27 11 984
20 4 758
21 2 -407
31 27 8
50 11 -947
12 39 -743
2 15 723
32 42 -375
25 15 262
6 4 547
23 36 -295
31 23 -625
31 43 -465
13 16 -727
24 42 -710
13 21 255
42 42 -383
33 3 -470
19 27 159
9 18 966
3 22 145
12 16 471
46 21 978
27 29 -718
27 10 -776
31 18 429
34 50 -166
44 6 632
24 36 795
21 9 -486
28 8 746
51 19 -630
46 9 -997
52 47 51
18 37 20
15 51 -148
19 1 389
44 9 -918
7 50 834
41 12 -227
10 38 -409
29 10 82
7 26 663
25 32 452
23 35 882
6 19 976
26 33 260
41 30 100
34 28 723
18 33 -725
16 49 572
15 9 243
28 23 -127
30 35 -116
37 2 542
39 1 -34
50 30 398
8 52 956
43 16 79
11 1 -220
31 42 -989
13 33 -149
31 38 -64
42 50 435
33 43 -752
39 42 626
43 5 493
22 7 456
7 23 527
46 33 650
24 2 -709
17 50 -60
49 21 721
1 24 752
32 7 -333
16 6 -536
44 49 -279
51 29 -999
21 43 -673
40 8 -875
46 14 -318
32 16 -338
5 25 -440
11 45 -437
10 6 -158
35 45 -507
2 8 48
46 46 16
38 32 -759
19 42 902
5 38 -802
50 10 -639
25 3 606
30 13 997
51 20 695
32 21 -437
3 52 583
46 50 -937
36 9 553
45 27 -883
8 14 502
40 31 -695
43 37 113
1 20 732
14 13 912
3 24 -315
18 5 -848
38 9 -578
24 29 751
16 12 -807
8 4 506
8 31 529
1 47 18
47 17 270
10 20 931
8 23 -336
21 44 264
2 18 -578
10 14 345
39 28 -123
34 36 179
9 7 -680
17 45 -9
13 12 986
35 44 -719
18 13 -603
48 4 -319
36 32 -195
29 2 290
43 11 -835
41 3 -80
52 18 -417
5 28 -373
43 15 -86
21 29 824

41 410
37 34 -503
19 8 -148
11 28 -98
17 37 -117
4 4 -871
25 3 517
2 40 -955
37 22 -276
4 17 -635
12 1 75
31 20 -235
35 40 710
17 6 587
40 32 -550
21 3 -518
20 13 -773
32 18 904
25 17 170
18 39 -178
21 7 693
16 35 153
31 8 892
13 9 467
29 32 -300
27 27 -729
11 32 198
19 36 815
26 29 778
28 12 998
35 33 785
14 1 852
14 34 -469
40 6 515
3 20 -955
35 7 -972
18 6 -584
30 3 -485
27 30 674
16 32 63
33 31 -583
33 6 -478
41 21 826
3 38 -812
29 3 -148
19 23 -538
20 8 -814
40 10 -213
22 21 878
25 25 -919
13 21 -524
17 36 -318
22 18 116
8 30 930
34 33 -992
24 7 -255
33 27 246
35 29 22
1 30 580
22 8 640
12 17 747
9 18 903
35 2 300
31 12 317
39 9 -387
15 10 -47
22 17 -350
7 16 -148
32 31 -516
2 29 -568
16 29 358
25 19 -497
41 8 -737
40 36 -650
9 37 -351
24 27 784
21 40 -828
34 9 959
27 7 -8
5 41 683
6 32 109
32 19 -664
33 40 -64
17 11 124
15 22 -201
6 34 -43
27 33 -367
41 16 -913
31 34 -503
24 37 -9
16 19 976
37 1 -884
36 12 -336
27 4 255
5 15 -664
4 35 -828
31 28 502
22 5 478
14 2 421
37 12 916
41 33 181
20 31 6
28 19 -840
23 41 -896
15 11 -709
15 6 -115
13 1 176
24 13 -66
23 15 824
23 18 -434
28 16 -858
36 4 -179
26 21 -952
20 36 137
16 9 -724
40 18 195
30 1 102
7 6 -892
18 15 -346
27 24 -418
28 17 -926
9 2 -455
18 13 945
37 13 -596
40 14 -711
16 25 -103
28 36 39
21 29 -574
1 31 109
21 19 818
38 20 -248
14 26 -579
19 17 56
39 30 -931
3 36 -995
20 20 -662
36 30 -752
19 39 701
17 7 -933
17 4 119
34 7 -957
19 14 460
31 2 -519
34 30 -996
17 8 172
2 39 -803
4 9 880
25 40 -537
13 15 -109
5 1 651
30 16 -388
18 16 587
15 17 800
24 32 123
13 8 993
8 33 220
20 25 -689
11 12 503
30 29 -83
28 26 813
14 22 -294
34 20 45
5 28 -661
25 8 -150
5 3 640
20 4 -775
8 7 -498
12 2 287
6 27 -931
37 9 401
40 11 861
33 16 394
23 13 876
7 7 477
30 15 503
36 27 -91
32 35 -553
38 3 -518
12 36 -235
7 35 573
34 21 -127
9 26 246
12 20 212
11 5 -688
9 19 23
10 35 406
23 4 508
16 20 -577
3 13 974
33 29 -796
15 18 421
36 40 361
21 35 -427
31 21 306
20 33 -742
31 35 -378
32 25 76
28 4 -64
3 19 -59
26 22 -533
20 10 -474
28 7 482
27 18 741
19 26 -97
14 29 438
29 23 -112
33 3 -498
32 8 524
33 28 -735
4 40 -466
3 28 -11
8 1 854
25 1 -588
35 23 373
21 2 -467
29 10 -881
13 20 120
5 7 -584
33 30 525
9 4 774
13 26 -925
1 37 122
26 8 12
15 1 938
6 38 956
10 27 -166
6 40 250
8 10 975
4 19 -762
38 13 -244
20 30 -165
37 36 -603
28 10 153
21 20 167
21 38 -248
19 25 966
13 16 530
11 16 -634
33 13 272
35 8 -554
29 5 970
9 35 -596
14 24 886
31 37 -327
3 12 460
17 5 -717
3 37 868
19 10 -285
25 15 -179
27 14 131
10 23 57
14 41 707
29 4 -232
35 15 -107
26 20 -915
18 4 -704
13 5 651
37 7 528
3 1 -121
31 5 -64
2 33 627
41 24 72
41 4 355
6 25 193
32 17 -300
39 2 287
7 33 -560
22 4 -815
23 32 -401
38 41 -650
32 10 -939
38 37 816
16 33 -193
3 16 -556
25 31 -141
39 36 -802
16 28 -422
40 37 -8
23 37 990
22 30 -914
26 39 -226
4 15 -723
5 40 925
32 9 -395
32 20 -422
9 23 -7
30 40 335
41 17 -738
37 24 313
15 23 522
31 6 -735
29 9 -614
23 30 509
5 34 -21
10 9 813
28 24 346
3 30 -225
40 20 -853
25 37 933
34 10 628
28 9 -960
6 20 344
4 2 498
18 5 593
7 12 -907
33 17 789
30 24 -906
20 14 797
3 25 531
3 7 -606
25 2 -673
28 35 -447
41 29 707
14 27 866
12 24 216
16 5 -17
31 9 225
16 7 -238
1 2 -245
14 8 648
41 28 -266
25 6 820
2 16 406
38 40 88
26 13 687
38 24 -874
18 37 -54
1 6 924
25 36 137
40 13 -817
6 14 -94
32 38 -619
26 23 -708
29 29 647
1 15 540
23 36 438
1 7 876
27 31 -109
20 21 -621
19 6 -446
12 18 -585
24 38 -263
12 30 216
36 1 484
37 33 -799
34 38 -373
15 31 549
35 21 -92
23 16 92
3 8 550
12 11 -903
13 7 -913
14 15 79
2 19 838
33 8 785
9 13 291
10 34 723
24 31 -573
31 10 -589
9 28 -331
20 5 431
8 11 -648
10 40 -245
36 29 436
17 29 -777
26 26 -658
15 19 -20
31 33 -182
37 18 -645
39 6 -65
25 33 -967
34 27 116
13 31 514
4 10 147
41 19 114
35 16 -990
6 36 -410
5 29 334
13 25 -999
2 6 445
23 24 438
2 22 -804
17 25 -263
19 19 169
27 32 469
26 33 564
28 31 -279
25 18 -16
33 38 423
7 41 -169
1 25 914
32 15 -80
31 23 -530
10 30 -483
14 6 -472
32 13 85
33 32 51
33 22 -296
6 2 -843
9 12 973
22 3 654
14 32 583
31 40 466
16 30 98
30 25 -902
8 41 197
2 13 -950
20 15 -71
18 24 783
27 36 -642
18 11 -58

51 612
36 45 615
2 5 772
21 40 -216
18 30 -681
16 9 468
32 27 211
46 51 -947
2 35 -504
7 33 272
13 5 632
7 48 -838
38 36 982
23 3 -984
51 28 -418
20 31 -589
41 13 -351
41 48 -296
21 50 -491
4 34 892
28 1 323
15 34 -670
4 8 -558
41 34 383
26 36 -387
17 32 363
18 10 -158
46 2 154
2 6 196
29 51 59
14 19 393
37 47 650
20 12 -770
33 46 -131
19 20 588
27 35 -988
38 19 229
43 35 740
25 44 -351
35 28 -21
30 30 -925
5 9 -907
45 4 900
6 47 -469
2 20 -719
31 43 535
24 10 -420
4 35 645
29 45 889
36 51 559
47 38 -717
15 48 241
31 13 -49
15 43 -443
10 34 -649
4 43 -407
8 48 -391
29 23 551
16 11 -570
29 35 -43
43 29 -167
49 46 744
41 37 271
18 6 -276
6 33 760
39 31 411
6 22 -534
11 40 199
34 11 -98
41 15 669
13 11 -763
12 1 -998
44 20 637
15 25 432
27 30 -304
38 11 -11
9 5 93
39 7 823
23 38 -387
2 10 358
28 31 -850
1 43 -820
51 37 -58
34 5 -274
47 36 520
46 48 -76
13 9 983
45 8 -541
32 22 831
41 35 -84
32 41 -534
34 17 -260
43 22 -811
5 4 567
42 24 -832
8 44 -290
38 29 -337
6 45 -23
10 21 813
29 44 -382
50 37 -700
30 26 123
17 27 -496
20 40 471
33 13 571
47 39 -371
24 29 -175
31 32 79
2 27 -258
13 25 259
26 46 273
45 1 283
6 1 231
8 19 -627
18 49 -433
34 3 980
19 10 55
16 46 -969
40 13 349
31 17 874
36 7 525
50 28 -907
15 21 -38
45 6 -446
46 31 -135
9 43 -903
32 3 938
41 19 -580
47 42 755
47 43 382
8 45 819
1 17 617
19 38 -245
19 27 -919
15 45 -172
34 15 -931
13 33 430
35 12 194
33 27 -583
29 41 -475
1 32 378
19 48 629
35 35 631
49 41 -622
39 6 865
9 38 -333
18 1 -471
37 50 -392
1 14 -968
27 37 352
24 28 433
29 16 583
48 48 -416
6 40 748
23 33 -489
44 9 -695
15 39 429
10 35 -412
35 25 194
16 23 -149
24 17 453
29 3 -510
39 33 -55
16 47 -665
30 49 653
15 23 264
51 17 -369
15 8 634
48 19 -745
18 13 -776
48 35 -246
6 34 472
25 41 -129
1 28 -916
20 20 -689
16 33 -897
10 46 -997
12 35 32
21 1 526
19 40 -588
24 22 743
22 31 -913
25 9 -787
23 10 448
10 23 -792
20 2 -892
28 44 -691
5 44 -279
33 40 807
49 32 277
14 21 548
6 2 135
50 39 -368
48 32 613
45 13 -760
22 23 -599
17 31 284
1 13 -995
42 49 848
1 10 -540
16 20 -334
12 28 103
26 6 -262
5 22 446
2 38 35
35 46 294
31 9 887
47 45 713
17 4 -666
42 30 191
15 47 125
18 4 -5
3 36 238
34 44 937
26 33 535
31 33 -620
27 7 405
39 45 -959
44 3 -464
40 20 -398
38 30 -887
26 32 236
2 19 -349
4 19 201
6 4 41
32 12 521
34 45 -336
3 51 625
12 20 -729
17 34 -999
14 6 -754
40 16 939
22 7 733
4 12 -507
41 30 445
11 24 -432
16 5 614
26 41 -622
49 16 266
1 16 274
37 44 139
16 31 -197
17 26 -55
42 15 -61
18 18 195
28 12 863
50 26 -424
43 11 -704
37 13 -530
31 3 261
30 48 962
5 2 -749
4 33 -745
3 32 -36
5 47 -961
46 27 -75
43 31 237
30 27 -67
17 36 937
18 35 -290
26 34 468
28 3 -849
27 32 -694
19 3 670
29 25 -595
15 4 -114
12 5 -43
37 24 -296
22 43 -656
49 48 -162
30 39 -488
48 24 -983
29 5 749
14 36 224
49 51 -227
27 13 -333
37 23 754
6 41 31
4 27 -934
44 10 534
36 33 -135
20 39 95
21 27 -865
11 37 -416
23 4 219
47 32 980
46 41 144
41 4 970
14 2 -322
30 13 376
42 17 151
41 28 -602
30 38 562
12 39 -391
26 44 867
39 30 310
43 20 976
40 49 740
47 8 290
16 10 -739
36 29 -464
45 26 -909
50 31 486
17 2 73
14 3 228
40 38 590
41 14 -554
41 42 -243
29 47 264
24 11 -994
42 46 -84
21 9 405
12 41 -973
10 43 468
21 2 818
10 26 -885
29 28 -676
33 11 235
14 50 896
14 22 -573
20 18 765
3 13 154
28 8 112
11 38 -781
25 48 -589
12 9 -710
50 49 -849
49 19 -625
24 20 273
33 3 -908
4 10 824
7 36 160
12 7 715
45 31 761
13 15 89
37 38 566
2 11 -768
42 6 855
2 36 -247
14 12 -523
23 1 154
29 4 -385
32 25 -348
10 17 746
33 36 772
33 38 673
28 46 -674
48 37 396
29 2 614
41 16 -645
2 48 -680
39 44 475
20 11 915
37 28 653
4 18 -752
51 49 75
22 44 493
19 26 -996
41 12 390
27 40 -890
43 13 384
20 30 -836
44 27 -683
15 50 67
40 42 -834
4 1 458
2 3 660
33 41 -36
14 8 -24
21 5 492
44 28 3
14 14 -232
2 21 -192
15 24 26
47 9 -182
34 12 868
14 30 370
20 29 520
14 23 382
3 9 -222
42 33 -948
22 17 -928
48 9 633
50 17 795
41 9 -377
13 46 -751
8 40 -22
20 50 -99
13 31 -584
44 12 -476
8 50 111
22 29 230
34 46 -87
26 45 -389
22 38 -848
35 30 254
25 11 -257
16 38 -957
51 24 78
28 47 -391
7 26 509
42 8 343
47 27 -740
3 22 -782
16 8 -528
4 32 -590
13 45 -623
8 43 -582
26 27 825
7 43 459
43 2 -820
31 34 -778
35 50 644
18 23 -276
17 39 348
9 16 661
13 30 -741
48 27 73
4 17 88
32 46 -256
13 12 -78
22 20 -181
14 31 48
7 50 -333
40 3 574
48 49 -147
27 16 236
48 44 -884
30 10 -57
3 49 -213
49 30 -323
1 45 39
9 24 -85
15 19 -162
44 14 -406
24 47 -656
45 50 -718
16 4 -317
36 30 -843
46 37 -851
34 2 -54
11 42 -582
8 2 797
25 13 556
31 20 -784
12 14 743
43 18 45
14 37 -104
44 40 501
45 16 -872
15 29 -822
35 29 -925
23 46 -727
6 39 -154
14 32 215
24 5 70
1 23 64
5 48 490
3 31 429
39 37 -437
28 48 -225
25 19 917
23 45 -953
15 32 -234
48 13 -575
24 36 -387
18 45 -418
44 49 810
36 16 -670
38 43 306
18 50 60
26 49 47
13 7 -612
46 11 227
19 18 -868
47 29 961
8 11 524
35 14 976
14 41 -715
43 16 -806
17 17 572
19 49 178
13 42 764
18 7 -821
15 6 -748
4 48 -424
7 19 -335
45 44 774
23 11 -66
2 23 -143
15 27 437
15 11 915
20 41 -427
44 31 -234
29 6 622
11 19 -277
46 10 913
45 41 -416
3 10 374
46 20 660
44 42 797
13 13 -223
33 19 -524
22 49 -912
20 7 -982
1 27 -323
31 28 756
50 36 -210
43 32 -890
24 24 -128
36 26 -465
26 9 579
22 4 278
32 37 -641
46 6 -469
14 9 -611
11 8 483
29 19 916
23 9 913
5 45 127
45 17 764
35 13 236
2 41 -2
15 31 240
23 39 -668
25 47 234
1 31 -617
40 24 -44
39 20 945
12 22 -159
24 30 -316
46 18 90
4 39 -46
31 48 -859
24 27 135
7 17 782
37 1 186
5 39 772
22 36 -413
41 18 744
11 9 335
28 32 107
4 2 411
10 3 -492
4 47 823
50 46 -985
13 35 250
35 32 -745
20 8 -31
10 4 -948
51 21 410
49 12 -196
28 28 263
16 12 -373
29 12 -993
1 29 166
5 18 -604
3 41 -600
17 33 -365
37 11 -368
45 29 410
18 20 -810
46 33 -639
17 50 -307
26 17 319
42 36 144
42 10 -634
25 31 783
45 43 -566
30 40 935
37 10 893
25 38 925
36 11 -424
50 22 -888
51 43 -187
7 42 43
30 25 -6
9 13 31
39 2 -170
37 40 918
37 41 -583
13 23 -791
7 23 -493
19 7 302
46 36 70
22 30 -756
25 14 877
11 4 -663
42 13 -265
14 16 -588
5 8 557
34 24 -781
35 6 -256
17 20 -44
31 7 803
21 30 883
28 49 360
7 30 -152
33 16 374
38 50 347
32 2 46
47 25 11
19 44 527
23 2 97
32 42 -610
28 24 249
37 18 -378
49 25 -699
42 29 -846
40 9 -952
4 45 33
45 25 -31
7 40 370

47 517
13 4 282
26 31 455
4 4 305
5 9 -878
35 1 -913
8 16 -889
44 14 706
19 22 41
25 41 -393
11 4 16
35 17 -595
47 2 -635
39 32 -59
9 10 511
43 47 -974
9 23 894
29 41 -838
32 19 -414
14 46 -366
44 11 -925
39 20 -915
22 8 -795
38 5 -455
22 22 -716
9 44 129
46 16 769
47 24 105
27 27 10
5 30 372
29 22 -772
35 26 -24
14 15 -355
9 28 -990
24 8 -18
13 26 340
45 31 -797
25 7 -903
26 10 805
28 31 -689
28 5 -841
5 12 -236
5 11 -299
10 39 -281
31 35 -522
32 2 -454
1 35 -635
4 25 851
36 30 666
35 21 550
30 37 248
8 43 901
37 4 72
32 35 199
14 7 -177
39 7 890
15 17 579
13 23 -782
33 17 316
12 31 796
17 25 378
7 1 607
13 43 956
1 33 19
5 21 313
12 5 889
14 31 82
7 28 -112
19 7 40
20 3 171
43 3 909
21 17 -161
45 10 350
30 12 -316
20 33 -359
21 16 39
38 12 -489
8 22 -743
46 1 276
40 3 -506
47 12 -93
10 11 267
40 33 470
15 4 -470
1 16 827
11 30 -142
38 8 960
42 8 45
7 31 269
14 45 680
37 33 824
31 47 21
9 20 -235
33 1 623
44 29 -219
28 3 647
41 8 487
27 13 932
36 10 -827
3 4 -963
2 34 -631
30 29 399
24 38 930
26 7 25
21 38 204
30 19 -585
8 37 -448
46 43 -997
35 29 -925
41 36 367
14 5 -765
37 20 246
10 43 -546
8 34 -843
37 29 865
1 29 -696
7 7 -749
42 11 146
1 3 754
11 37 264
12 44 681
2 6 -819
36 11 671
23 39 951
6 7 -342
18 27 -628
46 20 316
33 38 -759
7 20 -833
42 28 -814
9 41 -875
15 16 -2
39 4 163
41 38 -321
36 13 -367
17 12 227
42 27 -736
44 39 289
23 11 -467
37 17 899
7 45 740
3 43 -465
4 6 -913
7 38 -46
27 1 -261
24 33 -722
28 13 -62
21 28 -973
3 14 376
38 23 973
36 18 421
34 43 505
47 16 536
9 15 320
33 18 -236
30 13 -240
1 43 95
4 45 276
5 36 -271
14 37 -344
28 40 -931
35 45 -676
31 11 306
31 37 969
39 24 -295
22 17 333
26 38 -506
18 2 287
1 9 -291
16 7 -865
19 16 -513
47 35 991
29 21 -111
5 43 106
2 19 132
35 47 309
40 47 273
23 33 885
13 7 -894
43 31 283
44 28 113
40 42 861
47 31 -263
3 26 -109
9 36 -938
2 17 -809
40 45 -667
9 33 -989
38 14 616
45 12 -751
18 24 991
37 11 -118
33 2 820
23 6 -951
35 42 -906
14 18 215
14 42 250
12 4 306
22 12 -447
22 31 -86
46 44 -300
30 41 -750
10 2 603
22 40 -575
2 30 -905
21 2 -449
33 19 -626
10 14 157
26 40 -133
26 17 -165
28 28 -686
21 43 -118
16 23 325
40 5 -650
44 17 -584
25 11 -937
26 14 -887
8 4 -55
10 21 -665
6 3 -290
44 38 551
29 16 -612
31 39 -933
3 31 -938
1 39 469
43 18 447
44 27 -896
2 35 198
32 4 189
36 24 262
5 10 678
46 29 547
30 43 -901
37 27 923
36 26 194
2 31 567
6 27 -844
20 26 680
39 23 973
37 5 -415
41 10 -917
9 22 -279
46 12 -712
11 44 758
22 1 -275
22 5 -252
12 40 -551
30 27 867
27 17 -866
27 7 301
32 13 65
30 17 -769
25 4 540
10 3 279
4 34 299
16 46 -160
32 22 401
4 40 -146
28 45 141
26 35 -71
3 34 165
46 38 603
18 7 -538
40 27 -128
45 24 -9
12 37 -466
41 27 20
34 30 647
33 41 957
19 45 211
12 47 -195
37 3 71
26 15 -449
13 28 -7
34 14 382
33 7 250
33 8 -470
26 30 477
8 5 511
27 10 -813
15 9 52
20 46 360
25 3 -160
5 44 363
26 21 443
39 26 -32
46 18 820
32 24 497
1 19 -267
3 18 -600
13 46 -799
29 4 -326
21 19 -977
29 13 541
40 2 688
9 18 607
9 26 -68
21 37 271
39 11 -907
34 4 698
32 44 -181
27 26 -143
33 10 -834
19 39 713
24 29 568
9 5 719
19 47 -990
47 1 -330
33 34 173
15 46 -73
29 12 727
33 29 450
35 2 849
29 36 -485
2 40 156
8 41 -18
45 23 -379
3 47 11
46 35 -85
12 15 -867
42 7 -402
19 28 867
39 12 -829
5 1 -174
46 21 434
7 11 -146
16 19 119
8 13 -659
6 10 -48
18 44 798
28 17 352
14 47 -132
41 33 -314
25 27 918
46 13 435
18 9 -660
25 16 494
20 19 804
6 28 -440
32 38 -612
32 11 731
46 5 755
22 11 294
3 9 721
21 26 -181
32 8 -488
16 15 982
39 13 -144
22 13 191
8 47 -770
8 21 232
15 40 432
42 30 149
4 31 -560
20 43 954
1 14 939
10 8 102
1 44 -500
37 23 -870
12 10 440
24 31 -607
26 41 425
28 8 341
35 5 681
33 32 99
16 22 444
25 26 -960
27 14 -934
20 12 -682
12 38 -85
39 19 -58
38 40 -468
46 25 -589
26 33 -60
25 1 986
47 4 -781
39 39 279
39 37 962
46 10 380
6 13 704
41 14 -218
14 43 -353
30 45 609
36 14 -938
8 1 -399
24 40 -750
6 2 97
13 2 -317
9 19 61
30 42 -154
34 5 518
24 37 -959
33 21 751
22 41 -708
41 7 737
5 13 932
18 33 384
24 36 -454
16 32 -776
17 8 295
15 18 957
43 28 -123
33 5 -392
33 24 922
16 38 456
39 16 -432
37 21 529
26 42 -666
28 43 430
37 8 -139
9 38 -35
47 20 -835
35 35 11
17 6 486
33 4 893
35 16 202
23 40 23
28 30 771
1 6 250
43 10 -310
13 15 -934
5 28 -843
6 15 906
43 1 -984
1 42 177
10 18 -494
34 1 491
9 24 -845
12 46 983
29 9 246
33 9 -762
11 25 -874
16 6 57
13 34 -553
40 28 -867
4 20 -920
11 23 -62
31 20 -940
12 8 -432
20 28 -828
21 41 -79
31 41 573
14 40 -46
38 4 972
35 44 673
42 35 196
42 16 898
11 3 -187
40 11 -35
39 30 745
37 42 521
40 29 46
6 8 878
20 27 582
34 15 515
21 22 200
46 46 328
4 19 948
12 22 708
3 23 -673
43 34 980
30 7 -790
6 18 397
4 8 -448
40 4 652
29 3 220
22 29 896
3 16 296
25 31 801
30 34 -475
33 31 497
29 39 -398
15 22 -91
11 12 131
41 9 894
14 32 588
22 3 -685
10 35 -300
20 17 -650
29 11 -576
41 42 185
3 11 -857
3 46 -112
35 25 888
45 25 529
19 26 334
46 6 78
21 11 552
15 39 -559
11 38 -753
12 12 -296
37 18 487
30 6 -799
1 11 -953
12 21 241
9 21 599
11 19 -191
29 43 193
36 35 581
20 38 -955
46 39 -673
25 25 571
4 36 540
33 26 -948
31 42 -216
28 29 -641
12 1 -595
41 11 160
39 3 102
20 36 528
42 31 -14
18 32 -169
12 35 47
26 16 -641
27 37 9
21 13 -726
2 20 -337
39 38 -75

53 583
9 14 859
43 31 -200
17 2 621
3 49 423
20 41 -765
21 27 333
7 47 655
29 12 -370
51 25 -208
40 19 -77
30 15 480
35 16 418
21 30 580
2 41 737
17 7 -753
46 45 -544
33 52 510
49 12 -449
25 12 815
13 10 591
26 33 -209
27 16 -935
27 29 678
42 14 873
3 1 -867
12 48 127
25 52 414
26 40 877
24 20 317
1 9 -837
5 23 -157
14 9 -711
2 34 599
43 21 298
49 21 -687
9 2 -136
8 40 -949
3 36 805
22 47 -409
23 15 107
9 41 -988
44 28 940
7 32 958
15 23 418
43 45 -832
6 39 -295
50 25 128
6 29 -896
31 38 357
33 2 -222
19 32 585
34 30 322
6 26 603
51 36 -740
47 38 706
40 27 251
19 49 353
44 2 -647
38 20 334
40 11 -28
19 30 -986
44 49 -685
18 36 200
7 36 -893
1 23 702
11 42 -662
16 44 334
50 30 854
17 20 -237
29 36 -226
42 7 277
52 15 -257
7 22 631
29 10 -245
43 51 616
4 28 -113
2 45 233
52 40 -2
32 37 349
45 1 -260
31 49 885
34 45 -508
24 3 661
20 9 387
39 36 650
1 48 311
2 18 725
10 1 826
44 32 -996
9 47 -203
32 6 -629
51 6 150
33 3 -625
5 34 70
51 42 -403
22 28 537
8 37 621
45 8 254
9 35 -654
2 15 -503
26 38 -398
26 12 381
49 52 -866
20 14 254
18 14 71
6 32 -281
31 28 -608
52 52 959
13 35 861
8 18 -265
2 8 -215
45 49 -633
52 46 -545
38 27 -972
34 32 -560
23 45 -661
32 18 696
24 34 198
27 19 560
10 37 -662
42 37 501
32 43 -326
36 16 -129
5 16 -844
1 26 153
30 1 575
2 11 -71
7 17 -352
50 18 -336
38 7 870
43 25 -339
26 42 -969
46 37 975
37 11 218
25 33 -861
47 43 421
18 21 356
27 36 715
1 6 -501
41 7 326
46 33 959
49 51 969
10 33 289
42 35 -809
17 27 569
4 35 -167
5 44 -490
47 39 1
42 49 -357
20 23 854
37 51 -414
14 24 408
36 7 -487
32 22 -550
32 32 854
48 20 -521
17 34 -206
13 2 577
50 5 996
47 50 -670
22 29 -757
7 8 487
6 33 -319
9 36 -278
44 14 -565
24 11 -621
2 17 -739
15 30 -644
46 25 825
50 52 408
20 25 536
11 9 -539
46 16 -417
9 20 319
34 43 757
27 21 -40
10 30 -774
42 19 -654
20 40 -950
18 43 -145
43 24 -722
40 47 319
51 27 -994
52 4 537
1 10 898
17 23 317
33 20 -943
15 49 323
11 7 -911
27 2 469
31 17 -547
17 33 -66
7 44 -735
31 8 794
2 44 479
51 20 -287
39 30 108
7 19 -674
36 15 360
20 7 -196
26 9 244
34 26 -511
18 51 -321
52 8 -904
40 39 772
1 22 101
39 37 354
39 25 -694
26 8 892
14 21 444
25 23 697
18 25 693
8 47 -590
41 47 753
37 47 889
29 31 -695
30 36 -967
38 16 997
26 14 -932
45 36 -440
24 40 -870
40 15 2
3 20 818
22 39 836
46 38 353
30 38 -554
29 9 -820
25 6 -958
49 13 893
24 24 -627
5 37 570
52 16 -308
22 4 -199
36 13 -556
35 39 -121
19 42 -911
34 38 666
4 13 750
38 36 303
40 50 -633
22 8 -761
46 3 191
45 31 -169
47 18 -290
30 45 521
22 3 -631
5 24 750
48 15 723
24 31 644
20 43 650
10 26 520
27 52 -771
48 27 769
36 24 -633
30 42 -574
41 50 -101
22 42 148
41 14 835
48 50 -179
30 16 -924
33 29 -268
20 15 -170
41 23 981
21 48 422
43 52 -999
24 27 -71
2 46 -300
44 20 605
44 50 591
27 24 -122
5 42 895
13 28 -872
32 14 -313
4 21 -917
17 22 274
52 44 -328
43 37 -496
34 9 357
30 37 -337
47 17 -707
31 4 681
4 8 -881
51 18 -667
49 10 565
37 10 -115
10 48 49
8 44 810
7 1 -382
12 49 -790
42 16 -30
24 22 -941
25 29 -453
22 12 716
37 1 197
46 18 -752
2 21 -936
46 11 -654
21 7 163
51 43 978
3 7 -890
4 51 758
5 50 156
52 21 893
3 11 -44
36 33 -510
49 2 414
27 47 -193
31 31 756
41 35 889
32 36 877
46 43 -93
12 41 426
48 41 637
15 37 -188
20 22 -762
37 33 820
15 24 -781
23 31 172
46 36 -571
2 16 950
23 47 -46
30 10 -225
49 17 463
2 1 419
11 12 -569
24 13 827
24 37 -926
5 21 -800
50 37 -429
19 39 862
22 25 293
36 26 -219
36 21 633
17 47 -13
33 5 568
40 38 -719
34 39 -67
8 42 -362
32 20 -651
28 25 855
41 3 -69
16 45 841
21 5 -623
48 1 -319
14 48 215
10 19 716
47 23 -756
29 27 -805
6 15 -470
12 22 -40
38 5 -611
33 19 42
35 50 895
50 3 6
16 41 -497
15 5 850
45 44 -411
14 44 -583
46 24 638
52 5 -709
43 7 739
11 37 930
3 16 800
1 50 -336
33 30 -448
43 10 403
32 45 421
27 18 -48
45 33 -511
43 9 820
23 32 984
33 41 -735
21 41 741
27 38 72
21 28 -754
1 44 -340
40 3 -287
38 31 969
35 2 229
5 52 438
31 5 920
49 28 -357
5 15 724
48 5 -329
48 51 -251
3 2 37
4 31 -150
37 32 878
10 7 -232
37 35 600
43 42 -33
15 25 429
49 30 -257
37 7 484
29 29 -458
9 46 435
7 46 -345
34 46 -979
25 10 -674
14 46 -923
34 10 972
28 1 -826
14 26 -323
20 49 -461
29 24 -258
41 34 696
44 45 -329
37 5 658
12 46 -592
21 12 -943
51 50 704
4 42 12
45 18 -877
34 22 -307
9 32 -580
9 44 -732
41 4 802
34 50 907
8 26 388
52 7 -401
5 25 747
49 27 297
22 5 -293
7 38 519
15 4 -542
8 51 556
10 24 -994
7 10 -572
44 35 -432
42 26 913
14 49 84
2 26 -903
39 35 -188
39 5 -268
3 25 -318
49 46 -121
34 25 -272
43 49 -433
18 38 -478
45 40 609
1 25 403
21 18 230
47 8 -67
41 48 381
8 16 -972
46 13 -816
46 17 485
48 31 536
42 15 -760
40 26 -653
1 17 -279
6 23 448
28 21 803
11 1 709
15 2 -85
21 17 770
49 32 331
37 29 3
9 42 44
1 11 616
38 14 618
5 22 -914
41 28 373
11 34 752
3 34 99
32 2 183
22 34 -103
15 42 949
39 10 -981
8 33 -750
13 24 -995
38 34 20
28 26 735
3 13 -270
32 13 -454
11 5 -739
11 4 121
40 46 220
50 1 488
12 5 -182
47 14 146
1 19 -567
50 9 420
17 37 -110
37 42 -434
11 45 729
15 12 -629
51 4 -628
32 19 35
15 47 -100
9 11 -651
15 15 -362
32 41 -251
21 31 820
13 20 909
21 43 793
32 34 -897
20 2 743
37 39 1
21 39 -912
25 51 530
41 26 72
23 2 723
45 43 -309
26 24 -803
34 28 -314
13 18 371
29 4 -997
42 8 520
43 12 733
11 48 -622
22 13 -800
36 25 -148
43 44 -398
36 30 252
8 6 -874
28 11 906
20 11 -601
22 30 859
23 8 -424
7 35 -267
51 34 32
7 34 -324
25 40 -495
42 36 -366
50 31 -92
29 28 -109
36 17 665
1 27 -388
21 3 -867
20 18 886
39 12 -822
10 43 -431
34 40 746
4 22 394
32 12 -943
50 36 180
16 7 -567
24 48 -169
48 35 931
4 20 -738
30 40 -494
8 30 -733
11 19 -268
15 9 859
40 18 676
10 3 -832
22 27 -278
13 40 968
10 39 33
46 23 960
8 34 -237
39 21 411
37 2 78
40 48 230
10 32 432
27 15 657
33 7 910
26 31 510
44 51 -123
46 31 -560
21 20 -151
9 17 -53
36 35 -229
24 33 -797
8 2 535
23 46 547
7 12 916
44 10 -865
27 48 -320
20 17 804
13 46 -954
40 1 -680
22 46 -182
16 42 390
34 19 88
47 11 -867
15 38 423
38 45 47
22 22 400
40 45 -103
31 21 618
45 23 809

59 649
9 18 -173
12 47 812
20 53 -725
33 10 643
25 47 199
6 58 367
47 20 707
9 49 378
38 33 -174
8 4 -124
5 19 271
7 16 778
27 25 -918
31 21 452
13 15 394
38 31 549
6 20 -655
47 36 495
29 16 -476
40 47 939
12 38 -868
48 40 -703
22 22 -771
17 22 257
23 12 799
29 46 -897
43 53 -63
38 35 484
40 33 -125
1 16 -181
1 43 -649
18 35 -676
18 32 -340
7 17 191
30 42 -652
9 30 479
2 3 901
46 33 -591
25 4 620
57 29 -464
48 11 -640
50 56 932
38 55 -629
57 25 134
48 25 620
6 9 -290
31 55 -1000
28 7 924
58 2 309
42 25 -800
27 15 -143
36 33 -750
50 31 -22
29 31 569
4 29 -643
2 37 989
33 13 943
28 8 -158
22 31 511
49 41 567
25 57 131
11 4 673
16 55 920
8 28 -131
12 24 -625
51 12 -424
4 58 824
55 51 -692
22 23 -463
31 9 592
30 22 67
27 14 32
7 54 8
50 46 573
46 17 851
52 21 -62
44 46 -415
11 31 28
35 27 -24
39 57 -733
39 27 -924
28 3 -963
12 17 381
23 48 -316
1 20 -676
37 21 -173
23 13 365
1 19 715
20 23 -941
30 51 803
4 41 326
23 2 -555
18 47 266
9 10 169
13 35 120
46 2 -182
11 46 46
24 58 -17
45 34 520
16 52 -200
34 55 -485
31 6 -35
48 42 418
15 51 -598
4 14 253
25 19 363
1 55 -622
40 21 826
12 18 -456
3 57 319
21 24 82
28 47 -225
2 51 -382
13 16 -862
28 17 -9
14 23 -492
6 11 -601
54 46 -886
13 37 -649
32 27 -114
58 16 769
41 26 459
55 35 436
48 57 -279
12 55 -629
14 50 -541
21 22 -25
42 47 333
31 41 -879
50 12 -489
46 30 866
47 15 57
14 35 -468
6 53 -904
54 28 932
7 32 -614
31 14 350
35 31 -375
34 58 -941
44 11 145
13 41 -660
10 22 -810
43 57 -83
24 56 -817
15 37 756
8 45 288
48 56 -575
10 20 903
54 5 469
11 1 -732
34 31 512
44 34 -223
6 42 -427
52 45 761
37 56 -532
16 36 -780
40 15 604
54 24 -214
6 45 107
58 10 -762
33 22 -707
34 12 439
28 31 7
27 4 -341
22 16 -324
45 52 -879
15 46 505
20 41 177
57 58 715
57 14 73
11 35 268
27 34 61
5 50 851
19 38 -796
7 38 292
8 3 6
46 41 499
6 35 840
14 7 -54
42 46 -508
1 30 -852
27 54 727
58 9 -435
17 26 -606
37 55 -630
46 52 -118
27 3 419
55 17 -167
21 18 286
46 47 -192
37 39 -53
33 57 76
15 45 -543
5 20 658
32 58 -881
4 13 -999
10 6 309
26 46 -233
3 29 119
10 5 -209
5 54 358
36 23 629
8 22 129
2 40 834
2 11 393
14 2 -394
40 49 -949
57 24 -377
42 24 -905
50 8 -286
25 17 643
7 24 753
18 31 -854
48 53 -723
45 45 694
55 24 183
53 12 -266
38 52 -551
22 21 -742
20 7 56
13 58 -86
57 45 310
22 1 -469
27 27 24
32 18 -753
39 42 -296
26 49 664
37 3 -303
16 19 849
56 27 936
54 48 -452
23 16 37
26 9 -355
41 50 847
33 28 -618
8 26 -356
1 51 350
6 26 -62
6 31 -336
25 1 633
42 34 -477
26 58 220
7 36 -894
46 54 -610
10 43 362
20 16 -697
27 50 -163
6 27 476
32 43 -864
17 32 22
18 38 -470
40 31 461
54 10 -85
21 13 -478
23 10 684
57 49 220
43 16 -988
5 24 -291
51 9 -445
11 28 -146
35 46 -974
29 24 -834
41 24 331
46 3 765
3 56 247
25 7 -425
3 46 175
53 44 590
22 53 -660
51 31 -555
46 16 -730
23 37 -649
14 21 860
28 53 -431
20 2 -363
38 37 255
33 6 667
37 5 416
9 19 -242
11 17 -290
10 36 70
25 58 -229
31 45 439
35 15 -62
52 42 -689
24 36 330
8 13 895
18 22 949
36 52 473
58 4 69
48 44 -541
12 54 -158
52 5 -86
27 44 -411
58 33 426
29 32 900
28 56 -654
50 37 -334
38 53 -223
57 21 -999
33 36 -396
31 17 -395
57 41 -894
40 12 472
38 40 513
55 37 377
48 22 -332
12 45 484
13 5 -975
14 29 710
37 8 462
55 26 25
1 38 -207
41 40 962
36 53 946
26 34 421
58 35 303
35 45 -580
34 52 -247
54 13 696
46 48 242
36 35 912
18 27 -546
49 23 371
22 30 255
4 43 -847
37 44 971
54 9 454
51 35 317
38 51 -23
25 6 -639
23 50 574
10 8 -951
33 37 -52
33 42 534
52 50 856
39 38 69
41 47 -295
45 19 -332
36 18 -235
53 13 802
55 2 -796
13 7 -935
46 50 -360
44 33 899
26 22 -273
10 1 -586
14 41 -641
17 12 -663
50 57 262
18 4 -840
46 13 251
11 55 23
27 45 -302
6 30 -257
50 5 -297
18 33 -252
40 7 533
30 58 -944
48 5 -70
19 9 -597
22 47 699
26 4 983
58 52 -776
10 12 294
4 44 -475
1 18 -864
44 22 355
4 7 -271
33 3 -106
35 55 -385
45 49 -754
40 30 681
49 11 543
38 21 -178
45 54 -399
54 35 -204
5 9 978
48 12 -305
6 14 -703
50 22 523
11 50 961
29 52 714
13 12 -853
17 51 737
17 18 -502
47 32 -339
6 46 -44
4 2 542
31 44 -255
50 30 811
47 18 779
52 11 -763
40 19 4
56 32 146
37 4 100
4 31 722
19 8 -603
49 1 -342
6 43 -328
30 55 277
19 2 -72
44 31 -759
50 1 -971
14 44 -870
13 20 845
26 57 491
34 10 -322
5 51 -974
2 43 40
48 18 -356
19 23 124
36 29 -230
7 51 222
27 41 553
39 28 -71
57 38 452
55 27 121
32 53 613
31 18 -428
13 50 252
42 21 792
23 49 468
23 17 -662
22 39 -353
32 21 168
21 1 -360
7 25 537
43 15 537
41 17 888
15 38 -729
13 8 -362
52 9 836
20 57 203
46 31 -599
2 24 315
30 30 954
18 11 -780
41 25 -855
42 33 606
15 8 522
3 44 -554
17 6 -858
50 16 -343
31 30 -666
24 19 680
29 47 -751
41 52 -503
42 8 885
57 54 966
54 30 250
50 2 -960
16 8 488
12 52 -135
51 1 920
41 5 -729
40 20 -430
39 55 618
20 17 -255
2 22 253
29 10 908
38 9 150
6 41 -907
33 29 -572
44 12 -797
40 39 478
8 43 -332
23 7 527
44 8 -983
33 39 942
53 25 -555
6 22 797
43 44 797
37 29 509
22 32 680
46 38 718
16 3 -205
15 6 -95
40 46 436
21 7 629
36 25 925
38 6 429
52 31 -900
53 16 728
54 57 -893
40 1 817
47 31 -435
42 22 295
4 45 -277
10 39 -188
26 25 988
6 28 614
31 52 -837
43 14 162
26 29 680
45 9 1000
18 23 -279
9 35 404
58 51 851
34 51 -388
10 24 -134
51 46 -659
45 14 -504
42 4 -264
56 50 -904
12 43 621
34 5 -762
55 4 143
5 12 -406
34 9 -441
38 18 267
16 38 -764
19 44 -552
32 3 -50
49 25 723
34 7 -42
46 58 -836
27 21 390
58 25 -169
48 30 778
53 42 -632
49 20 -617
46 5 -88
46 29 -676
15 1 435
36 43 186
27 19 -617
45 13 -117
25 9 604
51 19 -325
5 39 -304
47 41 417
37 14 262
44 44 -255
48 28 271
42 23 67
51 48 -16
6 36 452
14 13 -248
6 39 -704
31 57 -624
29 4 131
44 53 135
3 22 -309
31 2 -569
44 51 -35
58 21 -416
44 24 -11
39 21 23
43 11 821
11 43 -545
28 46 74
28 2 -387
46 56 331
11 32 -471
26 47 -272
25 43 -41
40 41 -69
2 42 -727
16 49 -323
16 35 -313
28 22 856
24 38 -930
5 23 33
58 43 893
17 1 -510
24 57 -956
37 7 832
32 19 875
20 49 -614
20 21 93
41 22 -708
14 37 -598
26 24 858
27 11 426
27 38 757
30 20 -640
15 54 -962
14 22 -647
6 25 -194
11 42 130
18 57 187
36 49 29
44 5 -195
13 53 -759
26 11 968
1 52 -943
6 15 -786
17 44 772
40 10 790
57 18 719
13 49 721
18 53 -33
19 56 -943
19 20 -711
34 26 936
11 29 -295
9 31 -432
52 36 -432
29 33 431
38 29 -524
56 49 -452
50 17 -465
29 20 -424
37 2 -592
44 2 -501
22 15 -274
56 19 196
18 17 -131
51 22 -549
33 7 -831
6 51 415
43 58 855
43 3 465
35 21 -219
39 52 210
11 6 -654
2 57 -882
54 38 -114
10 17 664
39 58 -332
17 54 -880
21 28 646
5 46 783
12 22 -395
46 36 -523
48 13 779
35 40 -1
9 4 103
11 13 -296
20 5 -755
16 46 767
7 43 497
25 33 695
1 9 176
6 33 -152
33 58 -778
17 10 192
7 10 -10
51 2 -880
52 27 957
9 29 469
55 45 -78
56 17 -202
43 34 294
11 23 844
55 38 4
46 45 122
58 13 790

58 580
11 45 -769
20 32 -195
49 46 553
51 25 -585
51 11 586
55 8 -879
22 43 -658
28 19 -615
47 36 756
43 52 133
6 53 996
40 44 -850
24 57 -223
16 8 -978
26 25 28
53 57 -419
25 32 910
38 23 414
35 36 685
48 16 194
22 10 -32
36 55 857
30 45 672
31 58 -309
44 43 -498
28 37 962
19 24 -378
52 20 -29
50 7 -491
19 3 650
3 34 -167
41 29 -47
16 50 660
45 53 17
35 27 734
1 11 -553
33 51 443
24 19 5
43 14 -836
42 30 -99
49 2 455
30 54 392
35 41 -361
32 10 -472
38 1 -996
34 2 794
52 14 -567
53 58 -595
5 2 -992
57 27 -557
42 32 -329
17 42 263
53 25 -917
54 22 -572
54 4 -493
51 1 -925
2 30 -682
47 23 -592
5 14 331
25 44 -73
52 38 -352
54 30 -510
54 57 558
4 13 -750
57 36 539
25 19 -691
20 41 -518
10 50 673
18 3 -98
26 26 -309
13 33 473
21 15 809
37 18 -366
5 20 753
3 47 536
45 31 717
8 4 242
42 46 675
56 58 -512
50 26 127
13 38 193
33 50 -934
9 57 630
11 52 -536
51 15 458
51 23 203
16 26 -144
9 30 -11
17 1 -453
57 54 -558
33 57 -671
47 16 623
34 36 -445
6 3 -839
12 8 -843
42 24 945
19 20 -600
57 6 -913
3 25 -502
43 4 -571
22 23 976
30 39 391
34 21 -713
19 54 -403
55 24 -344
37 31 -968
27 37 532
23 49 -159
4 42 125
31 20 -847
57 56 711
25 48 44
25 52 -511
40 48 700
53 26 252
53 2 -788
54 17 -445
8 48 -779
43 10 39
56 50 891
34 22 141
32 4 119
33 17 177
13 3 201
47 35 238
25 20 457
20 54 -582
48 1 -502
44 45 728
17 41 664
47 45 -308
41 30 334
37 32 -484
34 33 -360
15 6 -433
38 19 -597
41 4 435
58 20 367
57 22 -447
33 28 -295
46 45 887
43 49 794
1 26 272
17 32 -941
15 22 -111
27 33 -942
19 45 878
18 50 -779
36 12 -639
18 14 331
52 49 -246
18 38 -395
57 28 716
17 45 605
49 21 -298
12 52 676
29 22 -168
5 21 -870
32 5 160
51 9 -91
15 24 -116
23 19 99
39 56 -185
41 19 -253
10 5 -621
4 47 -181
31 41 -71
31 22 -290
31 57 -757
58 12 -787
42 36 269
56 8 554
6 22 -500
44 24 336
13 27 637
41 57 -440
56 26 -83
54 54 394
51 19 781
58 41 -411
13 44 -917
53 56 -539
12 54 893
1 51 -536
22 9 -665
52 28 -637
10 31 823
25 27 614
20 11 372
12 53 855
5 9 96
23 14 -471
47 51 -922
8 22 -725
56 36 -793
33 36 -726
11 56 -451
11 48 -228
55 30 -923
28 8 244
53 5 -772
45 4 39
26 10 923
7 6 2
37 48 99
14 24 -642
6 42 117
27 25 -386
48 43 188
44 44 -127
45 47 477
22 17 -923
27 58 42
18 45 533
49 9 -349
44 3 48
48 46 163
41 51 -2
11 12 213
43 12 -341
54 39 -173
19 21 923
40 4 809
19 9 -790
41 1 740
38 3 993
22 26 -294
42 11 -155
28 34 146
57 9 -422
56 37 -214
56 51 -153
17 57 121
19 17 875
39 55 895
2 22 -429
12 42 826
39 41 -191
52 46 702
32 33 10
19 7 -350
21 6 -709
32 36 123
27 7 254
57 53 -714
17 53 281
8 51 723
7 25 571
47 28 589
17 15 -136
20 48 945
35 17 450
35 34 -514
37 13 43
32 57 -108
10 25 200
47 20 -110
31 6 834
44 21 -713
6 14 -521
23 5 8
44 52 474
31 42 -463
21 44 -105
55 31 466
55 7 -579
26 9 429
4 27 580
15 42 -838
27 4 -364
49 40 30
37 33 671
57 24 510
2 45 -299
38 49 -367
29 9 -361
9 37 -604
4 51 482
28 32 -896
6 28 263
13 36 905
42 42 -967
16 6 781
24 24 883
43 30 -267
57 4 94
15 23 865
24 23 510
1 49 -361
31 21 687
46 14 -94
29 45 -499
39 14 962
8 24 -353
46 1 -658
36 54 -591
20 40 179
27 28 874
1 38 619
53 27 -385
9 29 -18
35 3 49
48 25 -705
15 32 -166
4 52 -893
52 24 662
27 21 35
47 19 -188
49 12 71
38 35 -108
2 57 692
45 54 -103
49 10 -708
43 6 -533
3 28 -366
15 3 -411
35 51 -558
26 17 -173
28 15 -154
20 58 -888
34 51 -467
3 54 449
35 5 -202
46 16 356
44 53 140
36 4 379
7 23 50
6 31 509
9 26 -353
9 39 133
32 17 192
2 38 319
37 51 397
4 48 -418
50 12 -392
43 42 779
22 51 66
56 2 -292
17 46 -323
45 48 -677
38 28 531
49 3 -273
24 53 -440
15 50 -783
40 6 732
14 29 -115
44 11 717
30 24 -400
46 30 2
56 52 495
44 26 240
56 14 608
24 9 640
36 28 536
43 35 -96
54 3 764
13 41 648
52 41 791
12 13 332
48 48 -47
49 56 696
39 39 -90
42 52 96
7 8 -770
44 10 -683
55 34 -445
48 5 -641
46 19 191
6 24 136
53 12 -774
23 32 616
37 5 -666
11 8 857
39 15 -144
19 33 -527
48 45 757
30 29 246
38 56 435
39 46 38
37 36 -161
36 48 -250
2 20 -498
2 4 -388
50 35 -966
37 28 -593
50 49 941
13 25 -839
8 28 -340
48 39 626
47 41 99
30 55 -428
56 53 267
10 39 186
39 24 524
22 47 -263
43 33 -189
47 49 202
58 27 496
36 6 -670
18 29 262
13 23 -294
54 43 178
20 6 622
50 54 -291
32 41 -608
39 18 -707
7 21 -23
28 13 -758
13 45 -650
30 47 -355
44 18 -909
57 39 869
25 12 -359
9 27 -302
3 46 826
27 15 504
4 31 -70
21 32 -599
29 54 -682
6 45 56
52 31 285
37 11 -464
8 49 286
6 33 650
27 50 496
11 55 -39
40 3 426
44 12 -461
55 33 514
43 44 410
39 45 994
1 2 208
48 12 -578
40 15 -621
50 53 -558
43 57 928
52 43 -850
43 50 -403
22 18 407
48 31 7
39 29 -697
12 57 728
46 18 -470
10 21 63
26 3 912
26 12 -704
3 15 -162
25 51 -457
7 36 -592
2 41 414
20 5 -816
4 38 -685
37 27 436
28 30 -603
17 19 -503
34 25 -411
8 58 -583
43 56 358
44 23 -95
22 3 -672
36 5 -32
3 17 -231
46 3 465
28 33 920
5 48 421
44 47 -885
19 56 -760
51 24 -744
52 30 -555
35 54 -379
58 18 856
20 9 618
24 39 161
30 5 534
52 32 -406
25 11 -903
38 52 734
34 17 -591
32 1 -155
2 31 776
55 45 851
9 3 875
36 2 -705
36 39 -483
34 34 -864
34 18 793
36 42 229
55 4 768
38 47 757
32 43 -360
40 20 852
56 49 898
12 38 -130
11 46 -164
24 50 348
16 29 153
33 43 -448
2 39 373
11 24 620
51 40 636
32 16 -980
19 43 -89
19 23 -789
34 15 45
13 31 -350
46 15 -670
41 53 852
41 25 -68
17 30 153
15 47 406
5 49 676
10 44 27
42 21 -315
18 24 143
10 36 356
51 52 -347
20 20 -935
23 1 -90
8 55 958
9 32 -639
33 49 264
12 20 -141
39 34 -219
8 35 833
55 54 527
24 28 193
21 28 -591
25 1 822
57 17 51
12 50 -906
16 15 261
39 6 -801
2 3 963
22 34 429
40 39 -422
57 25 970
13 47 947
28 58 -50
22 13 283
27 56 -437
21 5 -372
7 47 586
18 44 -829
18 47 -999
14 16 -582
56 29 412
13 16 121
53 14 790
57 32 449
37 40 841
32 38 344
1 36 -497
36 35 62
11 14 336
8 36 -604
52 42 -872
46 47 -535
57 5 -360
12 7 -486
23 26 -694
50 50 -75
32 47 927
55 36 -784
16 16 -775
34 19 -287
39 32 686
54 1 -673
37 23 -354
12 24 -143
7 12 -122
7 24 -408
57 29 622
19 53 86
46 56 832
17 14 -691
19 26 -611
23 56 899
15 48 743
34 43 -731
35 47 -532

56 560
50 31 -723
10 30 -990
30 42 -677
22 40 921
49 14 90
5 13 20
15 54 -106
48 4 492
3 20 -379
41 33 -670
15 53 -114
47 32 -116
47 35 -487
52 19 532
24 7 -512
29 37 137
32 25 612
55 37 -670
18 42 939
42 3 -212
45 15 201
43 11 759
21 5 -112
15 51 850
45 3 281
48 2 162
2 27 -872
22 27 -906
8 56 463
10 49 -578
38 30 -299
9 35 -952
32 13 25
37 31 427
39 30 392
27 7 148
8 20 240
52 12 715
52 2 873
37 4 -851
5 52 -755
20 51 320
47 15 235
34 40 307
36 41 -159
6 7 -2
46 23 -296
29 20 -130
4 51 200
25 9 287
24 17 -468
48 37 360
5 37 -209
46 38 669
27 49 -951
23 49 487
54 43 643
25 17 -13
17 44 -997
30 22 479
9 3 -549
2 38 153
37 5 -580
26 14 826
36 12 299
12 35 -392
49 53 416
56 47 -436
49 51 985
30 56 836
51 17 486
2 16 -919
31 8 -297
32 54 -988
17 52 842
12 23 -436
56 54 630
46 25 -280
8 9 45
16 41 -528
21 31 -933
52 37 555
6 38 -775
21 19 891
12 22 -802
10 16 680
38 12 591
12 25 988
40 4 -711
24 20 -357
4 39 628
15 6 386
22 12 83
29 19 69
8 49 -777
40 49 -106
34 27 201
13 42 -781
5 43 527
36 5 -865
32 16 -985
19 27 -243
30 33 -775
21 48 144
18 46 457
22 50 393
48 30 521
34 51 705
7 40 -700
9 32 -635
5 2 -976
5 4 -281
4 40 96
22 18 -893
25 37 -382
4 50 347
25 19 -702
30 37 144
35 2 -446
35 10 591
38 43 424
22 7 675
24 37 -493
50 23 -462
12 20 -724
50 11 137
17 47 -426
11 22 113
11 21 -620
51 1 165
1 38 -795
7 11 -700
31 45 689
26 20 -186
1 23 966
15 39 62
35 39 -588
36 33 238
2 21 86
20 21 957
56 15 -694
33 28 -255
31 2 -196
40 23 839
7 38 239
51 25 249
38 16 337
11 11 817
49 1 -141
41 24 755
52 1 -678
8 15 -714
50 1 -338
7 43 -59
34 2 -995
3 1 -586
16 4 -595
51 53 369
46 40 143
47 18 295
16 38 939
46 3 606
7 55 -715
24 5 -541
32 38 950
55 10 14
50 32 -226
15 7 134
3 26 -366
6 5 -14
19 6 856
36 55 928
52 48 -13
20 48 -365
11 45 18
53 6 -831
38 1 881
17 28 165
22 24 -550
6 29 -695
51 39 803
46 2 274
48 51 614
33 46 154
18 1 -373
36 29 -185
44 56 720
41 14 9
34 22 260
46 53 527
12 33 758
54 54 -129
53 10 -833
48 44 -648
23 16 202
5 47 -711
11 18 -708
31 36 -546
18 15 -179
14 29 8
40 22 700
44 7 -54
36 32 513
27 39 -42
5 30 -362
46 34 964
42 9 -539
11 24 -776
7 50 716
40 25 -860
10 24 -948
43 13 488
1 30 -121
14 53 -408
22 49 468
5 11 -192
37 23 -458
26 1 734
30 12 104
33 50 749
44 5 -404
50 45 974
43 17 -866
9 7 -858
36 3 -373
14 6 -18
35 30 924
11 54 -589
45 34 -581
54 5 -836
2 2 844
13 26 483
12 52 -529
49 18 82
26 23 987
42 33 -845
26 31 299
18 24 -934
7 36 -764
42 28 629
52 24 767
20 4 -913
30 8 317
30 30 146
23 5 582
46 22 428
18 43 446
29 5 911
46 32 -5
4 32 293
18 41 59
54 4 820
7 21 -95
48 26 588
51 21 -932
9 48 -356
3 14 -679
12 27 808
4 4 -534
45 41 -32
27 11 -373
54 15 -345
17 22 -433
10 32 470
7 53 -426
23 44 657
20 24 61
13 13 171
15 17 -235
29 2 491
28 34 -634
11 20 -78
36 6 -101
11 1 -838
29 51 874
36 9 901
26 19 413
24 47 972
1 42 148
10 33 300
8 44 -837
6 9 895
48 39 879
27 2 -262
26 22 -716
44 52 846
5 7 458
49 7 960
27 32 -824
49 26 -23
34 8 -603
38 32 736
50 51 271
31 27 -95
35 19 -477
10 5 -182
51 54 -910
45 39 -205
37 32 -990
53 17 -154
39 9 287
53 44 407
49 37 577
52 43 -863
22 28 -441
36 31 -256
35 27 241
53 54 -729
25 34 -454
6 53 -507
6 4 -530
32 28 -223
33 52 760
20 50 -206
5 22 835
37 17 -182
54 46 -192
52 54 -835
6 13 -123
11 43 -659
1 46 895
50 54 -165
19 37 933
12 15 198
53 14 -815
39 50 896
27 36 -706
35 37 -947
35 13 366
14 22 880
41 9 970
24 19 -137
18 47 341
40 44 -888
21 21 896
10 39 100
44 53 363
24 23 117
45 31 729
38 23 -521
31 29 -393
11 15 -960
11 47 496
22 22 -828
42 25 -885
13 23 237
14 2 -520
18 49 246
20 2 -33
5 14 -356
8 4 436
1 36 -375
34 33 -358
35 26 -621
39 22 -362
39 53 472
8 3 380
54 1 318
32 23 265
26 11 -721
30 55 483
27 54 -656
17 4 -39
29 55 574
12 21 2
37 21 -134
45 7 -78
9 33 -821
1 13 482
20 29 185
25 5 165
40 13 -990
39 43 -610
16 31 -195
3 52 231
33 56 -454
23 39 -612
10 22 -208
14 5 -200
42 55 -29
45 25 -667
48 23 110
26 15 -919
11 27 376
4 47 -519
43 27 64
49 34 172
32 33 886
35 24 -688
2 3 861
52 39 -659
16 3 971
41 51 -581
43 36 -743
46 17 -26
18 48 -344
48 50 -289
41 15 516
1 12 130
21 44 594
45 52 563
20 47 -292
28 55 854
20 19 -338
40 38 -383
38 52 13
21 36 199
1 45 -474
5 40 -283
44 35 302
16 17 -791
32 56 -16
30 21 924
17 31 953
9 1 326
47 46 -415
53 13 -157
5 8 -281
5 56 -632
31 49 -259
33 16 888
1 24 -10
17 32 -434
17 6 -671
36 36 -818
55 30 -338
20 8 -887
5 24 -654
45 4 814
32 43 -411
49 42 98
31 47 785
11 26 -769
5 27 976
55 28 -673
35 18 -492
43 6 513
26 45 192
19 9 -300
3 49 -949
28 47 545
33 53 595
55 7 -924
29 7 300
56 11 -16
10 52 649
28 5 199
14 52 -817
32 52 573
1 35 374
31 16 15
30 23 -873
46 46 -376
30 2 228
30 16 304
49 16 132
32 5 918
38 40 265
39 35 964
46 6 34
56 23 677
12 49 452
4 41 921
13 37 484
23 30 668
31 1 -778
13 25 -976
19 30 867
52 15 -816
14 27 238
21 55 395
30 39 133
25 30 687
46 39 92
19 36 -978
41 45 600
54 16 927
19 14 318
55 26 382
15 3 20
52 45 447
1 34 -50
14 19 393
46 45 -890
50 9 -274
25 18 203
13 12 -794
8 33 -73
25 38 -325
19 4 -954
30 34 -407
43 26 -126
54 44 -728
39 27 -133
45 36 595
13 11 -999
16 2 -20
1 56 -968
7 7 735
7 24 208
11 14 792
40 31 610
4 11 917
26 24 498
23 33 593
24 32 -906
42 27 -924
27 9 698
56 5 -697
35 16 -953
14 30 487
25 21 -492
20 31 807
13 32 320
53 38 34
9 54 -313
39 15 197
34 28 393
9 49 -375
16 24 -712
8 16 -751
16 45 791
10 21 587
51 19 -137
49 5 397
34 38 -550
5 18 -111
9 42 744
22 39 -403
20 37 311
36 11 755
19 21 -897
42 32 276
49 17 -994
54 14 -927
15 31 -676
12 14 -566
22 2 85
9 46 538
39 25 -352
51 30 219
1 28 211
28 54 -191
4 56 929
17 21 17
41 38 -18
22 17 505
11 40 709
46 54 863
21 6 -125
29 15 988
44 47 -620
32 30 -726
16 50 602
10 51 -697
33 25 -313
2 24 -96
14 44 275
55 12 -299
45 28 -248

46 414
25 23 -796
19 3 878
7 28 -921
14 7 899
19 36 465
21 14 -440
8 10 -273
2 22 653
13 16 -158
28 23 -114
14 14 -369
44 7 -897
11 27 347
46 37 561
14 44 883
15 10 -748
41 15 -197
12 39 -1
17 44 764
22 19 212
45 39 556
18 7 -493
9 23 -480
18 37 -352
37 45 484
17 38 -498
5 18 -46
27 34 -730
35 41 -124
46 5 -166
18 31 -839
35 20 -844
25 14 0
4 5 921
38 30 719
13 1 184
20 34 272
41 26 -452
38 39 -469
22 27 457
16 14 559
29 13 -577
33 14 -234
11 21 555
39 14 907
18 36 866
42 40 10
44 8 297
10 11 -841
13 13 330
5 10 334
28 9 409
18 3 -679
40 43 -795
46 7 97
7 21 743
16 19 125
42 29 991
18 13 -652
7 10 722
24 26 323
14 22 -783
43 29 -381
40 34 -82
12 28 250
15 37 -303
41 28 317
30 6 961
43 32 27
45 9 210
5 25 -483
29 32 -622
40 36 401
27 37 -286
25 32 367
10 15 117
3 37 379
33 29 982
37 3 -845
18 44 -932
45 32 -821
45 27 737
16 11 -820
39 9 -851
26 5 121
17 1 155
9 38 -201
10 9 -305
38 32 17
29 24 119
4 11 -337
18 22 -199
38 7 -251
15 3 -845
46 26 880
1 19 840
6 45 701
32 23 252
20 2 -735
37 10 626
30 26 -302
22 12 943
29 38 416
35 5 124
1 18 794
16 37 -84
37 18 -913
22 33 -899
46 13 -671
16 7 181
42 36 -77
15 40 -329
15 35 -764
21 34 489
35 34 229
42 15 712
3 44 738
11 17 966
13 20 -133
7 16 -709
13 15 -531
7 34 981
12 34 797
4 26 -424
4 16 -228
20 11 -903
10 22 274
24 4 -409
27 45 163
12 12 759
44 33 -746
12 20 -290
30 22 509
3 11 771
15 31 845
34 2 698
25 43 -717
2 42 -535
14 33 913
4 31 214
35 1 -2
17 20 358
37 42 530
24 31 757
19 44 488
9 8 198
39 38 -345
29 7 351
31 41 -139
35 19 574
38 3 52
22 10 219
44 19 616
4 45 106
35 45 -407
28 37 168
5 30 -657
23 37 -531
42 37 222
11 7 922
18 18 953
15 21 945
21 9 -973
10 14 -410
39 20 -592
44 46 970
14 41 -824
28 31 -233
21 11 -412
4 23 673
34 45 272
22 44 -735
3 10 878
18 38 553
33 42 595
34 23 -763
10 2 -411
11 18 179
7 4 515
19 19 -798
20 25 521
24 5 209
33 13 878
34 37 -712
2 46 -970
6 24 -25
27 1 -303
6 26 -842
20 4 424
34 18 45
36 11 333
25 17 478
30 14 712
15 18 -417
45 6 362
20 13 304
26 44 982
41 17 -964
14 3 16
42 39 -881
40 11 991
13 29 205
12 35 385
10 41 -253
43 10 114
1 44 320
41 27 741
22 14 723
16 39 -441
26 1 -668
14 25 -40
15 8 222
11 14 759
30 30 -654
1 31 -868
34 13 -698
46 44 155
17 41 -825
18 41 375
29 23 -618
40 38 517
22 4 -53
22 46 342
40 27 -642
17 31 -776
36 19 737
35 3 -723
39 35 -410
23 8 -834
32 25 314
38 41 -147
23 13 -620
5 9 -580
44 13 252
13 7 -116
1 3 -890
21 7 -889
23 6 -909
45 28 -150
29 31 -681
4 13 -885
38 28 -255
6 2 938
32 39 911
42 34 -216
28 45 -986
31 17 990
25 19 -695
16 24 -970
36 22 169
39 32 -84
30 43 290
29 29 764
41 46 -122
19 45 89
21 6 182
23 22 -525
39 39 -693
16 36 407
3 14 944
25 6 -577
32 31 -862
26 25 266
27 28 990
6 22 -781
33 5 -638
26 33 -219
27 13 -106
32 27 -107
31 43 -162
43 39 -556
37 46 -584
37 33 -272
28 29 -388
6 5 425
46 4 -614
8 3 282
4 21 -698
41 44 231
31 21 -590
40 21 698
27 22 -990
14 12 5
32 8 -26
22 6 -234
19 37 -316
2 19 231
14 11 441
17 28 -51
43 38 601
41 21 654
5 42 -146
15 13 -126
16 1 -985
28 46 998
30 13 -343
17 10 964
2 12 231
3 16 43
19 23 578
38 35 5
7 46 -624
31 26 -797
27 3 -502
44 43 -336
10 18 -382
26 26 270
8 1 -337
32 33 575
37 11 697
18 14 -568
46 11 408
17 17 -337
30 42 -755
2 17 289
12 11 89
36 36 -747
18 35 135
12 9 215
34 24 179
28 33 331
20 10 -243
45 34 287
43 23 -749
7 6 169
36 25 846
37 19 -162
24 6 -132
27 17 118
21 41 785
46 35 -2
32 14 852
7 8 665
46 21 -694
41 43 456
33 36 -272
14 24 -559
6 10 691
30 24 -610
36 20 -504
28 38 576
12 3 323
5 2 266
20 1 -793
13 31 2
10 21 -156
6 35 908
43 19 -400
27 38 -163
2 40 987
9 5 -550
18 23 -52
45 25 738
6 29 -265
20 28 169
24 32 245
33 45 -181
8 16 59
22 22 852
25 12 939
42 16 -900
26 11 723
21 20 -950
6 30 -498
11 8 -768
19 41 -409
44 28 -38
11 43 -91
31 9 -959
8 31 110
36 30 178
16 43 -244
44 16 -515
5 13 -720
46 33 -797
40 42 -969
22 15 292
24 16 -601
12 8 182
33 41 411
30 11 297
6 13 -756
26 46 136
40 3 583
32 42 -317
30 18 -320
13 17 846
41 20 416
25 34 -117
25 18 692
9 7 -334
37 20 -6
1 38 871
12 23 -435
43 35 611
29 36 -637
11 40 218
37 16 675
24 40 -515
27 30 432
35 14 128
14 31 -264
43 6 -945
3 19 332
17 30 -597
13 38 -803
24 14 -877
41 14 111
10 8 266
15 32 559
5 7 773
25 1 -132
32 21 -37
36 26 258

59 708
48 5 -55
50 40 484
45 16 532
35 54 -712
7 47 -30
21 39 387
21 42 -89
54 38 897
48 10 -363
8 44 232
6 15 165
37 18 189
4 40 -608
40 40 -781
43 10 147
36 12 535
1 53 -625
20 21 561
6 11 -167
45 32 656
22 43 532
45 20 348
58 26 -414
9 23 69
23 25 426
15 13 585
55 46 -718
38 22 -949
47 21 -852
19 33 25
7 42 -712
21 12 528
51 37 -581
2 16 -799
25 54 339
44 15 -282
20 11 -259
18 28 415
48 41 -975
51 40 -347
57 14 -949
4 56 -373
49 56 -173
54 9 -315
26 57 -355
55 44 287
25 30 -71
28 29 114
10 48 -921
7 30 108
6 36 -17
43 30 -456
4 9 -510
51 22 458
4 16 -917
50 45 623
13 40 -302
8 17 700
16 6 255
7 6 459
40 1 235
46 52 -838
26 26 -545
55 5 -953
16 41 -821
20 57 70
17 14 -42
46 21 -941
40 47 500
20 56 -594
7 27 -689
28 55 -87
11 43 -694
31 16 -592
34 18 -467
3 39 759
58 13 635
24 45 164
23 55 -633
31 7 497
44 20 -983
25 18 172
37 55 -114
11 19 990
11 48 -950
19 34 -111
34 25 -265
1 16 909
26 38 603
29 14 -545
37 51 175
44 3 811
21 6 559
24 30 -703
30 24 -314
50 19 616
44 55 -165
24 20 -845
20 22 611
51 47 -274
15 47 -505
42 15 -583
39 38 621
45 11 -38
3 30 -82
18 10 -628
10 1 552
42 36 929
19 4 -834
35 36 746
6 54 -408
36 34 864
56 24 -943
3 37 464
34 14 394
14 30 -192
12 25 443
30 8 614
26 34 301
48 12 382
3 50 533
31 44 -113
54 56 608
21 53 728
9 7 -590
39 25 -316
37 37 275
37 47 431
11 6 710
30 39 315
10 25 -237
54 40 834
6 45 -651
49 3 -178
16 8 520
50 34 -80
22 47 -298
6 3 66
16 23 -286
29 58 -213
54 29 -754
55 40 -788
19 1 786
50 55 525
14 33 15
37 14 651
33 30 208
51 48 716
19 41 860
22 29 -80
43 39 223
48 48 914
38 30 -496
46 26 -266
33 44 -726
51 34 242
8 48 562
32 2 -771
2 46 -579
8 52 -31
8 20 202
47 12 658
30 3 -845
5 54 86
13 25 -248
23 16 -687
27 13 -81
20 53 -1000
15 16 -982
30 15 -565
28 25 -971
45 58 104
23 50 773
53 7 225
4 25 -585
8 28 788
22 2 -686
26 47 450
17 6 907
26 28 -799
2 55 556
43 18 208
5 16 -289
44 28 -905
56 38 290
34 47 -923
35 52 569
50 21 577
30 53 137
11 13 143
42 12 -55
10 12 -363
2 58 655
38 31 -511
41 10 -950
23 33 -309
49 54 217
18 33 -1
24 22 914
12 49 534
26 54 100
46 22 522
16 1 -940
44 26 -13
22 27 -368
56 54 -331
17 18 -713
11 26 -633
35 25 49
12 34 60
13 47 79
53 16 186
28 45 -670
9 15 460
23 58 322
6 12 -630
48 6 898
2 38 -282
37 53 97
19 3 755
30 2 -956
7 58 109
19 26 552
13 49 -452
37 44 -904
25 47 913
51 43 9
34 35 363
54 23 758
35 35 -876
16 54 -898
56 19 -150
57 2 -51
54 42 -167
30 58 344
29 4 207
9 24 -80
5 37 -688
2 8 -354
21 49 -473
6 44 969
45 56 -696
17 27 954
39 39 -423
50 18 131
40 31 114
5 21 -39
36 43 -24
17 33 294
19 6 979
52 42 -989
4 3 -981
9 32 -67
33 5 -354
53 40 -338
29 22 586
3 22 913
3 2 -364
37 40 -826
28 36 -888
53 21 -60
56 7 574
30 54 -925
35 18 99
24 7 544
9 27 252
56 43 335
44 47 -988
49 1 -625
44 52 333
37 26 -208
25 35 516
15 9 340
22 30 347
11 35 218
54 19 -181
55 50 163
40 15 383
41 32 771
50 42 -990
43 54 476
58 25 719
16 29 -626
55 36 344
48 21 -938
52 18 -111
5 5 -390
54 17 211
44 5 -664
51 12 -963
13 46 219
39 23 -548
16 20 590
31 35 -701
49 16 910
51 17 -306
33 34 -978
53 52 -562
12 45 -734
58 58 -484
21 51 -116
5 39 778
32 6 828
48 16 835
20 33 205
18 1 338
6 6 -602
2 53 -68
4 7 -371
3 52 70
15 30 -816
48 42 -399
17 37 771
38 47 -234
27 16 -665
50 11 648
23 4 -946
8 11 -530
22 56 -963
41 39 -19
53 10 988
49 13 -695
4 5 -101
5 13 942
48 13 -572
6 28 -334
45 37 83
20 13 33
25 55 -39
33 45 -322
3 16 495
19 42 931
21 27 894
42 44 544
57 5 -944
43 12 831
47 39 -476
37 45 403
1 47 -749
31 4 27
41 41 18
36 6 598
55 35 15
8 25 -644
10 46 -957
41 42 450
6 25 740
34 21 995
54 57 -939
55 12 532
9 9 457
4 1 56
27 29 324
31 36 -293
49 55 -53
33 4 -13
11 16 858
23 2 -844
39 42 917
35 40 -836
50 6 -67
44 34 331
10 56 -208
5 31 -387
4 37 66
22 48 801
32 5 -903
41 21 -478
5 15 914
49 28 265
42 39 -657
24 28 586
53 2 337
43 19 -66
33 22 475
50 32 727
2 54 -64
30 31 -425
20 50 -650
32 53 -399
4 42 -739
13 10 -906
36 31 -957
8 10 -341
35 26 -992
7 34 167
34 53 341
58 9 -802
25 53 274
23 14 -579
19 28 264
55 52 130
56 22 -78
1 54 103
54 28 416
41 34 -143
22 55 80
16 38 -910
1 10 -206
41 23 584
45 57 9
17 20 420
57 50 -103
58 32 840
5 57 876
17 4 189
38 54 822
51 32 -186
57 19 -501
45 13 -180
24 12 790
54 37 286
42 47 -941
25 45 814
5 7 -490
52 40 125
50 30 4
17 53 -271
35 2 -841
40 20 916
45 12 -692
49 11 -945
37 4 -287
41 55 -524
45 46 761
40 9 -350
56 13 880
6 42 112
31 29 91
9 47 257
15 21 973
25 23 -450
47 13 -348
40 8 -653
52 34 -56
37 28 -294
55 7 780
5 41 -879
32 9 -844
2 35 -526
29 55 -169
44 50 700
50 54 -702
51 29 -306
19 13 939
7 54 515
31 18 404
30 14 634
1 40 -747
29 18 137
10 26 -772
5 22 983
31 46 994
26 29 -533
47 30 -550
57 30 586
22 40 283
27 32 -274
40 58 302
3 42 -482
34 40 -627
22 52 670
28 12 65
16 26 406
27 53 872
25 26 -748
46 58 -954
51 39 147
58 7 542
29 23 490
14 31 -354
52 5 596
49 4 -515
55 11 432
32 49 -617
32 39 -972
46 27 585
16 17 -305
29 32 -119
38 40 721
3 48 163
49 29 930
35 43 -241
6 8 565
29 39 936
46 4 -67
52 45 -660
21 46 260
57 44 621
31 51 -693
13 57 -137
58 55 -363
5 11 -578
6 23 -819
56 40 -69
36 16 -708
43 38 -521
21 44 476
32 44 -397
11 33 -23
37 57 -214
52 21 935
20 39 -766
58 40 386
42 18 -404
52 3 -431
27 57 22
55 58 17
29 28 -988
37 41 -608
44 49 757
9 41 655
58 1 -858
53 57 -934
29 44 393
48 8 358
56 48 584
26 25 990
2 23 -37
39 53 357
18 36 24
22 39 372
13 36 259
37 19 -23
25 50 -855
43 24 540
55 14 -81
26 19 433
16 27 -235
30 21 554
7 11 421
56 29 -486
23 10 648
54 6 -585
15 31 831
1 49 -980
41 9 -589
7 7 558
31 13 33
11 18 -705
29 33 113
51 18 58
47 28 358
49 17 497
9 31 764
22 14 964
27 36 603
37 9 -75
25 8 740
50 15 -596
28 32 -183
53 30 246
48 31 756
1 31 956
45 49 -627
52 38 -880
30 48 57
2 9 -102
51 2 263
14 37 -317
10 40 213
40 13 -965
15 53 963
6 10 -9
42 6 258
56 56 -810
26 36 348
21 19 185
31 20 649
15 12 815
5 12 -579
4 23 -545
12 2 972
29 35 305
44 31 -413
52 23 791
54 15 -735
15 3 -715
53 41 814
6 16 -272
29 3 -607
35 42 329
9 4 -321
58 27 326
13 2 416
11 40 -365
24 24 678
10 10 -214
46 36 303
17 32 -260
15 52 -581
21 38 84
58 45 298
34 32 -579
25 10 -975
52 58 -767
20 9 -859
38 48 -778
50 56 344
45 54 927
29 20 -774
39 52 -247
47 25 886
38 44 -384
7 57 -60
51 44 121
12 4 892
47 57 614
47 47 927
17 22 -10
53 35 -853
52 44 191
9 43 -458
47 56 -455
15 34 -868
46 56 853
8 7 380
14 42 -43
3 51 36
31 50 -481
22 21 -980
29 48 -619
17 43 66
10 50 154
1 8 999
14 3 118
51 10 523
22 41 -93
29 5 928
57 13 11
58 30 358
3 3 -896
25 22 483
58 43 750
18 5 -6
9 38 -144
54 32 -248
13 32 -975
43 29 129
51 13 -416
23 28 731
9 3 141
6 48 167
50 41 -994
14 38 -830
17 52 -749
57 54 -103
30 46 271
33 21 -598
55 42 329
19 39 570
24 3 -593
42 49 -242
31 21 859
41 18 761
22 38 -162
51 36 -287
54 16 -366
27 46 277
34 49 840
20 16 -137
34 45 -150
8 38 959
15 46 -500
11 22 290
44 7 993
44 45 -868
11 37 -300
20 26 380
56 52 45
52 8 117
48 52 238
13 53 -810
34 24 506
16 53 896
34 44 -589
57 36 -868
11 20 369
58 16 -857
21 57 333
3 57 33
35 27 -87
50 43 234
44 42 446
21 20 965
35 4 49
20 55 -74
20 30 458
22 18 -240
17 31 649
13 8 -108
25 20 -708
49 48 -272
46 17 219
27 42 -813
28 14 985
58 57 283
30 49 -394
54 7 -921
42 13 234
56 51 512
29 9 -392
55 57 973
14 21 -938
26 22 -601
18 50 488
10 2 780
58 35 -153

