16
5 5
1 4 100
4 5 97
2 3 -1
3 2 -1
3 5 1
4 4
1 2 0
1 4 0
2 3 -1
3 2 -1
4 3
1 4 0
2 3 -1
3 2 -1
3 2
1 2 100
2 3 98
3 2
1 2 100
2 3 99
21 189
9 3 -44
20 12 79
11 16 22
6 12 6
1 2 -5
6 6 13
11 15 -4
17 2 72
1 18 -30
19 18 7
3 4 -26
10 3 -19
9 19 43
9 18 92
2 2 5
9 4 56
18 7 93
14 7 12
19 9 -71
9 13 56
10 16 -9
15 13 -87
4 17 -70
17 18 -89
11 17 -92
17 16 -36
4 18 51
20 1 88
2 6 52
12 20 1
4 8 69
12 2 0
8 19 -17
9 20 -33
12 12 -100
9 5 -44
5 8 -3
2 8 13
6 20 56
20 17 55
4 20 0
16 19 12
8 17 -66
15 11 -93
12 13 92
18 17 -92
16 4 -13
5 13 35
17 11 4
15 20 12
5 19 -74
8 13 73
14 10 90
16 13 92
17 5 61
8 20 76
15 5 -14
10 9 88
1 3 6
6 18 -62
7 12 64
3 1 -5
14 16 86
8 10 80
19 4 -29
16 15 -37
5 3 -41
12 17 -96
15 10 -69
11 6 5
6 8 64
20 11 -6
5 7 -69
6 13 -13
19 6 63
16 9 61
2 12 67
6 4 58
9 6 95
3 16 -54
7 3 89
9 8 45
6 16 3
2 10 59
4 6 90
1 9 31
12 3 92
16 12 68
6 5 -51
10 15 48
20 14 11
8 8 -53
11 3 -96
4 5 90
17 1 -70
12 19 -49
13 12 -56
9 14 -58
1 6 34
7 15 -76
19 8 -62
10 19 10
8 3 4
2 19 -93
12 9 -22
15 7 -92
20 16 17
9 17 55
16 11 -63
1 20 -74
12 1 -97
8 14 10
20 9 -65
11 19 45
14 19 -71
17 8 71
15 18 88
12 10 -61
8 16 28
20 8 -73
18 10 75
12 14 67
11 5 -76
18 20 -41
8 11 88
18 14 76
13 4 73
13 13 58
17 15 69
10 14 -18
1 1 -39
14 2 44
1 4 69
20 4 -59
10 20 15
17 3 -54
20 20 -87
8 7 -11
20 2 -46
14 8 28
18 5 -91
3 11 -76
3 17 97
4 11 79
14 4 -82
20 3 -28
9 9 78
14 9 40
19 5 -2
20 19 -3
19 2 59
13 8 -46
11 1 80
14 13 76
16 10 5
4 9 -99
3 20 -40
7 16 51
10 11 63
14 12 -5
10 7 88
7 17 82
3 2 -91
17 19 -88
18 8 -64
14 14 51
18 16 -6
7 9 86
15 14 18
15 19 77
16 1 -93
17 10 18
7 14 -88
5 16 -38
15 6 -7
8 9 84
12 4 -6
17 4 85
19 1 61
17 20 90
17 9 65
7 18 -9
13 15 -63
11 8 -92
8 4 -9
8 6 -22
7 10 -89
3 18 55
4 10 -86

21 210
3 18 -38
12 10 97
15 2 88
11 9 13
18 4 -27
18 10 12
13 7 99
8 18 9
9 5 72
13 10 -40
13 19 87
14 13 79
9 16 91
8 12 30
18 20 -61
8 8 -86
16 16 11
3 8 -65
14 8 23
20 10 36
2 20 19
10 9 46
20 6 -39
19 2 -52
18 12 -92
10 18 15
1 15 -96
11 6 100
6 17 88
9 14 -40
13 11 -44
14 5 -2
19 14 -52
13 12 78
15 20 73
8 14 -28
3 1 -61
19 1 -8
6 4 -56
12 18 52
9 2 -38
19 20 -66
12 11 45
7 6 -49
16 13 -62
12 17 -92
11 20 62
10 10 -32
9 1 -46
11 13 -74
19 10 0
16 14 -71
2 12 -24
3 2 73
16 15 -99
16 18 -6
2 7 15
20 13 17
20 18 90
7 19 -56
5 15 19
1 17 -78
6 15 -76
20 9 38
2 5 -8
20 1 -50
19 3 1
2 14 92
16 10 7
17 5 47
12 3 -45
5 7 40
9 13 71
10 5 -83
7 3 38
6 14 84
1 20 30
5 11 5
18 2 -15
12 20 79
3 11 -57
16 11 -12
7 17 -91
9 19 -55
14 2 -84
13 9 71
12 12 -3
9 10 11
15 11 40
10 3 62
15 10 -30
2 18 -31
14 11 82
14 10 -67
15 6 54
17 13 -84
4 12 -47
13 3 -58
13 14 46
9 6 13
13 8 54
20 11 73
14 14 -45
4 20 74
13 18 -28
10 11 0
14 6 -54
19 15 3
3 17 48
9 7 -69
17 14 72
1 18 -48
12 6 -81
14 1 -18
4 2 3
4 3 -36
7 9 53
12 14 32
9 20 76
9 17 -38
11 19 -71
15 8 -24
5 18 -25
1 5 -54
4 7 -62
18 3 62
19 8 -26
12 13 35
5 14 21
12 8 -81
9 8 67
15 7 45
10 13 -78
16 7 -93
17 6 -36
3 9 -79
10 14 -46
14 7 51
16 9 30
13 20 -20
8 3 -1
6 1 -91
11 17 51
11 14 -70
19 4 22
1 16 -36
12 5 86
4 15 -71
5 1 -1
5 4 -73
3 12 -97
2 17 61
19 12 64
16 12 -56
18 13 49
5 19 -68
5 5 52
10 17 76
16 19 -24
6 18 -97
10 16 -39
3 20 -2
15 15 -32
20 20 -21
20 14 -70
17 15 -21
16 1 -80
7 15 99
12 4 -20
17 3 17
19 16 -45
18 6 -3
14 20 88
18 8 -73
13 6 19
6 8 18
18 1 -72
7 10 -79
15 19 -54
19 6 -96
7 14 -91
13 15 -57
9 15 -17
1 19 -84
7 20 -29
19 7 56
14 9 -70
11 2 -16
7 18 -43
17 8 -74
10 15 -83
5 17 -88
7 4 -86
8 20 40
20 3 79
5 12 -4
2 16 76
2 10 -52
13 17 -92
14 16 -9
9 18 -87
1 14 12
18 18 -31
16 3 54
6 9 13
11 15 86
11 4 -94
1 12 11
10 1 -18
9 9 54

36 360
6 1 100
31 7 -66
32 8 -82
27 8 -98
7 24 39
22 16 -57
26 20 -39
5 10 9
5 26 -38
11 24 60
11 8 49
2 8 75
31 8 46
19 20 48
27 24 15
4 21 75
34 15 89
15 4 -20
14 12 -18
10 9 33
32 23 -98
18 18 -6
5 19 -3
25 19 72
32 31 60
25 32 1
25 4 68
23 26 69
26 25 87
18 3 32
32 15 2
17 30 -10
15 27 -77
5 32 32
35 1 -73
10 4 69
4 23 -62
21 25 61
35 5 -10
2 12 -60
5 12 -54
20 14 65
9 26 3
31 22 74
16 3 80
32 30 47
25 34 -9
13 31 -84
10 32 -28
6 21 -25
33 9 64
7 23 74
18 1 78
24 27 -16
7 4 -90
34 31 -46
22 25 -63
33 14 99
32 1 86
7 31 -34
15 35 11
34 6 -32
15 11 63
29 17 89
32 9 -47
8 34 -86
30 1 100
7 14 -7
16 10 99
14 31 2
8 2 36
16 26 41
9 25 -49
28 23 -65
31 9 -55
2 27 69
12 28 -87
31 25 1
18 13 94
34 23 -34
35 29 60
3 14 28
29 2 -65
13 28 19
11 14 96
15 13 30
9 23 -79
18 19 -64
33 8 56
6 22 -38
13 33 7
33 26 -74
11 17 47
19 24 97
9 4 85
26 27 -12
33 33 -1
29 12 -53
12 15 -89
29 11 -29
11 2 14
35 23 -21
5 11 84
4 19 39
5 27 -86
34 24 85
5 13 47
12 26 -7
30 7 -76
24 24 41
5 30 100
32 14 83
22 7 1
2 22 -71
24 18 70
6 4 -88
23 13 -7
27 2 -31
34 1 24
13 23 54
35 24 -18
29 1 82
2 17 83
15 12 78
22 15 -5
4 6 76
10 29 -28
19 9 -42
34 9 73
24 4 -7
6 13 50
8 18 66
17 5 81
9 2 65
21 12 -80
23 18 70
27 16 -66
13 22 -22
14 4 -24
21 11 55
35 3 83
24 34 -30
33 22 -16
34 16 34
34 27 87
21 14 34
35 8 81
5 4 -97
33 10 71
28 6 42
4 13 -41
1 4 -97
8 33 18
17 20 37
33 29 -47
10 14 -47
6 28 -68
13 30 88
3 2 30
8 32 -58
11 27 18
9 15 37
31 32 9
29 32 -63
16 9 77
34 4 35
6 33 -65
25 23 93
16 2 26
6 11 79
25 8 -4
26 22 -9
11 25 44
18 27 96
14 15 -13
20 12 4
16 1 7
32 13 -22
8 1 -91
2 5 -28
23 9 87
21 3 -28
17 35 -81
33 24 85
9 33 -16
21 4 83
21 8 60
33 7 -17
9 21 69
13 6 -7
17 29 31
20 26 52
6 10 52
23 24 20
10 33 85
3 11 -99
14 11 47
20 30 -71
8 15 32
20 9 76
10 25 23
13 29 -9
30 22 39
32 12 -70
7 33 -3
6 35 -25
34 11 -3
14 16 -66
2 4 -69
11 26 -41
21 28 55
24 14 -59
15 18 86
11 4 -49
1 28 -22
9 32 -30
3 15 94
18 34 -80
7 29 -38
23 6 -74
28 20 97
7 28 -5
27 19 -34
2 2 -91
22 17 -30
26 19 -53
33 20 9
30 24 20
27 18 -2
24 26 -86
15 16 -39
32 34 95
19 23 50
16 15 95
25 12 83
35 20 -54
24 21 -18
24 31 -87
22 23 -76
1 10 25
15 22 29
3 31 -1
3 6 -17
31 30 -2
19 34 -91
23 1 -57
1 2 8
1 15 45
9 22 67
12 19 -81
22 11 -45
12 30 -96
17 32 -39
1 3 15
5 31 85
15 17 61
35 34 31
10 31 -64
4 3 64
15 25 -4
17 31 77
18 31 -73
26 13 57
20 8 -35
16 33 -54
23 17 -76
4 17 -1
3 35 -67
14 32 59
14 19 31
30 15 -70
23 15 78
20 32 12
33 18 -93
2 31 8
31 17 94
19 19 52
11 12 11
18 16 62
17 16 -6
15 29 -35
21 33 -27
30 25 -77
35 30 -23
7 8 -7
17 15 15
9 5 -23
18 23 -19
12 1 11
27 4 25
21 20 32
35 11 -76
24 5 -44
33 23 -45
22 29 23
21 24 -21
1 27 63
23 21 60
3 10 -52
22 12 55
26 10 -14
29 20 70
1 20 98
20 3 46
30 17 -91
3 32 80
19 14 39
15 30 -41
25 11 97
7 9 84
20 20 28
32 17 36
4 33 -44
29 31 5
8 26 -55
32 11 -58
31 21 -52
18 26 -79
34 10 -93
4 29 13
19 15 -15
15 5 -59
6 25 56
23 2 -27
1 22 28
17 19 -10
28 14 36
35 6 60
26 7 72
25 22 50
28 18 -40
3 27 45
35 4 -44
31 24 -46
26 34 -16
19 17 96
31 5 -84
30 33 -15
8 22 1
35 31 55
28 33 -47
20 7 -4
1 5 -82
30 23 80
23 31 39
30 35 90
24 30 -36
4 2 -92
26 5 -57
18 7 -45
25 14 80
34 13 90
3 23 58
2 1 88
2 33 10
4 15 -40
28 26 -21
35 15 7
16 13 -17
3 17 -59

31 310
23 5 4
10 6 62
13 12 16
4 14 -43
12 24 -76
24 27 -73
26 10 -14
29 6 11
18 20 67
13 5 26
4 10 -83
28 24 85
7 21 -48
3 30 -94
8 26 17
14 9 23
12 2 65
7 27 -33
18 18 84
17 21 82
28 16 74
10 28 9
16 30 -17
21 11 15
4 8 -90
8 2 56
30 29 8
8 12 -54
1 11 -99
16 2 71
5 7 -52
19 24 7
19 18 12
26 8 18
24 9 -21
23 18 -35
16 26 -63
21 15 -39
28 5 -1
31 19 100
19 1 -45
30 5 42
12 21 -87
16 21 -60
6 14 -55
5 16 -66
21 9 -97
23 30 -31
29 14 -37
9 19 -37
7 3 78
8 5 56
19 2 -71
30 26 -43
22 1 75
17 11 49
4 17 -21
27 9 59
13 28 -55
5 5 74
3 14 33
7 20 82
6 1 74
14 30 -17
28 18 66
13 6 -95
21 25 -13
26 15 30
22 30 -75
31 26 23
18 12 45
25 15 33
13 16 -79
11 7 11
10 22 92
6 26 19
12 14 46
20 27 83
7 10 87
21 17 -34
3 24 -14
4 31 -55
9 21 -13
17 1 -73
30 23 72
20 26 -61
31 4 14
6 13 37
19 27 -50
24 4 -29
11 14 -15
7 16 86
15 20 12
12 5 77
16 7 44
1 29 66
7 15 11
23 7 88
30 4 79
1 16 17
22 11 7
25 7 -66
5 10 -30
10 10 65
15 3 -98
5 26 -39
27 29 -76
14 15 -65
17 22 100
15 28 -18
29 30 -14
15 29 -58
31 31 77
23 12 -19
8 30 -13
21 14 3
23 14 -85
31 23 -91
26 24 63
28 13 -63
20 12 -74
11 23 6
1 14 9
1 10 52
4 16 89
24 18 11
20 28 7
4 24 11
1 5 -4
22 5 -5
28 29 -12
21 27 23
19 11 42
26 21 95
30 27 54
7 11 -77
18 3 95
19 17 -98
27 21 30
3 8 18
10 2 -34
26 28 -32
9 14 -29
4 2 -80
3 20 47
12 20 -31
8 31 56
11 28 -96
7 30 23
16 22 47
6 5 -62
5 19 15
8 23 60
25 29 -3
24 8 -27
15 24 68
27 3 48
12 16 -2
9 15 1
22 2 91
9 23 95
16 18 38
10 29 96
14 14 8
1 9 57
19 25 15
20 2 -15
5 3 -53
29 8 -99
1 24 -66
11 13 39
27 25 -72
13 24 50
21 19 100
3 11 52
2 13 -60
17 18 -57
26 23 -74
2 22 -58
26 9 -72
14 22 -56
10 15 55
25 30 70
29 11 26
1 27 -68
17 28 97
29 13 -66
3 22 -40
20 16 75
25 23 -78
27 22 -29
18 23 -72
28 28 -43
27 1 19
26 3 93
17 14 -27
26 14 100
26 7 51
15 26 74
6 10 67
27 28 -59
30 19 -1
30 7 -77
27 17 -37
30 30 -14
2 30 5
4 28 43
9 30 89
27 26 27
16 24 38
17 24 22
14 26 50
25 1 57
10 9 -9
5 21 -37
17 6 -24
31 13 49
13 21 78
2 10 11
15 18 4
1 8 -1
18 17 -13
1 6 37
30 16 55
13 3 45
19 5 57
26 2 -9
28 2 -83
6 24 61
28 27 18
29 16 -17
19 19 94
29 21 -13
8 18 22
11 16 32
29 3 -18
20 3 72
22 9 100
22 25 -9
23 6 36
25 17 -6
20 15 59
8 24 3
16 16 19
13 20 2
2 1 -74
4 15 30
14 3 72
11 15 35
22 15 93
23 8 49
17 23 -99
21 21 -38
1 22 -13
30 1 -79
19 7 -95
11 31 66
15 12 99
29 24 -79
29 29 17
18 19 -73
27 4 -8
9 12 -46
16 8 -21
19 29 42
15 25 -100
25 14 19
9 25 -52
21 16 -45
3 27 -95
29 5 -49
13 19 2
4 27 44
24 30 24
27 16 -10
22 10 86
22 21 38
9 3 39
14 18 99
10 16 -4
30 10 -90
4 29 -74
13 18 41
4 21 -72
24 21 32
11 8 12
3 23 38
21 12 92
5 27 -17
7 25 -31
2 25 96
25 2 34
17 7 93
17 16 -66
19 3 26
24 17 -53
2 29 -50
28 12 90
2 16 87
18 1 80
11 27 63
24 20 -39
19 10 -31
16 28 23
15 4 -52
8 17 89
10 25 83
30 12 42
5 23 -20
25 18 33

34 306
28 18 79
17 16 -14
1 28 93
22 24 18
9 3 -57
11 13 49
17 29 -21
14 16 -24
21 25 55
13 16 -55
20 6 -16
15 23 21
16 33 -87
21 30 4
18 30 -93
29 25 -90
17 12 49
14 27 -43
18 19 -1
32 32 -29
12 20 -98
20 13 85
19 4 -77
16 1 48
2 33 -71
28 32 -55
4 32 -79
4 14 -53
27 6 59
32 18 -59
27 12 36
17 1 -51
11 6 99
21 14 85
22 23 43
8 27 8
29 17 -65
24 3 19
11 26 -82
17 33 74
12 4 -66
32 14 53
21 11 -44
23 33 80
20 2 -75
4 27 -12
27 4 82
13 14 -69
8 13 -9
17 11 42
17 19 -15
7 1 35
3 25 37
9 6 -4
23 25 -41
9 2 80
10 34 -13
2 13 96
12 3 91
4 24 -7
22 4 -27
15 34 -18
34 5 -5
1 8 -83
7 6 -2
28 5 87
20 29 -29
26 25 50
27 26 -95
23 8 -72
24 24 -46
28 19 5
33 16 -79
29 10 15
28 13 33
8 18 88
20 18 76
13 19 43
12 30 -74
1 34 -56
5 18 57
12 27 -13
15 33 24
19 7 -83
19 18 23
4 25 -13
21 21 65
8 19 -58
16 16 -44
23 2 13
6 3 -13
6 5 25
15 17 4
7 8 -87
27 25 -33
19 32 -10
15 20 -92
31 19 -68
15 2 81
16 4 11
18 28 39
22 17 0
6 1 62
7 18 3
6 34 -21
13 23 72
23 10 25
15 30 -76
9 21 -56
28 14 -77
14 28 -80
8 4 -99
30 12 -98
29 29 28
4 26 97
2 34 56
1 1 45
5 3 -66
16 27 -66
24 8 -6
32 17 -15
9 17 3
24 23 64
3 7 94
14 6 64
2 31 77
21 32 66
26 12 74
7 11 79
19 21 -33
5 7 -55
31 22 19
1 4 -81
14 24 48
14 8 -90
6 10 -97
2 15 -43
7 24 29
4 21 -18
12 13 45
15 7 78
17 2 -1
11 22 29
4 16 -60
30 8 -43
7 33 -65
8 24 -89
8 15 43
28 30 70
4 33 66
32 2 -21
20 14 59
9 9 -73
34 26 35
27 2 5
27 31 -38
26 28 54
17 18 29
28 22 13
1 25 -97
25 10 2
3 28 -94
28 25 -89
1 10 12
3 33 56
27 17 -32
32 31 -28
20 23 -88
12 10 31
11 27 9
1 26 30
16 29 1
20 27 -100
4 11 -44
16 30 42
3 32 64
33 12 -81
23 1 -16
24 26 20
34 7 85
21 12 -81
28 28 74
13 30 -7
34 21 -90
12 14 90
16 25 33
10 14 55
12 34 83
18 6 -66
27 11 55
10 19 73
3 23 -83
13 22 69
8 14 21
2 5 70
16 10 77
14 31 -54
14 1 -69
23 9 -92
5 33 85
27 29 72
27 30 27
29 20 16
10 5 -18
16 14 9
25 33 6
17 22 51
17 21 -76
11 24 37
33 30 88
3 18 -38
25 9 -75
33 19 24
21 17 82
16 23 -26
19 30 -46
20 22 -1
30 32 -27
32 25 46
7 3 -40
7 2 85
3 22 -10
20 9 27
22 22 -97
18 3 62
9 25 -42
33 23 -91
6 2 80
2 18 -29
13 1 -59
6 4 -42
5 10 -2
33 14 -76
4 13 58
25 15 -32
30 10 71
17 23 76
13 15 91
34 17 -1
18 29 21
15 24 -9
9 33 21
5 17 12
34 19 -45
7 7 34
7 15 12
30 21 -67
25 27 -72
28 27 -71
10 4 47
21 4 -42
28 15 11
19 31 80
25 26 -19
30 16 -57
5 31 -18
5 11 -31
31 9 -65
14 3 68
14 12 -42
15 13 18
22 16 -13
9 30 -43
11 10 -25
5 4 87
28 34 54
5 6 48
20 30 49
23 17 16
2 1 59
4 3 -73
1 15 63
12 26 75
18 22 -42
28 26 24
26 2 -52
21 3 54
7 14 -29
14 22 30
1 23 -82
23 12 91
19 3 -92
18 33 89
4 7 58
12 9 85
16 7 7
24 15 -13
11 18 -73
22 27 57
22 19 -18
8 28 -88
31 13 -58
6 14 20
2 9 -94
31 14 -85
3 9 10
18 24 -45
12 32 -31
17 26 -28
33 26 7
11 2 23
20 28 30
26 22 82
4 23 -17
20 32 52
6 13 23

27 270
1 10 -9
3 26 34
20 15 90
1 18 -64
18 5 -22
22 12 75
26 13 25
11 17 23
4 16 15
2 13 70
3 22 77
26 6 38
2 14 -17
21 11 -54
2 18 48
3 2 32
8 18 -66
17 15 -60
4 3 23
21 16 90
26 17 -67
13 20 -63
23 16 -57
7 27 95
20 14 -24
21 25 -45
2 22 -25
3 18 -3
12 1 -37
25 6 -25
13 1 -7
13 11 71
2 1 1
14 4 -78
6 21 7
21 23 38
22 7 86
8 5 57
12 16 -47
13 19 82
22 21 -68
3 8 -76
26 18 57
19 20 -14
18 1 -49
22 15 24
26 25 96
2 27 -96
20 21 -89
4 18 -20
6 27 -24
26 8 -49
18 22 100
7 4 -62
15 2 -33
2 10 27
14 26 -49
10 21 -77
23 7 -49
13 14 -32
25 4 -24
8 6 76
25 17 -30
3 10 72
15 20 -69
1 21 -86
11 13 -87
27 13 -18
21 6 -56
10 14 5
2 12 -52
8 20 6
16 2 -21
24 22 -48
10 3 92
16 10 63
23 10 85
17 23 45
9 19 88
13 12 6
16 18 6
21 1 34
2 2 35
10 8 63
10 26 -53
25 19 16
3 19 -89
19 22 43
6 3 -58
17 16 59
26 27 -59
2 16 18
13 15 -6
10 10 38
16 15 52
13 23 -49
24 19 21
11 11 -65
21 7 -9
5 26 52
12 4 -5
15 6 56
13 5 -13
4 12 2
8 8 -34
18 19 72
4 22 30
22 20 -67
23 27 66
19 27 58
16 14 95
4 14 55
8 25 -19
5 18 80
23 1 30
17 22 30
7 22 55
18 27 96
13 27 -39
21 8 -37
4 1 67
18 14 41
26 22 -4
15 12 98
22 10 -71
7 13 -41
15 4 70
11 23 52
11 7 31
18 8 86
26 26 -35
16 4 18
16 7 -58
3 13 -33
25 7 50
13 25 77
6 23 72
9 21 70
15 17 -16
14 5 35
3 23 -21
23 11 30
8 14 89
2 21 -67
3 25 -38
19 26 -32
24 11 -6
1 5 -34
12 17 -69
15 14 11
17 3 -74
22 22 -83
5 2 40
14 17 74
9 25 26
11 4 -55
2 17 76
12 10 -4
6 16 -83
8 22 19
14 21 -97
12 20 95
24 2 82
20 8 -2
7 11 91
1 9 85
1 12 0
13 13 -66
17 27 90
24 27 -86
9 23 23
21 5 14
4 26 46
6 12 -67
23 6 -13
16 1 -12
1 6 -28
19 12 28
10 1 -41
2 8 8
19 5 -84
4 4 38
1 17 79
21 27 68
19 19 14
7 17 45
15 10 5
22 3 15
12 12 87
18 15 -1
4 19 52
25 21 83
24 10 96
8 15 16
7 12 83
6 19 15
2 5 36
9 26 -49
7 18 -86
3 9 -28
8 23 -37
19 3 33
1 25 -96
7 2 -86
18 23 39
26 24 -4
24 6 46
16 19 -94
23 22 52
27 21 2
18 11 -26
15 27 -61
27 5 86
2 20 -19
6 5 -22
21 4 35
4 7 -75
2 11 48
14 6 76
16 20 93
6 1 57
22 18 36
11 19 90
21 22 50
12 24 -89
25 14 79
24 7 -95
25 24 12
16 6 -81
10 11 -5
2 19 31
12 11 -80
22 19 85
11 8 69
21 17 -91
16 24 -47
8 12 -28
22 13 -16
18 25 89
9 16 65
3 20 -37
7 20 -23
27 16 -12
3 7 -99
8 7 -44
24 16 -73
19 24 69
8 11 -1
2 6 -97
2 4 80
17 1 5
26 11 -42
23 12 -46
5 23 97
15 18 29
1 20 62
26 16 -37
15 1 21
11 1 77
24 17 -19
8 19 7
6 6 -66
25 18 24
3 3 -11
17 2 -56
10 6 100
24 15 36
2 26 -22
18 9 -16
8 21 -65

36 288
7 16 50
32 31 99
8 26 84
1 30 51
13 32 -97
20 23 -100
33 28 12
17 28 -54
7 3 58
8 34 -94
10 18 -8
17 7 -59
32 12 -83
31 12 88
4 22 -57
23 27 -18
12 35 -31
28 28 -58
31 32 -51
34 23 -92
18 7 -29
20 11 -85
6 7 73
26 26 63
34 28 29
6 30 -67
30 11 -18
24 27 -54
35 31 2
15 1 -49
4 32 -34
27 32 -66
9 24 -24
11 14 -34
8 6 31
33 21 -52
34 25 39
21 29 -98
17 16 -6
29 18 93
34 12 -24
30 16 -86
4 26 -84
6 3 85
19 6 -48
11 29 -74
5 16 47
20 3 -29
11 7 -98
22 26 -10
2 21 80
3 10 30
20 10 -78
3 19 20
31 17 -35
18 24 -96
15 31 -43
6 24 -73
1 24 36
24 10 97
3 22 57
31 27 -73
9 16 -26
30 32 95
5 21 85
6 1 31
14 20 72
29 13 0
6 17 1
3 34 -18
29 12 -35
31 7 30
27 27 -34
5 13 -31
26 7 19
34 34 54
23 26 -64
6 4 67
17 29 46
17 31 84
30 24 10
22 10 0
17 24 21
15 3 -61
17 15 51
35 19 65
12 1 68
33 35 -86
32 4 -45
31 2 -39
7 6 53
17 4 22
26 11 94
14 15 52
9 3 45
23 22 30
26 19 5
9 13 -65
18 13 -7
16 10 -46
10 4 -55
26 3 12
19 11 63
30 18 41
6 19 83
2 19 63
34 6 -49
13 23 52
33 2 -37
24 21 40
13 17 -35
15 2 77
7 35 89
11 4 -25
13 25 34
1 11 -54
2 4 -19
12 6 -50
13 6 -33
6 33 31
22 25 21
19 22 58
12 30 98
4 17 -18
11 17 -87
19 18 -31
11 6 -8
13 35 -18
25 13 -69
34 24 89
2 3 -40
15 23 -9
33 13 -21
14 26 -79
17 27 -96
21 13 -67
32 19 3
9 17 45
30 33 -27
25 2 -21
26 4 75
35 3 45
20 20 19
27 28 69
27 1 -11
27 33 16
21 35 15
12 2 74
11 27 99
31 30 -32
2 28 85
12 9 46
19 26 -63
16 4 1
12 26 -4
29 26 -96
16 14 -52
11 19 -23
27 24 -43
14 22 -83
13 26 -54
18 16 92
27 16 66
3 14 -82
28 3 -41
12 12 -8
33 4 -61
10 26 1
10 14 -32
17 2 66
27 30 -75
33 12 93
30 29 -62
17 9 -87
5 8 40
6 18 7
5 12 24
3 12 75
26 9 -65
19 28 -7
7 1 72
35 14 -93
3 4 47
10 5 -64
26 22 2
6 14 36
28 32 85
31 14 -93
13 16 95
15 32 -46
22 23 -87
21 24 -15
34 9 62
10 29 44
34 4 97
28 23 68
28 29 -84
13 11 23
5 23 44
9 2 82
20 9 -23
16 11 -56
7 11 -72
14 28 -37
2 35 38
22 29 91
3 3 -19
2 31 0
32 11 -3
16 35 -45
22 1 -57
23 6 54
28 7 24
22 30 -89
10 13 95
31 33 3
8 9 47
12 18 100
35 15 19
35 12 -36
35 30 -12
1 4 78
2 17 73
16 2 -89
1 27 82
28 2 61
28 24 -95
14 10 -10
24 19 30
33 10 48
9 23 -92
35 28 -21
5 9 -90
21 7 88
33 11 61
6 13 54
34 35 -51
5 2 11
3 30 -86
22 17 -62
17 17 -77
23 13 -84
3 23 -20
6 10 -88
11 20 -24
7 5 64
15 13 31
22 2 -58
8 13 -97
9 18 -79
9 31 39
10 6 52
20 2 4
24 30 -16
4 20 -15
35 22 85
34 10 -32
10 31 -18
10 20 -93
13 19 41
19 5 -81
18 22 -70
25 17 93
10 12 17
19 29 29
9 32 -57
2 34 8
17 21 16
13 18 -99
11 5 74
33 7 -93
30 19 65
8 23 58
9 7 -49
33 5 -92
25 21 -1
20 26 11
10 9 80
2 11 -19
14 14 -26
8 8 24
18 34 96
35 27 60
28 11 -85
20 22 63
15 10 73
4 14 91
1 33 99

36 360
3 31 -63
20 2 79
35 23 2
29 24 40
12 2 -9
20 1 -42
26 3 -71
28 26 -28
11 3 58
8 20 53
30 2 -78
29 11 -84
18 8 -14
14 8 41
17 17 -85
23 23 91
23 13 53
16 22 98
28 9 -51
26 13 -73
35 1 -14
2 4 -19
12 23 33
13 3 49
29 27 -70
33 29 12
17 28 -82
30 32 4
13 5 -54
7 12 79
34 3 11
18 25 66
7 23 48
23 35 -50
31 24 73
31 5 -85
8 22 -82
27 7 -42
22 17 35
26 18 60
5 29 -75
9 22 93
29 35 -39
27 3 64
24 6 23
19 23 46
24 10 -1
8 17 -41
23 17 34
4 2 30
27 28 84
18 20 16
33 5 -89
5 34 -35
2 24 -92
28 23 56
14 29 84
17 6 13
14 31 70
8 3 78
27 17 -95
32 12 94
6 21 47
7 11 36
17 10 -45
33 33 -55
26 24 -90
12 30 -5
23 2 -51
34 11 92
29 22 -55
22 21 -69
8 23 94
32 31 -78
20 26 37
15 23 93
14 20 -69
30 16 51
29 33 -82
25 21 -38
14 25 -38
16 33 -15
22 6 54
32 3 -59
12 9 -61
22 5 -10
24 16 18
15 16 68
8 21 0
25 14 -2
6 3 -99
28 21 -48
18 14 4
15 8 -20
22 28 -100
21 35 97
8 8 -80
13 15 36
21 15 9
2 3 32
7 35 -70
23 9 8
18 5 -58
21 28 -33
29 34 41
31 3 -75
33 3 -10
25 12 -41
13 18 -48
3 19 -66
33 9 46
16 28 47
10 34 -64
8 32 85
35 9 62
23 7 75
31 4 -68
19 35 28
11 20 97
12 16 -46
33 4 -7
26 22 -84
20 19 76
25 15 -95
1 16 -55
14 11 -10
34 27 -55
3 2 -98
1 7 75
21 16 -31
22 33 -92
32 14 -38
11 24 -11
31 18 -60
8 10 -58
35 21 46
32 21 -96
14 6 97
13 17 -75
32 13 -58
27 5 -31
34 32 92
13 14 -78
13 11 38
28 31 61
15 25 -24
11 26 6
17 4 22
5 24 10
1 10 68
22 18 -50
5 28 -33
9 8 -86
13 23 -26
10 20 -75
21 27 -96
10 17 -19
20 27 58
18 16 -2
4 17 -2
35 22 49
4 34 16
13 7 -67
2 31 22
6 7 -97
16 3 -28
15 30 -29
16 1 -61
28 13 65
20 24 81
21 23 -27
22 15 31
11 17 -38
5 7 -47
15 28 19
30 33 -11
9 9 -89
10 12 31
3 23 -89
2 34 -91
6 14 69
34 1 33
11 35 10
4 4 -68
4 13 -48
3 8 87
31 15 75
15 9 10
17 8 -53
12 27 -37
12 7 -79
25 32 96
25 20 -87
26 10 -90
27 21 -17
27 25 9
5 32 -19
28 14 86
21 22 72
2 20 22
18 13 -98
22 4 -68
1 11 -13
24 25 32
20 28 -34
5 27 -54
10 18 84
29 30 80
12 21 -67
17 23 -92
16 35 49
31 30 -75
27 14 93
13 9 -72
13 28 -10
16 26 -76
6 2 -88
19 11 12
3 5 -68
25 10 -89
7 9 90
29 3 -48
34 14 -86
25 7 86
23 15 79
28 25 -42
4 8 65
21 9 40
13 34 -87
8 16 89
19 26 69
8 18 -44
2 17 -25
35 34 -55
9 4 34
30 10 9
27 35 35
5 6 -17
27 12 -43
14 27 28
21 21 0
12 26 -50
24 14 -24
13 30 -88
23 26 -88
10 2 30
6 35 -94
15 15 -9
17 13 -28
15 35 -63
30 12 22
2 27 19
4 28 -77
35 11 -56
1 12 -12
5 15 -99
31 26 36
9 35 -4
11 29 2
9 26 -3
1 9 -5
3 22 -93
30 20 49
4 20 -67
18 10 -16
14 10 -2
21 26 24
28 28 -78
34 29 -22
8 28 13
16 21 89
30 17 -72
14 18 -23
14 13 7
6 17 -74
4 15 43
3 12 -20
19 3 -10
9 3 -38
14 34 -47
30 14 -47
5 30 19
7 32 35
12 3 27
7 6 79
21 18 14
27 11 92
25 13 -34
25 5 -57
11 27 -24
10 31 40
19 30 -14
18 23 -81
16 32 36
21 34 -31
32 25 -63
27 19 -67
27 24 -71
2 28 57
18 27 74
8 35 38
23 5 44
33 17 73
20 9 -47
9 1 4
4 18 -26
31 32 13
7 4 -20
14 3 -7
32 2 65
30 11 67
11 2 17
34 25 1
32 27 13
27 23 -94
17 16 89
6 16 8
14 14 27
2 32 -40
26 25 26
31 17 -84
28 1 -14
17 26 33
7 25 -90
13 10 58
23 10 88
34 31 79
28 11 6
22 34 65
21 5 66
20 4 82
8 6 91
17 20 1
16 8 -34
26 5 -74
27 6 69
23 4 -78
31 20 -99
18 12 -26
8 2 17
1 6 18
17 29 96
34 17 -33
15 7 -15
17 2 -19
28 34 -22
8 4 -82
29 25 -13
25 28 8
28 20 87
28 19 76
3 6 -20
15 20 45
24 23 23
28 17 59
34 26 26
35 20 76
21 7 60
10 3 94
7 27 -58

22 154
6 4 -67
4 14 -90
5 14 23
5 4 25
2 3 8
14 9 54
14 20 -50
11 7 6
17 18 50
8 4 -32
10 18 84
21 1 55
19 10 -99
14 16 36
12 10 -28
13 2 77
11 11 62
7 20 -45
17 21 24
17 19 73
5 13 14
21 19 59
10 15 36
12 7 -11
4 1 52
6 6 -53
18 12 41
14 18 -33
1 9 88
9 19 -62
10 12 33
3 21 -58
4 10 5
10 7 95
17 10 59
13 8 -32
13 11 76
11 6 40
2 17 -57
21 16 -11
1 18 -59
11 12 -10
5 6 27
6 15 -54
17 17 -30
5 10 -81
2 1 31
18 3 58
6 3 45
13 7 -23
20 21 99
3 6 76
13 19 -37
6 18 89
19 15 67
15 8 -25
8 10 70
5 18 58
1 13 24
17 4 -86
8 8 62
22 3 100
16 12 -37
21 8 78
2 10 -53
14 4 -54
15 14 66
19 3 33
8 21 20
20 5 -42
12 8 -76
19 20 24
1 21 81
11 3 -80
20 15 -87
21 3 76
1 5 72
3 4 52
2 12 96
15 16 33
18 22 38
3 9 -49
3 19 51
3 7 17
6 21 -10
21 4 -98
2 20 -50
14 7 -91
10 11 -40
6 11 -49
19 17 -96
21 10 1
16 15 66
16 2 -30
6 7 77
4 13 -88
12 17 53
4 12 17
14 5 84
4 5 -76
15 21 26
16 1 -96
10 20 -40
3 20 -83
1 22 -58
1 7 90
9 9 -15
15 20 30
19 12 80
17 13 22
3 18 -21
16 10 -47
7 10 -50
19 11 55
4 19 62
1 14 -68
18 13 34
15 15 61
16 19 -11
8 2 -15
9 14 42
16 17 -71
7 14 6
4 21 -82
2 16 -1
2 5 51
17 3 79
5 16 -42
2 2 98
4 3 1
10 17 71
5 8 -33
7 1 -41
9 11 -6
18 19 -8
13 13 77
16 20 -77
11 9 62
7 15 -82
6 2 -35
11 18 47
11 8 -23
1 6 59
12 3 69
21 5 41
7 18 -44
17 8 10
21 21 -6
11 19 16
18 5 16
8 16 -76
1 19 -60
13 17 -34
21 6 -6

25 175
19 2 -42
8 14 -79
19 5 21
5 10 77
14 17 76
2 3 74
14 19 34
8 21 -98
18 13 -29
2 6 -88
17 5 -32
16 18 45
20 11 88
25 25 -86
19 22 -53
2 11 -74
12 16 -48
5 18 -29
15 19 35
11 7 -21
13 8 -71
15 3 57
15 6 -76
4 20 -49
4 18 29
22 19 -9
16 24 -29
8 18 72
19 20 -16
14 12 -40
16 11 -36
15 13 -1
23 3 4
20 1 -37
11 1 -9
16 16 -98
15 7 38
7 9 4
10 3 26
2 12 -22
4 7 78
4 21 -61
24 14 40
21 19 -100
16 10 67
1 18 -83
11 20 -35
24 18 5
21 11 91
17 19 -7
7 23 -28
11 19 -82
17 1 94
12 3 -57
3 7 -75
14 4 -3
1 3 -86
6 18 14
23 21 -58
19 24 -52
1 4 -35
3 24 -51
9 23 -92
1 25 -13
17 2 25
17 15 96
11 13 48
5 14 32
13 24 100
23 25 49
9 3 -61
3 11 -31
21 20 85
14 13 -23
15 20 -92
8 20 63
9 22 96
3 5 -92
24 21 -91
19 18 -60
1 1 -82
4 15 48
23 22 -77
23 15 97
11 8 67
6 2 17
23 8 -56
7 10 22
8 12 18
19 10 92
9 18 67
7 13 -48
14 15 24
13 2 -20
10 2 -81
13 4 -15
1 5 22
17 4 -69
7 7 -81
4 12 -27
12 23 -89
12 5 52
17 18 85
6 19 16
12 20 -43
16 15 -35
1 15 91
22 16 -10
23 16 -57
12 24 -84
15 22 50
11 22 87
4 19 -37
20 18 -75
21 9 -51
18 22 -95
21 23 -17
15 17 -40
16 17 -66
16 12 -28
16 14 96
16 13 -49
6 8 -86
5 17 19
2 4 17
9 12 91
2 16 -2
8 7 -13
21 10 -1
22 3 96
24 5 74
5 21 5
4 6 -59
13 5 54
5 19 76
7 1 -42
17 16 -80
23 20 -47
2 10 -48
23 7 16
16 2 45
22 20 56
3 12 -98
17 6 14
17 13 -50
15 5 -96
2 20 13
22 17 -61
10 20 76
20 24 86
23 11 -36
21 1 0
22 5 -47
9 25 7
11 18 -41
10 25 3
6 16 98
9 20 -13
24 6 -16
19 17 -72
21 12 -13
16 8 33
5 2 82
12 22 31
11 17 -2
24 15 55
9 2 41
25 16 24
3 1 95
3 2 -16
17 14 -4
10 7 -84
13 11 14
7 4 22
22 10 -34

29 203
28 3 -95
6 14 -8
11 5 36
13 26 47
29 10 69
12 19 92
23 7 86
20 6 -96
22 5 12
28 7 -97
21 10 -91
25 24 -60
15 15 93
1 11 -6
22 25 -79
4 7 -85
6 28 -78
14 18 -53
13 5 -20
8 13 58
11 11 -35
6 9 87
24 28 78
9 16 -85
12 21 -95
14 11 -98
9 6 -15
2 10 -5
3 3 -20
6 11 -93
24 3 -83
11 4 10
12 27 22
15 5 17
13 16 -46
28 22 19
9 11 -74
23 26 91
6 12 -87
27 20 47
16 27 -16
8 15 -92
19 5 -1
22 7 91
26 3 80
15 19 -53
25 1 11
13 22 -33
22 29 81
23 11 -69
26 16 -17
2 6 -22
5 14 -44
19 23 -57
21 3 88
2 1 -57
4 13 -30
8 25 1
23 21 -29
24 4 79
24 29 -52
27 25 12
21 5 56
27 29 19
10 14 -61
17 19 -11
6 20 91
25 2 58
17 25 -56
15 17 12
9 1 82
11 27 -9
9 4 83
6 22 64
21 11 46
25 25 77
8 23 -85
24 6 -89
19 19 85
11 18 48
12 10 67
19 24 73
10 8 -88
28 17 -87
5 8 -78
3 9 76
7 14 53
17 12 -100
27 19 69
18 10 98
26 24 83
10 21 -57
7 10 85
20 16 -47
3 20 38
17 6 -93
20 18 -9
4 11 77
18 19 73
2 14 11
16 25 80
3 10 6
21 4 -17
16 13 -66
6 1 -92
9 15 -58
5 22 46
12 8 22
20 3 48
9 7 5
14 5 -27
4 10 55
8 6 -15
26 8 -86
17 16 45
20 14 -98
21 1 -81
26 6 95
10 26 14
20 15 1
13 17 0
10 6 33
9 18 -38
10 20 64
25 22 -97
17 13 78
17 21 1
3 4 30
5 18 70
25 10 -39
9 19 -24
25 29 81
8 27 66
24 12 -30
8 14 68
12 11 6
23 4 82
3 8 22
16 8 55
19 17 54
21 23 66
4 2 4
20 25 -76
3 5 99
16 24 -32
13 4 28
2 18 -98
7 5 -38
27 8 -62
12 20 -91
7 27 4
12 13 -6
24 11 6
20 2 -89
27 4 -29
21 6 -74
27 5 68
7 18 84
7 2 50
15 1 77
25 14 65
20 13 9
28 29 -8
10 7 76
13 27 -96
22 19 3
14 28 52
21 20 -29
21 7 67
24 7 -35
6 25 -11
5 9 23
8 11 54
17 7 20
4 29 74
11 15 13
3 14 -88
29 18 7
2 4 -55
12 28 99
18 6 94
17 18 93
12 2 62
26 11 75
16 19 33
20 24 -26
16 21 -92
7 13 -60
15 26 -92
17 3 61
24 13 -62
6 6 -86
17 17 88
5 27 78
29 5 56
20 28 43
26 5 -15
26 29 -27
13 28 88
3 26 73
12 17 -54
7 25 -14
27 15 -88

