58 779
1 27 9 3 26 27 23 14 34 32 14 13 22 27 8 19 34 11 26 29 21 13 13 13 23 13 27 10 5 4 21 30 27 30 16 14 33 20 7 36 11 20 6 20 18 28 13 29 32 36 24 34 13 31 35 25 20 
20 41 20432
4 9 4529
29 38 2600
36 38 1273
32 33 168
13 18 4489
43 58 595
49 50 730
15 18 2741
22 27 2060
29 34 1182
26 27 826
53 57 3122
38 40 849
20 58 4404
15 17 1373
4 13 274
45 50 2025
13 15 1745
20 21 492
3 4 710
20 40 4719
2 18 13587
23 26 2718
15 17 749
45 49 2512
22 26 54
1 20 2912
20 43 9493
20 29 4148
51 58 1940
52 53 1024
43 44 379
4 7 25
4 18 5660
45 50 613
40 41 416
46 49 210
20 58 18080
31 33 118
48 49 1003
28 29 186
20 29 3576
20 58 19451
4 5 905
20 27 2647
34 38 2014
56 57 445
47 49 1032
31 32 625
53 55 1683
22 27 3424
23 25 1782
23 25 16
53 57 780
2 18 6399
20 21 161
44 50 138
46 49 2182
19 20 193
4 9 14
36 38 683
4 13 274
20 43 4459
38 39 417
16 17 697
32 33 486
44 50 5353
20 42 18911
42 43 672
52 58 2695
31 33 379
18 20 1989
46 49 1719
5 6 632
20 42 729
11 12 75
11 12 520
34 35 301
9 13 3815
52 57 973
20 40 13405
7 9 83
20 29 8401
44 58 9090
1 58 8310
22 23 800
55 56 959
20 21 251
46 47 623
33 34 512
29 38 6293
28 29 960
2 3 369
44 45 412
40 41 6
19 20 237
1 58 20947
53 56 2707
51 52 332
36 37 888
1 2 822
36 37 1018
27 29 82
1 58 8619
9 13 759
46 49 1991
9 12 802
39 40 910
1 2 148
15 16 716
5 6 385
17 18 569
8 9 479
30 33 1317
44 51 5946
36 38 1024
24 25 425
15 18 1732
10 12 857
29 38 6091
20 22 1222
51 58 3684
28 29 229
52 57 656
10 12 1326
13 18 3256
29 30 378
30 33 471
1 18 13594
46 49 3010
4 13 5328
22 27 58
39 40 402
6 7 524
24 25 483
4 13 7193
1 2 879
33 34 83
22 23 660
13 18 246
10 11 115
11 12 672
22 23 388
26 27 150
54 55 538
53 57 2505
30 34 1323
45 46 406
5 7 1798
23 26 1080
56 57 601
1 18 16950
35 38 1512
20 38 8418
19 20 121
26 27 333
32 33 491
20 29 832
9 12 2086
27 29 1858
18 19 689
11 12 442
10 11 780
43 58 9609
21 22 362
10 11 580
20 43 18635
20 58 9056
40 41 103
24 25 259
20 21 876
47 49 1275
33 34 585
31 32 518
11 12 630
25 26 878
5 6 93
52 57 1887
22 27 2645
43 44 301
5 7 1404
27 29 382
36 38 995
53 54 799
2 4 282
4 7 1045
3 4 234
7 8 831
46 49 198
4 18 3905
45 49 2305
13 14 205
37 38 57
18 19 37
27 28 367
33 34 455
5 7 1478
4 18 268
41 42 575
53 54 908
39 40 665
45 46 337
36 38 1245
2 18 552
20 21 99
1 58 9330
55 56 483
19 20 226
18 20 1783
37 38 290
52 53 46
4 7 2329
15 18 1143
49 50 654
23 24 427
29 30 332
35 38 139
10 12 1248
7 9 155
22 27 2928
52 57 3904
53 54 532
20 22 1306
51 52 222
43 44 1026
38 40 1634
34 38 3255
20 40 736
4 18 10073
13 18 2758
52 53 158
30 33 976
33 34 386
30 31 951
25 26 204
2 4 1447
45 50 4499
52 53 546
54 55 68
1 18 4797
34 35 771
20 22 1705
23 25 1952
6 7 432
2 3 282
21 22 995
27 28 60
12 13 758
46 49 2510
2 3 952
9 10 527
45 46 468
23 24 127
35 36 619
23 25 1427
15 17 351
44 58 7403
4 13 2922
6 7 445
36 37 652
13 18 3189
15 18 1432
37 38 861
1 58 35848
20 29 2378
23 25 848
41 42 39
41 42 427
21 22 717
29 34 1163
6 7 412
42 43 615
9 12 1856
35 36 362
18 19 487
30 34 148
27 28 250
6 7 431
25 26 132
36 37 460
20 27 761
21 22 273
1 58 16277
33 34 326
48 49 65
12 13 208
20 27 4997
33 34 841
35 36 480
8 9 69
45 46 375
7 8 174
39 40 711
45 49 2036
14 15 166
19 20 1046
35 38 1596
27 28 837
20 38 9700
20 41 664
30 31 722
4 18 11552
2 3 925
15 18 2243
56 57 213
1 2 691
46 49 2114
36 38 1767
35 36 504
51 52 850
23 25 996
37 38 973
31 33 201
10 12 81
40 41 50
30 31 965
48 49 724
29 30 424
20 43 16340
44 58 10036
30 31 631
20 29 4606
42 43 473
18 19 194
51 58 4299
45 46 399
4 9 3075
23 25 1171
30 31 846
20 21 256
27 29 105
29 38 7979
20 22 515
23 26 2294
24 25 463
13 18 4205
13 14 809
52 58 4500
48 49 758
33 34 438
40 41 9
18 20 980
1 2 428
19 20 161
10 12 1651
39 40 441
52 53 418
30 34 3933
9 13 3555
4 7 1257
17 18 866
30 34 2470
35 38 1960
45 46 209
34 35 481
4 5 297
22 26 111
20 40 8256
10 12 1674
1 2 757
35 38 2772
20 27 3858
45 50 4773
4 13 7030
51 52 648
20 38 3370
7 8 923
9 10 678
40 41 732
4 7 2601
45 49 532
7 8 692
4 9 1318
12 13 575
1 20 14616
49 50 515
28 29 900
28 29 65
29 38 1823
18 19 844
25 26 378
54 55 824
44 51 6109
55 56 660
6 7 783
53 54 401
20 21 55
3 4 50
46 47 627
20 29 965
20 21 619
32 33 28
20 27 454
20 22 557
9 12 2577
1 20 17241
34 38 1889
51 58 6257
27 28 711
1 18 13652
53 54 478
53 57 3961
37 38 333
20 22 1256
20 27 6097
53 57 2097
15 16 703
19 20 359
52 57 465
4 5 328
17 18 927
46 49 2497
7 8 153
57 58 124
0 1 709
1 58 6076
50 51 70
47 49 920
1 2 408
45 50 4214
45 50 2049
32 33 781
45 46 447
50 51 952
4 9 2608
36 38 1382
17 18 864
21 22 207
34 35 817
54 55 611
22 23 818
15 16 638
20 29 2802
33 34 207
36 38 1891
29 30 322
21 22 966
11 12 2
4 7 2162
38 40 686
53 56 2860
19 20 160
12 13 21
46 47 231
35 38 1723
7 8 882
11 12 513
49 50 894
6 7 65
38 39 154
44 50 783
25 26 32
7 8 674
36 37 748
50 51 673
37 38 81
20 58 10721
31 32 915
5 6 174
21 22 315
31 32 546
34 35 827
1 58 27804
13 18 193
21 22 396
36 38 899
34 35 857
24 25 112
27 28 520
13 14 287
31 33 788
21 22 2
52 58 1116
9 13 179
13 18 2530
3 4 974
53 54 150
55 56 122
47 48 377
18 19 530
36 37 521
18 19 518
5 6 552
53 55 355
44 51 3045
1 18 1149
1 2 616
22 27 3989
9 13 1073
2 4 707
30 33 1867
20 58 32135
33 34 714
20 41 16258
15 17 847
7 9 1297
26 27 835
27 28 598
47 49 329
3 4 926
4 18 13946
53 56 2231
43 58 3470
21 22 310
52 57 1230
36 37 663
5 6 211
1 20 6896
26 27 520
5 6 43
5 6 876
4 5 377
18 20 1157
13 15 761
1 2 227
39 40 416
4 18 12117
45 46 87
2 3 370
42 43 764
18 20 829
7 8 200
20 41 15479
22 27 3334
53 54 619
45 49 2783
36 37 824
20 21 530
7 8 678
19 20 804
39 40 756
29 38 8204
4 5 343
26 27 245
20 58 6917
18 20 658
46 49 2423
30 33 2387
35 38 616
43 58 1163
1 18 6462
20 41 4453
52 57 697
4 5 755
4 5 800
7 9 187
22 26 1957
35 36 167
22 23 715
5 7 1881
55 56 362
7 8 715
23 25 208
20 41 20017
20 22 146
29 30 68
30 33 1057
38 39 888
15 16 106
0 1 186
35 36 148
34 38 1632
23 25 1852
22 26 87
17 18 86
4 13 2549
4 13 630
9 10 367
20 58 23696
22 23 928
10 11 234
4 13 1571
20 42 10725
55 56 670
52 57 4081
30 33 817
4 7 1777
15 17 1505
30 34 996
20 43 6086
42 43 235
57 58 763
54 55 681
52 53 819
7 9 1078
20 41 9135
13 14 404
46 49 556
44 45 155
29 30 376
45 50 891
52 58 3869
54 55 345
41 42 908
32 33 1018
11 12 182
7 9 499
52 53 221
39 40 690
16 17 692
16 17 233
26 27 61
20 38 10474
7 9 391
2 4 1881
20 41 4526
10 11 760
38 39 205
33 34 862
3 4 140
38 39 627
1 20 4434
7 9 1712
12 13 664
12 13 374
10 12 142
24 25 922
23 25 950
9 10 810
1 20 3052
43 58 10659
38 39 465
9 10 328
49 50 442
20 27 4311
18 19 372
10 12 1686
9 13 980
4 9 4599
1 58 23546
1 58 27760
44 58 570
7 9 1079
53 57 2474
23 24 126
14 15 713
53 56 2153
35 36 597
51 52 639
15 16 79
51 52 940
44 50 2244
9 10 736
20 42 12375
20 41 9267
10 12 1640
14 15 641
39 40 232
43 44 985
23 26 609
53 56 1121
9 10 597
3 4 875
9 12 1624
33 34 788
54 55 914
13 15 505
7 9 129
29 30 734
27 28 113
12 13 974
22 27 2506
29 38 5223
56 57 539
13 15 1769
6 7 764
48 49 600
46 47 883
46 47 808
51 52 219
5 6 512
9 10 928
13 14 402
20 29 4376
17 18 80
15 18 2785
5 6 719
13 18 2317
21 22 373
15 17 1517
18 20 1163
45 50 974
44 51 241
14 15 440
22 27 2356
36 37 775
43 58 14406
22 23 849
46 47 152
20 40 18719
20 40 15544
12 13 484
5 6 123
15 16 641
12 13 911
7 8 608
44 45 928
11 12 896
20 42 2805
7 9 1202
6 7 962
7 8 439
51 58 3056
43 58 1480
15 18 2331
9 12 797
20 38 15241
34 38 3113
41 42 255
38 40 1334
3 4 945
30 33 1051
30 31 470
1 20 18503
29 34 2268
42 43 873
20 43 19797
52 57 3348
13 18 193
20 22 338
33 34 106
52 58 3406
52 57 3347
15 16 514
29 34 2810
1 2 100
38 40 517
20 43 20943
20 27 6725
42 43 472
31 33 1294
53 57 284
4 9 1314
29 38 6827
24 25 798
12 13 950
20 40 15491
4 7 19
51 58 2455
0 1 958
2 18 12207
5 6 771
10 11 55
23 26 62
36 38 886
52 58 3644
53 56 1454
24 25 734
7 9 1710
55 56 341
52 57 248
10 11 500
27 29 230
29 30 187
13 18 3684
2 4 662
37 38 960
20 27 4070
41 42 267
9 10 163
40 41 904
39 40 61
18 20 1772
45 49 1710
54 55 464
34 38 2405
53 57 2070
43 44 275
12 13 665
20 41 19872
38 39 785
2 4 243
38 39 605
23 25 1761
53 56 983
13 18 1998
1 18 8406
35 38 227
