368 1000
7 7 2 2 2 2 7 2 2 3 1 5 2 2 2 2 2 5 2 2 2 2 2 5 5 2 2 2 4 5 2 4 4 2 3 2 1 7 5 5 5 4 2 1 2 7 2 2 2 7 6 2 2 2 4 4 7 2 2 5 1 2 1 2 7 2 5 2 7 3 2 7 6 2 2 2 2 2 2 3 2 4 2 2 6 2 2 6 3 6 2 2 2 2 1 4 6 2 4 2 2 6 2 6 7 2 5 2 5 4 2 2 2 2 2 4 2 7 2 2 2 2 2 2 2 2 2 7 2 1 2 4 2 2 2 2 2 3 1 2 2 2 7 4 1 2 7 2 2 2 6 4 2 2 2 7 2 5 2 2 3 2 5 1 2 7 6 2 6 2 3 4 7 2 2 2 5 1 7 1 2 2 6 7 1 2 2 2 2 4 4 2 2 2 2 2 2 2 2 7 2 2 7 5 2 2 1 5 5 4 2 1 3 2 1 1 3 2 4 2 1 2 2 2 5 3 2 6 2 2 2 1 1 2 2 2 6 1 2 6 2 2 4 2 1 1 3 2 2 7 5 2 1 2 3 5 3 6 2 2 5 2 2 2 3 6 5 6 7 7 2 7 4 2 2 2 2 6 6 2 2 2 2 2 2 4 7 2 2 1 4 4 2 2 2 2 2 2 3 2 2 2 3 2 1 4 2 2 2 4 2 2 2 2 3 2 1 2 2 4 3 2 4 5 1 2 2 2 2 4 2 2 2 2 2 2 2 2 2 5 2 5 2 7 2 2 2 2 4 7 2 2 2 2 3 7 3 1 7 6 2 2 1 5 3 1 2 
0 3 2999
3 4 999
4 5 999
5 6 999
6 8 1999
8 9 999
9 13 3999
13 14 999
14 15 999
15 16 999
16 17 999
17 19 1999
19 20 999
20 21 999
21 22 999
22 23 999
23 26 2999
26 27 999
27 28 999
28 31 2999
31 34 2999
34 36 1999
36 43 6999
43 45 1999
45 47 1999
47 48 999
48 49 999
49 52 2999
52 53 999
53 54 999
54 58 3999
58 59 999
59 62 2999
62 64 1999
64 66 1999
66 68 1999
68 71 2999
71 74 2999
74 75 999
75 76 999
76 77 999
77 78 999
78 79 999
79 81 1999
81 83 1999
83 84 999
84 86 1999
86 87 999
87 91 3999
91 92 999
92 93 999
93 94 999
94 98 3999
98 100 1999
100 101 999
101 103 1999
103 106 2999
106 108 1999
108 111 2999
111 112 999
112 113 999
113 114 999
114 115 999
115 117 1999
117 119 1999
119 120 999
120 121 999
121 122 999
122 123 999
123 124 999
124 125 999
125 126 999
126 127 999
127 129 1999
129 131 1999
131 133 1999
133 134 999
134 135 999
135 136 999
136 137 999
137 140 2999
140 141 999
141 142 999
142 146 3999
146 148 1999
148 149 999
149 150 999
150 153 2999
153 154 999
154 155 999
155 157 1999
157 159 1999
159 160 999
160 162 1999
162 165 2999
165 168 2999
168 170 1999
170 174 3999
174 175 999
175 176 999
176 181 4999
181 182 999
182 186 3999
186 187 999
187 188 999
188 189 999
189 192 2999
192 193 999
193 194 999
194 195 999
195 196 999
196 197 999
197 198 999
198 199 999
199 201 1999
201 202 999
202 205 2999
205 206 999
206 211 4999
211 214 2999
214 218 3999
218 220 1999
220 222 1999
222 223 999
223 224 999
224 227 2999
227 229 1999
229 230 999
230 231 999
231 234 2999
234 235 999
235 236 999
236 239 2999
239 241 1999
241 242 999
242 244 1999
244 248 3999
248 249 999
249 252 2999
252 254 1999
254 259 4999
259 260 999
260 262 1999
262 263 999
263 264 999
264 271 6999
271 274 2999
274 275 999
275 276 999
276 277 999
277 280 2999
280 281 999
281 282 999
282 283 999
283 284 999
284 285 999
285 288 2999
288 289 999
289 293 3999
293 294 999
294 295 999
295 296 999
296 297 999
297 298 999
298 300 1999
300 301 999
301 302 999
302 304 1999
304 307 2999
307 308 999
308 309 999
309 311 1999
311 312 999
312 313 999
313 314 999
314 316 1999
316 318 1999
318 319 999
319 322 2999
322 326 3999
326 327 999
327 328 999
328 329 999
329 331 1999
331 332 999
332 333 999
333 334 999
334 335 999
335 336 999
336 337 999
337 338 999
338 339 999
339 341 1999
341 343 1999
343 345 1999
345 346 999
346 347 999
347 348 999
348 351 2999
351 352 999
352 353 999
353 354 999
354 361 6999
361 362 999
362 367 4999
367 368 999
137 138 1000
53 227 174000
182 227 45000
137 181 44000
241 339 98000
263 282 19000
25 26 1000
112 115 3000
149 160 11000
52 239 187000
206 208 2000
71 86 15000
91 122 31000
192 202 10000
249 298 49000
241 326 85000
52 343 291000
14 367 353000
263 298 35000
58 87 29000
248 307 59000
81 86 5000
58 64 6000
142 146 4000
79 86 7000
19 47 28000
189 220 31000
263 283 20000
115 121 6000
335 336 1000
354 355 1000
123 131 8000
53 133 80000
35 36 1000
19 49 30000
127 129 2000
145 146 1000
56 58 2000
316 319 3000
10 13 3000
17 354 337000
288 298 10000
288 293 5000
229 230 1000
323 325 2000
311 313 2000
313 326 13000
354 357 3000
8 9 1000
334 337 3000
19 354 335000
353 354 1000
10 12 2000
106 122 16000
24 26 2000
150 157 7000
150 157 7000
134 135 1000
53 230 177000
117 118 1000
87 91 4000
32 34 2000
0 368 368000
235 236 1000
54 123 69000
19 347 328000
37 41 4000
271 281 10000
357 359 2000
241 244 3000
5 13 8000
241 313 72000
136 227 91000
192 218 26000
148 162 14000
268 270 2000
41 42 1000
291 293 2000
135 136 1000
81 83 2000
354 361 7000
17 362 345000
14 17 3000
274 275 1000
313 322 9000
20 26 6000
328 337 9000
137 141 4000
74 86 12000
19 345 326000
224 227 3000
150 157 7000
294 296 2000
93 98 5000
52 345 293000
259 262 3000
266 270 4000
71 87 16000
271 281 10000
0 368 368000
68 70 2000
82 83 1000
266 268 2000
322 325 3000
66 87 21000
15 17 2000
130 131 1000
27 31 4000
127 129 2000
220 221 1000
54 58 4000
137 168 31000
30 31 1000
201 202 1000
286 287 1000
37 41 4000
228 229 1000
5 368 363000
87 123 36000
134 135 1000
263 281 18000
170 176 6000
15 16 1000
205 214 9000
362 363 1000
38 39 1000
61 62 1000
196 198 2000
249 250 1000
14 15 1000
150 155 5000
230 239 9000
257 258 1000
150 151 1000
360 361 1000
319 321 2000
92 103 11000
263 282 19000
362 366 4000
137 141 4000
225 227 2000
98 103 5000
43 44 1000
103 122 19000
54 131 77000
271 272 1000
224 227 3000
4 368 364000
339 341 2000
126 127 1000
193 198 5000
240 241 1000
98 99 1000
351 354 3000
22 26 4000
212 214 2000
263 264 1000
112 114 2000
263 288 25000
5 6 1000
259 262 3000
66 87 21000
36 45 9000
142 145 3000
316 317 1000
241 244 3000
341 343 2000
170 172 2000
123 124 1000
112 122 10000
354 362 8000
331 334 3000
74 86 12000
117 118 1000
341 342 1000
137 141 4000
307 309 2000
80 81 1000
326 328 2000
193 202 9000
8 9 1000
313 314 1000
357 359 2000
266 271 5000
215 218 3000
206 209 3000
87 89 2000
263 283 20000
166 167 1000
314 315 1000
76 77 1000
354 361 7000
170 181 11000
20 22 2000
166 168 2000
278 279 1000
28 31 3000
168 181 13000
252 262 10000
358 359 1000
19 347 328000
96 98 2000
282 283 1000
84 85 1000
301 304 3000
17 354 337000
254 255 1000
329 330 1000
331 333 2000
192 193 1000
226 227 1000
205 214 9000
284 285 1000
26 47 21000
357 359 2000
291 293 2000
108 111 3000
32 34 2000
142 145 3000
274 276 2000
231 232 1000
249 298 49000
284 285 1000
212 214 2000
136 227 91000
206 211 5000
73 74 1000
249 307 58000
177 179 2000
359 361 2000
351 352 1000
58 123 65000
236 238 2000
329 330 1000
58 64 6000
4 5 1000
187 220 33000
252 259 7000
186 222 36000
76 78 2000
104 106 2000
193 199 6000
313 322 9000
225 227 2000
321 322 1000
19 351 332000
104 106 2000
142 146 4000
264 281 17000
244 307 63000
44 45 1000
176 180 4000
127 128 1000
137 168 31000
34 47 13000
141 146 5000
285 286 1000
347 351 4000
65 66 1000
343 345 2000
182 185 3000
231 232 1000
255 257 2000
64 87 23000
325 326 1000
294 295 1000
103 106 3000
98 101 3000
54 55 1000
191 192 1000
176 181 5000
181 227 46000
313 322 9000
241 313 72000
118 119 1000
249 300 51000
148 168 20000
288 293 5000
77 78 1000
296 297 1000
173 174 1000
276 281 5000
223 227 4000
289 290 1000
265 271 6000
23 26 3000
16 17 1000
157 160 3000
254 255 1000
267 268 1000
331 332 1000
101 102 1000
193 199 6000
17 354 337000
74 78 4000
210 211 1000
137 146 9000
311 312 1000
294 297 3000
37 42 5000
341 342 1000
250 252 2000
177 178 1000
86 87 1000
218 220 2000
11 12 1000
115 121 6000
310 311 1000
248 307 59000
137 181 44000
193 196 3000
187 189 2000
19 347 328000
331 333 2000
14 17 3000
99 100 1000
154 155 1000
63 64 1000
37 39 2000
40 41 1000
11 12 1000
161 162 1000
19 49 30000
206 214 8000
110 111 1000
311 313 2000
153 154 1000
0 1 1000
161 162 1000
150 153 3000
247 248 1000
162 168 6000
313 326 13000
280 281 1000
203 205 2000
235 236 1000
177 178 1000
159 160 1000
58 87 29000
142 143 1000
2 3 1000
81 86 5000
53 239 186000
244 246 2000
155 157 2000
3 368 365000
90 91 1000
150 154 4000
224 225 1000
335 337 2000
14 17 3000
133 135 2000
150 152 2000
125 126 1000
15 17 2000
363 365 2000
69 70 1000
6 9 3000
138 139 1000
9 13 4000
231 236 5000
286 287 1000
336 337 1000
313 314 1000
307 309 2000
49 52 3000
137 141 4000
328 329 1000
103 122 19000
246 247 1000
52 341 289000
170 176 6000
108 122 14000
349 350 1000
147 148 1000
258 259 1000
256 257 1000
83 86 3000
71 87 16000
20 47 27000
53 229 176000
174 175 1000
228 229 1000
18 19 1000
150 160 10000
50 52 2000
51 52 1000
220 221 1000
119 121 2000
27 34 7000
222 223 1000
165 166 1000
241 307 66000
241 307 66000
207 208 1000
42 43 1000
277 281 4000
276 277 1000
351 354 3000
105 106 1000
186 222 36000
266 270 4000
58 59 1000
124 127 3000
186 222 36000
310 311 1000
126 127 1000
76 78 2000
6 9 3000
53 229 176000
301 307 6000
260 261 1000
162 164 2000
115 119 4000
201 202 1000
150 151 1000
282 283 1000
57 58 1000
316 322 6000
58 87 29000
182 185 3000
26 27 1000
272 273 1000
220 221 1000
358 359 1000
46 47 1000
106 108 2000
19 52 33000
321 322 1000
193 198 5000
193 194 1000
230 239 9000
128 129 1000
263 282 19000
125 126 1000
357 358 1000
183 185 2000
301 304 3000
5 368 363000
329 337 8000
103 106 3000
32 34 2000
209 211 2000
264 281 17000
224 227 3000
136 137 1000
242 243 1000
310 311 1000
162 168 6000
273 274 1000
303 304 1000
27 34 7000
117 118 1000
297 298 1000
301 302 1000
117 119 2000
192 218 26000
138 139 1000
67 68 1000
254 255 1000
170 172 2000
214 218 4000
293 297 4000
215 216 1000
77 78 1000
244 307 63000
55 58 3000
241 242 1000
323 324 1000
281 282 1000
77 78 1000
255 256 1000
111 112 1000
103 122 19000
12 13 1000
154 155 1000
285 286 1000
200 201 1000
112 113 1000
216 218 2000
104 105 1000
252 259 7000
48 49 1000
101 102 1000
339 341 2000
307 313 6000
361 362 1000
284 285 1000
87 88 1000
234 235 1000
227 229 2000
117 119 2000
157 159 2000
276 281 5000
150 154 4000
303 304 1000
202 203 1000
252 262 10000
69 70 1000
252 253 1000
54 58 4000
201 202 1000
205 206 1000
42 43 1000
10 12 2000
208 209 1000
303 304 1000
162 165 3000
75 78 3000
100 101 1000
328 338 10000
316 317 1000
76 77 1000
272 273 1000
6 8 2000
244 307 63000
74 78 4000
231 239 8000
13 368 355000
335 337 2000
199 202 3000
355 356 1000
101 102 1000
354 362 8000
146 147 1000
319 322 3000
246 247 1000
72 73 1000
75 78 3000
308 309 1000
137 146 9000
187 189 2000
183 185 2000
276 277 1000
112 122 10000
252 259 7000
52 339 287000
327 328 1000
23 26 3000
239 240 1000
262 263 1000
37 41 4000
15 16 1000
119 121 2000
42 43 1000
98 99 1000
54 123 69000
13 367 354000
265 271 6000
278 280 2000
123 127 4000
314 322 8000
80 81 1000
321 322 1000
38 39 1000
191 192 1000
149 162 13000
199 202 3000
320 321 1000
230 231 1000
105 106 1000
149 162 13000
232 233 1000
37 41 4000
43 44 1000
285 286 1000
314 322 8000
45 47 2000
155 157 2000
81 82 1000
265 271 6000
252 298 46000
66 71 5000
194 196 2000
307 311 4000
324 325 1000
32 34 2000
0 2 2000
142 146 4000
66 68 2000
137 148 11000
343 345 2000
13 14 1000
56 57 1000
137 168 31000
53 230 177000
220 221 1000
28 30 2000
9 10 1000
277 278 1000
23 24 1000
20 47 27000
165 166 1000
170 173 3000
106 122 16000
69 70 1000
18 19 1000
254 259 5000
233 234 1000
359 361 2000
352 353 1000
26 27 1000
271 276 5000
300 301 1000
161 162 1000
170 171 1000
170 173 3000
150 154 4000
168 169 1000
254 257 3000
58 62 4000
351 352 1000
241 313 72000
31 34 3000
115 122 7000
239 339 100000
148 149 1000
48 49 1000
300 301 1000
192 214 22000
162 163 1000
179 180 1000
136 137 1000
196 198 2000
23 26 3000
138 139 1000
150 152 2000
103 106 3000
241 313 72000
238 239 1000
98 99 1000
170 176 6000
286 288 2000
76 77 1000
64 66 2000
352 353 1000
285 286 1000
119 120 1000
250 251 1000
54 133 79000
71 86 15000
13 368 355000
214 218 4000
148 162 14000
346 347 1000
170 171 1000
43 44 1000
183 185 2000
339 341 2000
151 152 1000
303 304 1000
182 227 45000
84 86 2000
355 356 1000
170 171 1000
218 219 1000
344 345 1000
147 148 1000
349 350 1000
348 349 1000
94 95 1000
241 326 85000
27 31 4000
53 239 186000
150 151 1000
100 101 1000
262 263 1000
69 70 1000
334 335 1000
123 131 8000
261 262 1000
228 229 1000
268 269 1000
228 229 1000
309 310 1000
19 49 30000
87 90 3000
174 176 2000
231 232 1000
5 6 1000
122 123 1000
43 44 1000
335 337 2000
186 223 37000
37 39 2000
264 271 7000
351 354 3000
63 64 1000
354 359 5000
199 200 1000
5 13 8000
117 118 1000
187 220 33000
67 68 1000
129 130 1000
68 70 2000
91 103 12000
214 215 1000
19 48 29000
77 78 1000
314 322 8000
357 359 2000
178 179 1000
339 341 2000
37 43 6000
14 15 1000
220 222 2000
366 367 1000
106 122 16000
186 187 1000
174 176 2000
162 165 3000
239 241 2000
37 38 1000
19 346 327000
29 30 1000
340 341 1000
250 252 2000
8 9 1000
293 297 4000
60 62 2000
53 135 82000
277 278 1000
274 275 1000
277 278 1000
136 227 91000
123 127 4000
143 144 1000
332 333 1000
199 201 2000
265 271 6000
326 338 12000
227 229 2000
174 176 2000
297 298 1000
249 298 49000
54 123 69000
313 326 13000
362 363 1000
326 327 1000
327 328 1000
263 281 18000
177 180 3000
258 259 1000
46 47 1000
57 58 1000
328 338 10000
28 30 2000
182 185 3000
258 259 1000
221 222 1000
235 236 1000
283 284 1000
260 261 1000
94 95 1000
192 220 28000
19 20 1000
47 48 1000
186 227 41000
85 86 1000
269 270 1000
15 17 2000
31 34 3000
25 26 1000
289 291 2000
47 48 1000
91 122 31000
116 117 1000
216 218 2000
193 198 5000
10 11 1000
188 189 1000
171 172 1000
59 62 3000
227 229 2000
43 44 1000
233 234 1000
345 346 1000
27 47 20000
304 306 2000
354 362 8000
27 28 1000
81 86 5000
176 180 4000
36 43 7000
94 96 2000
348 350 2000
265 271 6000
303 304 1000
108 112 4000
23 24 1000
303 304 1000
29 30 1000
150 153 3000
