66 852
2 10 1 5 10 7 16 22 10 20 13 12 22 17 8 4 21 5 22 12 8 20 10 3 20 5 12 23 24 19 1 22 4 5 1 3 23 12 13 13 15 5 1 13 10 5 10 25 23 2 5 7 16 8 2 2 23 18 13 1 2 23 19 14 5 
18 28 2038
41 54 5869
29 60 640
9 29 15922
43 54 679
15 16 541
46 52 353
0 60 13682
29 33 3076
21 24 2115
14 17 1774
55 57 1090
24 26 1967
59 60 157
37 38 600
30 31 358
0 60 50721
60 63 1660
11 17 4663
0 9 7498
17 29 1253
30 33 1307
42 43 774
61 62 875
40 54 10331
12 13 287
50 51 611
24 28 466
38 59 796
65 66 129
36 60 19949
12 13 752
27 28 580
39 40 806
14 16 1302
35 60 14670
61 63 1781
19 24 283
1 2 193
36 37 939
39 54 6855
23 24 912
38 60 21865
20 24 1803
39 54 1097
44 45 177
4 6 949
4 5 49
45 53 1659
6 9 1505
60 61 321
16 17 595
17 28 10769
46 48 1739
39 40 413
38 39 660
22 24 1423
63 66 616
38 59 14421
35 60 11420
59 60 247
14 16 171
22 24 116
45 46 596
9 29 11957
11 12 899
48 51 703
14 15 818
18 24 4478
63 65 1763
20 24 3367
4 9 3754
0 3 3007
3 4 619
14 15 148
53 54 655
9 11 1123
38 54 5589
28 29 796
36 38 1535
36 60 10668
4 9 4171
40 54 6749
52 53 362
38 58 4003
4 9 1376
36 37 14
24 26 77
56 57 692
9 11 1620
48 52 3779
49 51 1016
11 17 5618
50 51 507
21 22 519
61 63 1355
24 25 165
64 65 298
6 7 527
55 57 1609
42 43 1010
11 12 174
21 24 1080
38 54 1408
30 33 1813
4 5 873
22 23 907
32 33 584
9 10 607
29 60 8095
46 47 895
31 32 842
35 36 25
9 29 11726
25 26 987
24 28 1809
39 40 522
0 4 2628
39 40 92
17 29 5090
50 51 856
65 66 920
26 27 461
11 29 9440
0 29 19547
12 17 1593
53 54 600
23 24 721
63 65 127
4 5 512
38 55 16532
36 37 73
56 57 655
44 54 2399
19 24 4699
0 29 2883
33 35 1976
48 52 2330
29 33 1854
44 45 287
58 59 958
45 46 156
20 21 744
48 49 547
23 24 815
61 62 333
49 51 883
31 32 789
28 29 802
25 26 824
45 52 485
44 45 754
41 43 1682
18 28 414
22 24 1302
17 28 1312
38 39 1019
61 62 535
38 58 15798
22 24 1587
23 24 199
57 58 742
32 33 527
11 29 1830
54 55 713
35 60 23313
30 33 1905
38 55 3449
17 28 4527
43 54 5114
55 57 630
47 48 661
48 51 65
0 9 6925
4 5 407
3 4 816
0 60 49521
59 60 373
55 58 2427
38 59 15904
0 63 27247
45 52 3052
12 13 440
38 54 9473
2 3 832
12 17 443
41 42 475
44 54 3968
9 29 8440
43 54 7156
47 48 133
37 38 475
0 9 8230
0 9 2619
26 27 866
38 55 2498
63 64 306
55 56 875
4 6 657
6 8 1566
16 17 59
46 48 318
19 20 116
44 54 397
46 52 753
6 7 1004
14 15 678
36 37 801
26 27 737
34 35 37
38 59 5399
54 55 387
44 53 2263
47 48 317
60 63 1303
45 52 5916
11 17 1970
49 51 1305
29 33 3766
12 17 3311
29 30 47
0 3 1089
6 7 744
18 19 328
12 14 361
46 48 1352
32 33 282
41 43 233
43 44 103
9 29 3989
6 9 1700
19 20 90
0 1 265
60 61 508
42 43 675
44 54 1875
52 53 445
0 9 302
24 25 955
0 4 1751
21 24 809
11 12 262
44 54 2045
61 62 271
29 60 27425
0 1 278
30 32 717
0 3 36
34 35 239
33 35 1286
60 61 381
30 32 1995
0 4 1687
24 25 18
43 44 72
54 55 977
12 13 660
45 46 254
35 60 20402
62 63 481
2 3 95
0 9 6540
34 35 466
0 3 682
39 40 6
48 52 3002
30 33 886
35 60 6814
46 47 563
41 42 185
44 53 6307
14 16 841
4 6 1017
50 51 493
33 34 696
9 11 1732
63 66 927
63 65 207
32 33 547
46 47 104
22 24 101
35 60 3127
48 49 670
5 6 718
48 51 306
28 29 721
61 62 827
61 62 749
15 16 859
12 14 202
40 54 1550
4 5 4
50 51 929
62 63 895
29 60 20251
18 28 2136
1 2 416
44 54 6001
43 44 775
25 26 837
45 53 6835
38 59 753
0 3 1094
39 40 205
25 26 37
12 17 3877
49 50 217
24 25 921
22 23 60
17 18 1003
55 57 827
53 54 554
43 44 699
14 16 417
30 33 82
45 52 5056
50 51 247
36 60 19124
43 54 1828
50 51 959
5 6 274
51 52 358
17 18 361
46 48 818
10 11 539
5 6 309
48 51 997
20 21 112
3 4 895
41 54 9213
17 18 243
53 54 897
17 29 5657
0 4 1120
9 10 185
40 41 564
62 63 199
9 29 3204
20 21 894
62 63 838
63 64 604
61 62 460
42 43 687
58 59 579
29 30 915
4 9 809
38 60 7394
0 1 893
45 46 309
43 54 6039
45 46 492
45 53 2660
16 17 301
62 63 442
4 5 590
44 53 8894
48 49 869
45 46 918
29 60 25832
15 16 754
54 55 214
0 1 603
17 28 8921
16 17 501
40 54 12024
45 46 942
4 9 4409
12 13 632
38 59 2301
46 48 282
56 57 40
11 17 2587
60 61 909
35 60 23266
0 3 289
6 9 2503
18 19 796
14 17 1358
49 51 1118
43 44 288
63 64 728
29 30 540
38 54 6389
40 41 268
20 24 938
9 29 17463
52 53 807
24 26 175
46 52 1660
4 6 1515
14 16 1606
9 11 1777
46 48 864
39 40 297
60 63 2151
24 28 3743
30 31 133
14 17 2678
42 43 778
57 58 68
0 60 39837
59 60 300
0 29 20728
45 46 409
36 38 1824
38 60 4908
6 9 373
17 28 5705
46 52 1229
36 60 14550
41 43 825
26 28 1298
11 12 852
43 44 844
0 4 1768
29 35 692
63 65 638
0 60 37567
62 63 227
14 17 1266
44 53 3110
10 11 734
52 53 642
45 53 534
1 3 1310
31 32 877
17 28 5139
36 38 761
38 58 4471
16 17 861
46 47 556
11 12 607
15 16 796
11 12 853
2 3 242
29 35 4144
18 24 5102
29 35 4941
65 66 433
46 47 343
20 24 2542
0 60 16535
38 39 623
24 25 694
16 17 521
31 32 227
32 33 347
24 28 417
0 3 465
14 15 296
21 24 2845
30 31 229
41 54 9692
1 2 662
63 64 846
46 48 1654
25 26 253
0 60 17395
11 17 4140
57 58 433
9 10 314
47 48 371
55 57 1006
20 21 293
50 51 333
38 55 11120
38 54 5397
36 37 755
6 7 470
33 34 880
0 3 2866
46 47 603
53 54 87
48 49 188
10 11 167
1 3 188
30 32 537
36 38 1874
39 54 13233
9 11 1391
23 24 796
41 42 841
22 24 980
29 30 153
25 26 12
43 54 586
12 13 78
22 23 515
24 25 333
50 51 996
30 31 587
33 34 541
43 44 10
38 60 9008
0 9 5788
63 64 1020
19 20 206
45 52 4370
29 33 1215
1 3 509
30 31 606
35 36 491
18 19 472
26 28 1322
38 39 372
11 12 1033
12 17 80
29 30 658
23 24 613
38 55 12690
50 51 45
40 54 11204
19 20 1005
52 53 575
33 35 209
18 24 3401
17 28 10912
52 53 562
27 28 669
6 7 26
4 9 4707
14 16 1932
49 51 1295
60 63 1819
6 9 1676
9 29 1543
30 32 298
30 33 2135
1 2 384
36 38 1806
46 47 678
55 56 544
37 38 454
11 29 5705
59 60 689
63 64 221
30 33 3001
38 55 15432
21 24 236
24 28 1480
16 17 524
47 48 746
38 59 18796
18 24 852
58 59 526
20 24 369
42 43 627
55 58 457
56 57 518
17 29 5215
41 54 7370
45 52 2707
29 60 1722
56 57 596
19 20 848
15 16 718
53 54 710
41 43 904
0 4 2070
41 43 1159
13 14 296
64 65 426
29 60 26819
17 28 9712
63 66 1889
9 11 546
4 9 2561
49 51 1104
29 30 699
24 26 1186
38 55 16171
19 20 615
24 26 715
49 51 925
48 52 2004
5 6 311
64 65 967
63 64 319
30 32 1539
22 23 235
11 12 266
29 30 754
32 33 562
28 29 786
4 5 234
49 50 814
25 26 595
11 12 351
36 37 8
40 41 949
45 52 5764
18 19 263
44 45 887
51 52 868
30 33 1456
60 61 658
22 23 501
62 63 56
56 57 153
38 55 1726
11 17 5337
38 60 633
29 30 999
35 60 1680
38 60 4066
17 18 846
61 62 353
0 4 456
35 60 9554
36 60 22921
38 59 14843
11 17 649
4 5 528
9 10 85
6 7 978
18 28 6705
9 29 11616
18 28 2124
8 9 347
41 54 3996
19 24 1406
57 58 909
0 29 10768
36 60 11397
37 38 362
18 28 2801
0 29 1672
30 32 1207
21 22 588
12 13 367
4 9 2214
0 29 18848
20 24 933
48 52 1934
52 53 496
17 29 10037
63 65 1126
35 36 365
63 66 1895
11 17 848
53 54 342
0 3 1307
55 58 820
55 58 2582
33 35 601
65 66 833
29 33 3490
0 9 6504
36 38 829
43 44 9
48 52 3752
58 59 351
27 28 403
29 60 19455
38 58 11821
29 35 1470
51 52 109
21 24 25
39 40 3
38 58 14099
54 55 901
11 29 730
14 17 277
6 8 1935
24 26 219
14 16 48
0 9 405
0 29 7868
33 35 715
10 11 134
38 60 21430
0 9 8271
21 22 261
58 59 932
1 3 1334
24 25 125
12 17 3382
48 52 1988
35 60 23471
61 63 1651
15 16 710
39 54 9233
44 53 7621
29 33 2742
59 60 760
62 63 377
24 25 865
10 11 827
29 33 2953
49 51 617
12 14 1385
35 60 14084
9 29 7182
36 60 4971
46 47 651
21 24 245
32 33 165
54 55 830
48 52 1381
16 17 32
49 50 894
45 53 4243
11 17 3930
54 55 303
4 6 855
17 18 719
64 65 924
63 64 563
55 58 81
4 6 1871
41 54 8918
65 66 922
26 28 1925
24 26 1758
55 58 848
49 50 1017
8 9 581
55 56 162
63 65 1068
20 24 457
11 17 4201
34 35 846
48 51 1124
6 9 927
55 56 550
4 5 835
41 42 590
12 17 4035
59 60 644
18 24 407
45 53 6852
6 9 2015
11 17 2057
36 38 703
5 6 701
36 60 13489
14 16 1167
17 28 10391
0 3 802
18 19 789
63 66 2266
4 5 363
9 11 1917
12 17 843
38 39 954
3 4 566
60 63 1959
38 39 293
38 58 6406
7 8 802
14 15 535
53 54 186
14 16 196
0 4 3451
24 26 964
17 29 8767
41 43 53
35 36 275
39 54 12232
26 28 420
40 41 332
11 12 482
63 64 700
4 9 4544
18 24 5770
37 38 468
17 18 853
38 59 6793
19 24 1849
7 8 590
58 59 492
35 36 299
4 9 577
44 53 934
13 14 382
0 9 1520
58 59 678
59 60 755
12 14 394
23 24 1004
56 57 399
26 27 999
28 29 38
45 46 879
5 6 193
46 47 603
19 24 2199
49 50 322
53 54 270
38 59 6549
0 9 4179
39 40 650
50 51 192
11 12 844
9 11 2036
2 3 159
49 51 1646
27 28 988
24 28 600
4 9 599
30 33 1742
4 9 329
44 53 5836
19 24 3912
20 21 743
43 44 862
29 30 539
15 16 720
0 3 340
17 28 4052
58 59 552
45 52 275
35 60 5958
37 38 501
40 41 615
33 35 1964
38 60 7331
38 60 12118
38 39 754
38 58 12966
18 19 105
17 18 295
0 29 17428
36 60 5118
11 17 2405
16 17 687
58 59 716
61 62 28
19 24 3462
63 66 1923
61 63 1259
38 59 1108
22 24 606
46 52 140
49 50 1011
18 24 3221
38 39 851
61 63 1226
23 24 739
18 19 839
22 24 1049
19 20 199
44 54 3601
20 24 2467
44 45 781
23 24 602
27 28 506
37 38 887
38 39 948
50 51 479
45 53 1686
63 66 2312
