247 970
50 233 129 65 255 83 402 331 237 258 197 116 348 287 346 264 11 174 388 352 283 176 144 186 31 254 57 229 63 191 334 376 228 186 166 114 374 112 169 129 374 80 330 99 325 100 167 82 237 33 361 235 238 274 160 200 151 220 309 105 136 369 271 156 357 118 236 318 191 108 336 111 357 335 193 265 197 26 75 207 16 95 238 239 215 22 232 389 112 273 295 145 156 201 305 131 337 18 399 92 32 149 76 381 234 66 132 337 118 276 145 224 273 197 263 363 388 210 398 366 391 83 363 214 355 97 368 167 108 225 321 95 13 81 125 310 50 71 152 79 106 315 135 259 58 282 372 116 91 143 310 257 352 290 174 127 153 264 107 246 213 99 148 82 233 100 394 152 34 178 311 278 398 325 210 223 251 262 309 397 208 138 375 346 148 40 109 79 248 132 29 147 23 160 177 159 303 16 139 51 152 176 128 181 391 237 311 263 279 349 328 147 182 99 107 39 257 388 200 51 265 336 103 40 326 392 77 61 272 391 311 351 274 303 307 319 246 224 401 223 260 175 342 77 162 245 
6 35 12168
70 132 3863
49 60 10133
152 159 474
169 195 3392
85 108 11809
141 205 49822
95 100 3988
67 69 754
212 236 6407
38 211 65123
212 247 22428
151 200 44882
110 131 18426
39 70 25715
171 181 3777
206 207 710
123 130 4171
25 33 6013
120 122 1492
213 223 7105
171 184 856
221 223 541
4 35 19887
135 211 65818
161 169 5079
232 233 814
215 219 95
88 101 8948
89 93 3236
33 34 222
18 19 413
64 67 2138
4 36 20553
60 64 1134
74 84 1902
37 38 779
171 186 3937
213 236 6774
1 3 746
213 234 7791
87 101 13321
212 244 11242
18 21 44
53 57 479
190 193 1655
79 84 1308
70 108 12901
243 244 701
152 161 6044
87 88 799
6 35 12376
162 167 2603
47 49 433
74 84 9890
23 34 7924
13 34 13892
47 69 20796
215 218 2291
175 181 4729
69 70 960
162 168 3475
169 193 14889
187 190 2820
14 23 5358
182 184 756
118 120 1274
200 202 760
158 159 905
244 245 620
149 151 1931
232 233 793
50 60 474
14 22 4038
75 76 213
197 200 1313
112 123 5637
176 179 2915
2 3 673
140 210 52182
141 147 880
137 210 58156
192 193 312
237 242 1581
101 102 701
76 78 1542
152 161 7718
41 69 14879
225 227 125
92 93 299
218 219 329
228 231 14
42 46 3666
45 46 807
114 116 998
7 35 24362
14 34 12422
70 133 56986
195 196 653
60 62 538
148 149 970
202 203 450
70 110 20848
67 68 117
74 76 688
157 158 320
79 83 92
28 32 2796
78 84 563
110 123 4346
157 159 1894
239 240 398
49 69 18818
50 53 73
238 242 2391
171 184 2790
198 200 1684
227 233 3294
216 217 651
187 188 832
49 50 366
202 205 173
51 52 190
212 244 14997
85 103 4277
202 203 114
184 186 221
140 210 56152
108 110 1909
16 17 873
171 173 1422
23 34 10082
16 17 213
127 129 113
69 70 559
112 123 3176
70 110 13003
170 193 22871
53 56 2511
234 236 925
151 195 7353
14 15 455
59 60 210
29 32 1105
96 98 1288
14 34 14681
209 210 296
154 156 633
11 34 4805
85 105 2307
74 75 840
24 33 682
141 146 410
96 98 484
212 242 23675
152 161 6908
53 57 3831
141 206 1335
141 210 25726
49 60 8701
0 211 33622
242 244 605
147 205 6079
77 78 453
219 221 1888
87 102 3340
72 108 13506
93 95 510
188 189 137
215 216 863
137 139 523
213 233 2470
74 78 776
175 180 3501
103 104 307
72 85 12016
44 45 140
215 219 2130
215 219 719
184 186 633
123 126 1836
97 98 783
212 245 24011
187 189 1529
200 201 565
191 192 225
113 122 8662
195 200 1197
200 201 14
196 200 1346
94 95 394
54 56 908
36 37 184
62 64 541
227 233 4479
176 178 1829
39 70 18297
111 123 5597
135 211 69941
38 39 778
33 34 766
213 227 5544
141 145 3781
171 190 11809
161 168 1414
7 11 3196
120 121 399
142 144 362
12 13 435
191 192 364
113 123 6296
45 46 369
194 195 925
43 44 898
58 60 139
171 193 6106
24 33 3781
157 158 431
6 35 3514
57 58 426
181 182 38
226 227 709
212 247 21909
49 69 5530
204 205 150
212 242 18171
74 85 3697
175 181 2173
169 194 4365
7 9 646
177 178 156
126 129 2830
225 226 617
122 123 228
91 93 1204
147 205 34477
74 85 9922
186 190 2848
171 172 300
85 108 18433
41 42 469
148 151 1590
112 123 2440
17 22 4988
14 23 5486
107 108 201
33 34 942
235 236 285
226 227 540
153 159 3062
165 167 493
238 241 799
3 4 97
154 155 29
39 133 19534
79 84 2425
93 94 878
169 170 449
126 130 560
23 24 899
25 33 3831
215 218 349
145 146 990
0 38 31694
91 93 1315
94 95 376
213 234 9671
213 227 8137
204 205 107
135 211 33823
169 195 831
191 192 397
60 64 2143
22 23 415
12 13 125
186 190 706
73 74 543
93 101 5013
197 200 414
126 127 94
53 60 2868
80 81 646
175 180 3616
234 235 947
130 131 276
175 181 3004
14 23 402
168 169 993
175 179 3963
232 233 242
13 14 78
172 173 400
39 40 934
228 233 772
147 151 2827
41 46 1648
38 134 27719
214 215 17
151 195 11446
147 205 42775
90 91 403
79 84 2714
74 76 1175
171 174 582
108 110 1489
151 195 35614
6 7 238
3 4 655
95 98 760
242 243 812
40 41 124
55 56 539
147 151 1328
3 37 1390
75 76 995
191 192 488
123 130 3850
105 108 1122
60 67 1850
161 162 588
224 225 964
114 120 3459
87 101 13746
85 108 634
198 200 1764
89 101 3010
243 244 136
225 227 1794
162 164 722
70 132 59720
229 230 208
39 40 415
206 208 486
25 33 6456
141 209 21092
161 195 22430
216 217 454
52 53 612
114 115 587
60 64 2316
4 6 1902
215 223 2276
121 122 105
39 133 28520
6 7 475
72 85 10064
70 108 10940
112 123 12
152 161 5691
67 69 1487
67 68 953
88 89 275
13 34 12764
85 104 16370
24 34 7818
144 145 198
123 126 2713
211 247 4601
77 78 39
234 236 663
163 164 392
40 41 773
200 205 2708
234 235 490
217 218 644
234 235 108
74 76 1153
136 210 65541
237 242 2864
78 79 35
238 239 15
120 122 459
54 55 4
157 158 148
114 115 653
169 194 20254
114 118 353
64 66 1275
221 223 1700
41 46 2785
49 67 10067
39 69 27182
172 173 28
11 13 135
188 189 580
87 103 8494
165 167 1586
149 150 807
169 194 8224
152 195 5718
110 130 19679
221 222 761
187 188 628
70 72 1469
60 62 277
142 143 668
232 233 769
175 179 220
72 73 494
140 210 19615
184 186 1653
72 108 19416
56 57 251
143 144 944
51 52 85
78 79 212
187 190 1509
127 128 883
34 35 322
85 87 1250
181 182 20
213 227 4872
39 70 25414
26 27 725
223 225 893
28 29 788
51 53 233
93 94 306
169 170 812
41 47 3379
243 244 356
228 233 1399
213 233 16885
174 175 449
228 231 1436
79 82 2453
218 219 179
156 159 1441
162 167 3502
188 189 482
161 168 4797
15 16 430
111 123 4781
28 33 3856
70 110 33804
89 93 1888
170 171 447
87 101 12153
142 143 69
79 84 1124
55 56 517
106 107 757
229 230 417
125 126 563
236 242 487
74 85 8359
103 104 599
137 140 1442
183 184 173
146 147 41
105 108 1558
24 33 3459
60 61 170
192 193 51
173 174 870
85 86 991
231 232 199
27 33 5764
36 37 114
72 85 10647
86 87 776
141 209 16999
95 100 3414
7 11 3171
49 50 552
216 218 2
112 113 115
41 46 3317
171 174 2257
185 186 168
87 103 11801
195 196 222
7 11 2314
144 145 626
74 84 5448
213 234 18700
181 184 2931
103 104 1022
189 190 612
114 120 2810
202 204 1921
110 111 185
9 11 728
219 221 1724
140 141 263
14 16 1470
225 227 247
41 69 22566
114 115 382
53 57 1251
202 205 128
231 233 1649
184 186 190
154 159 2179
27 28 917
113 114 412
160 161 514
110 111 940
1 2 245
141 209 27477
26 33 5026
162 168 3022
241 242 127
11 12 375
216 217 40
89 93 3703
50 51 6
11 13 1973
18 21 2721
80 82 238
79 82 1514
150 151 923
227 228 343
111 123 10011
35 36 801
62 64 476
161 169 5400
74 84 4810
149 151 1314
141 208 29138
171 172 295
42 45 2491
95 98 362
38 211 79968
191 192 338
142 145 559
178 179 62
225 227 156
113 120 120
206 207 447
215 218 2242
152 159 5752
7 34 9146
18 22 2492
176 177 1003
5 6 525
152 153 202
212 247 17460
64 67 1067
153 159 462
213 234 8519
39 40 123
108 110 1050
6 35 4645
95 96 201
127 128 798
14 23 922
53 56 389
79 82 1891
174 181 1855
26 33 4288
236 237 69
67 69 1464
190 193 1264
87 102 12924
44 45 967
3 36 16925
219 221 294
14 22 27
14 34 14998
238 239 833
238 240 1231
147 200 30623
113 120 4577
85 87 1800
238 242 3998
39 41 1604
7 34 17818
53 58 3188
228 230 266
97 98 132
18 20 2011
79 82 1659
7 9 623
175 176 517
38 211 58506
40 41 770
57 58 850
168 169 16
171 174 2065
123 126 1301
4 36 18756
7 34 17412
141 208 57158
158 159 249
53 58 3173
114 120 2841
0 211 104455
113 120 961
29 31 703
46 47 143
129 130 705
31 32 961
110 132 8687
171 181 3678
197 200 1051
196 197 959
36 37 863
142 143 228
76 78 1456
227 233 4303
167 168 877
170 171 346
51 52 280
208 209 952
38 134 332
137 139 1375
1 3 442
97 98 201
202 204 1991
87 103 3445
110 123 5910
38 134 83691
13 14 576
70 133 48607
33 34 785
191 193 658
50 53 1601
70 108 19597
55 56 690
128 129 699
18 22 2373
245 246 672
203 204 697
3 4 164
108 109 902
39 133 36564
88 89 564
41 46 541
245 247 432
42 45 523
53 54 164
3 37 27253
146 147 448
7 8 240
14 16 1644
90 93 329
188 189 680
72 108 2640
197 200 1778
25 33 1480
196 197 709
41 47 1112
171 172 92
169 194 6533
144 145 919
230 231 750
223 224 585
136 210 66652
206 208 1844
95 99 3509
5 6 185
221 222 952
184 185 726
196 200 2347
83 84 284
190 193 1571
234 236 1996
31 32 595
127 128 126
9 10 794
188 189 372
196 200 520
60 64 3301
212 242 26522
40 41 337
88 101 1467
0 38 9862
43 45 1072
212 245 30876
41 47 5276
110 111 351
244 245 245
152 153 407
50 60 3047
110 123 11691
212 242 1356
112 113 762
150 151 554
120 121 657
211 212 200
216 217 343
29 30 574
47 49 1373
76 77 174
93 101 5572
20 21 340
202 205 1091
213 214 731
204 205 970
19 20 9
3 38 31165
76 78 1818
171 181 1444
162 167 409
146 147 441
73 85 3945
54 55 519
176 178 1854
32 33 683
135 210 10927
179 180 680
171 193 2386
157 158 272
93 95 716
194 195 782
41 46 3792
87 101 10680
18 19 307
74 75 423
3 36 2274
174 175 64
174 175 631
50 51 671
14 23 1871
148 151 735
79 83 1056
174 181 2820
213 234 6965
214 223 4885
6 35 28778
121 122 334
100 101 945
195 196 104
215 221 2838
85 104 9047
136 137 867
64 65 657
221 223 746
241 242 457
110 111 941
1 3 828
13 34 186
48 49 467
87 102 10495
184 185 166
16 22 3136
29 30 863
16 17 813
228 230 1721
78 79 61
203 204 664
231 232 683
40 41 623
124 126 1359
138 139 66
106 107 239
99 100 443
211 212 360
0 3 1298
140 210 63246
64 67 1418
88 89 369
171 173 1447
7 11 1458
130 131 95
134 135 738
246 247 206
113 120 3898
88 89 492
40 41 678
171 172 419
182 183 642
69 70 642
141 146 2736
187 188 770
63 64 706
212 244 10451
24 33 38
47 69 19988
84 85 522
50 51 484
194 195 692
187 190 2852
203 204 927
70 108 17934
59 60 593
222 223 103
30 31 897
74 78 1286
241 242 253
200 202 1597
69 70 685
135 211 64186
105 108 918
149 150 515
230 231 34
70 133 31737
201 202 369
85 86 682
197 200 795
54 55 36
152 160 5294
124 125 743
4 35 18854
38 39 793
70 108 20307
213 225 6563
148 151 478
174 181 384
175 181 2263
54 55 704
9 11 1519
220 221 316
70 71 351
142 144 1149
169 194 22602
40 41 251
89 101 2797
228 229 820
154 156 1868
14 34 5864
134 211 6712
136 210 7083
204 205 590
111 123 3935
226 227 809
227 233 3594
231 233 1339
113 122 2898
152 153 267
234 236 1456
0 1 663
100 101 145
64 66 1984
29 30 393
90 91 10
125 126 850
29 31 260
39 40 717
155 156 1034
147 200 30464
4 5 496
137 139 467
175 179 2118
110 123 5312
238 241 216
47 48 957
129 130 973
135 210 66411
161 162 247
18 20 813
25 26 563
136 137 77
63 64 93
152 153 499
230 231 58
142 145 3027
200 205 1706
85 105 467
18 22 1202
76 77 584
60 67 4638
182 184 1386
144 145 751
168 169 418
180 181 965
237 242 3970
190 191 502
39 70 26160
141 146 1789
136 137 302
212 247 24181
13 14 994
197 200 2556
70 108 2147
152 195 17100
169 193 18594
114 115 633
49 67 2434
144 145 185
87 88 478
235 236 652
162 164 763
242 244 1740
80 81 852
9 11 1360
103 104 766
195 196 786
181 182 288
206 208 60
0 211 164374
187 190 2856
181 184 67
12 13 726
215 216 441
19 20 304
190 191 338
47 49 1781
85 103 14262
208 209 229
162 163 464
58 60 1535
87 102 3916
58 60 1878
114 118 110
101 102 808
120 121 438
65 66 114
24 33 7612
110 123 12009
25 26 764
211 212 795
202 204 945
231 233 600
62 63 743
153 154 632
22 23 190
212 242 7715
102 103 591
85 103 15832
38 39 144
74 84 4123
129 130 883
157 159 1100
74 84 1371
55 56 86
234 236 1655
74 78 680
110 130 11148
221 223 1708
212 236 19253
19 20 907
14 34 14498
70 133 41812
162 164 386
11 13 1462
142 143 484
169 170 690
132 133 897
96 98 1343
114 118 3989
246 247 339
30 31 239
186 187 753
210 211 833
114 117 1137
114 115 599
46 47 345
137 140 191
198 199 1022
67 68 191
113 120 6263
85 104 6179
79 83 3508
114 118 813
15 16 990
245 246 315
80 81 576
126 130 654
204 205 458
74 75 478
27 28 321
60 61 351
80 82 1598
170 193 7848
39 40 550
74 85 4780
9 11 1603
154 155 535
147 148 288
161 168 2411
170 193 7771
122 123 120
39 134 4542
41 69 3459
71 72 775
171 186 9969
161 162 358
175 180 4184
