496 1000
3 4 3 2 4 2 1 3 3 4 2 3 1 4 2 2 1 1 3 3 3 3 2 1 3 3 4 2 1 2 1 1 4 2 2 2 3 3 3 2 1 3 1 1 3 3 1 2 1 4 4 3 1 2 4 3 2 2 3 1 3 1 4 4 1 2 3 3 3 3 1 2 3 4 2 3 2 4 2 1 3 1 1 1 4 3 1 2 3 3 4 2 3 3 3 2 2 4 3 3 3 1 3 3 3 1 3 3 4 2 2 4 3 3 1 3 1 1 4 4 1 3 2 2 2 2 3 1 2 4 2 1 2 4 4 2 3 3 4 3 4 3 1 2 3 2 2 2 2 3 4 3 2 2 1 4 2 4 2 1 2 3 1 2 1 1 4 4 2 4 2 1 1 3 4 2 4 4 1 4 1 3 4 3 4 1 1 2 2 1 1 3 3 2 2 3 1 4 1 4 3 3 2 2 4 2 1 4 1 2 3 4 4 1 3 2 3 3 3 4 3 4 3 3 3 2 1 4 3 2 1 4 3 1 3 2 2 4 2 3 3 1 3 1 1 2 1 2 2 2 2 2 3 1 3 3 4 3 3 2 4 3 1 4 3 4 4 4 3 1 2 1 1 3 1 1 2 3 4 3 1 3 4 4 3 4 2 2 3 4 3 3 4 1 3 3 1 4 3 1 2 3 1 2 1 1 3 4 3 4 4 2 3 3 2 3 4 2 2 2 1 4 4 4 1 4 2 3 3 2 2 2 2 3 1 4 3 1 3 1 2 4 3 4 4 3 1 4 3 2 2 3 2 4 4 1 3 1 3 2 1 3 3 1 1 2 4 1 3 3 3 4 3 1 3 2 3 3 2 4 2 4 2 4 3 1 4 2 3 4 3 3 4 1 2 2 3 4 3 2 3 3 4 1 2 1 4 1 2 4 3 1 4 4 4 1 3 3 3 2 3 2 1 1 4 4 1 3 3 1 2 2 2 3 2 3 1 1 1 1 3 3 3 4 1 1 1 3 4 3 3 2 2 3 4 1 4 3 3 4 1 3 3 3 2 3 4 1 2 2 2 3 3 3 1 2 2 2 1 2 2 3 4 1 1 2 4 4 4 3 3 1 4 4 4 
0 1 999
1 3 1999
3 8 4999
8 9 999
9 12 2999
12 19 6999
19 20 999
20 21 999
21 22 999
22 25 2999
25 26 999
26 37 10999
37 38 999
38 39 999
39 42 2999
42 45 2999
45 46 999
46 52 5999
52 56 3999
56 59 2999
59 61 1999
61 67 5999
67 68 999
68 69 999
69 70 999
70 73 2999
73 76 2999
76 81 4999
81 86 4999
86 89 2999
89 90 999
90 93 2999
93 94 999
94 95 999
95 99 3999
99 100 999
100 101 999
101 103 1999
103 104 999
104 105 999
105 107 1999
107 108 999
108 113 4999
113 114 999
114 116 1999
116 122 5999
122 127 4999
127 137 9999
137 138 999
138 140 1999
140 142 1999
142 145 2999
145 150 4999
150 152 1999
152 162 9999
162 174 11999
174 182 7999
182 184 1999
184 192 7999
192 193 999
193 196 2999
196 201 4999
201 202 999
202 211 8999
211 215 3999
215 217 1999
217 218 999
218 219 999
219 221 1999
221 223 1999
223 224 999
224 225 999
225 229 3999
229 233 3999
233 235 1999
235 240 4999
240 241 999
241 243 1999
243 253 9999
253 255 1999
255 256 999
256 258 1999
258 259 999
259 262 2999
262 265 2999
265 269 3999
269 274 4999
274 278 3999
278 280 1999
280 282 1999
282 285 2999
285 289 3999
289 291 1999
291 292 999
292 295 2999
295 296 999
296 299 2999
299 302 2999
302 307 4999
307 309 1999
309 313 3999
313 314 999
314 316 1999
316 328 11999
328 329 999
329 334 4999
334 337 2999
337 339 1999
339 343 3999
343 346 2999
346 349 2999
349 352 2999
352 357 4999
357 359 1999
359 362 2999
362 363 999
363 369 5999
369 370 999
370 371 999
371 373 1999
373 375 1999
375 377 1999
377 378 999
378 385 6999
385 389 3999
389 391 1999
391 392 999
392 397 4999
397 399 1999
399 401 1999
401 402 999
402 411 8999
411 417 5999
417 418 999
418 419 999
419 421 1999
421 428 6999
428 429 999
429 434 4999
434 436 1999
436 441 4999
441 442 999
442 443 999
443 448 4999
448 450 1999
450 451 999
451 454 2999
454 458 3999
458 459 999
459 462 2999
462 463 999
463 464 999
464 466 1999
466 472 5999
472 473 999
473 474 999
474 482 7999
482 490 7999
490 491 999
491 496 4999
223 418 195000
99 114 15000
364 365 1000
229 329 100000
100 108 8000
114 463 349000
128 135 7000
122 223 101000
59 491 432000
137 211 74000
92 93 1000
449 450 1000
202 205 3000
479 481 2000
363 399 36000
223 428 205000
55 56 1000
49 51 2000
147 149 2000
225 334 109000
70 463 393000
42 44 2000
235 296 61000
307 328 21000
262 282 20000
431 432 1000
59 69 10000
235 302 67000
235 253 18000
370 397 27000
428 458 30000
285 292 7000
475 478 3000
340 342 2000
154 155 1000
162 168 6000
76 114 38000
163 167 4000
374 375 1000
162 170 8000
299 300 1000
19 56 37000
260 262 2000
466 482 16000
385 391 6000
142 162 20000
126 127 1000
174 202 28000
459 462 3000
174 180 6000
454 457 3000
142 145 3000
57 59 2000
142 211 69000
14 17 3000
45 56 11000
489 490 1000
12 14 2000
124 125 1000
280 281 1000
363 368 5000
282 295 13000
223 363 140000
412 417 5000
421 428 7000
206 207 1000
352 353 1000
29 37 8000
142 152 10000
443 448 5000
159 161 2000
62 65 3000
443 445 2000
318 328 10000
422 426 4000
436 458 22000
120 121 1000
379 385 6000
9 491 482000
225 339 114000
99 100 1000
187 190 3000
385 387 2000
295 296 1000
26 38 12000
323 328 5000
93 114 21000
491 492 1000
70 464 394000
493 494 1000
122 459 337000
103 104 1000
174 211 37000
128 137 9000
482 489 7000
114 459 345000
412 417 5000
101 107 6000
235 296 61000
469 472 3000
223 411 188000
339 363 24000
340 343 3000
202 208 6000
156 161 5000
403 404 1000
223 458 235000
323 324 1000
77 78 1000
119 122 3000
236 238 2000
59 464 405000
252 253 1000
32 37 5000
53 56 3000
236 240 4000
263 265 2000
253 295 42000
421 427 6000
86 89 3000
249 253 4000
186 187 1000
15 17 2000
9 59 50000
37 38 1000
356 357 1000
379 382 3000
454 455 1000
378 385 7000
320 322 2000
162 163 1000
43 44 1000
77 79 2000
128 130 2000
429 430 1000
296 302 6000
383 384 1000
223 401 178000
104 107 3000
259 295 36000
174 176 2000
361 362 1000
243 247 4000
486 488 2000
104 105 1000
12 56 44000
340 341 1000
243 249 6000
432 433 1000
223 459 236000
411 418 7000
274 276 2000
227 228 1000
69 464 395000
404 405 1000
480 481 1000
73 74 1000
155 162 7000
490 491 1000
379 380 1000
346 347 1000
155 156 1000
361 362 1000
142 143 1000
223 401 178000
229 307 78000
128 131 3000
10 11 1000
379 385 6000
355 357 2000
312 313 1000
76 90 14000
494 495 1000
375 397 22000
182 202 20000
59 67 8000
250 252 2000
168 169 1000
247 249 2000
426 427 1000
225 229 4000
465 466 1000
472 474 2000
101 102 1000
269 280 11000
276 277 1000
162 168 6000
321 322 1000
116 122 6000
482 488 6000
343 346 3000
484 485 1000
261 262 1000
243 247 4000
81 86 5000
39 56 17000
285 287 2000
375 391 16000
309 316 7000
329 332 3000
310 313 3000
62 65 3000
466 468 2000
353 357 4000
87 88 1000
174 176 2000
127 215 88000
184 193 9000
114 116 2000
264 265 1000
105 107 2000
122 127 5000
127 217 90000
325 328 3000
47 49 2000
215 217 2000
460 462 2000
269 273 4000
485 488 3000
334 337 3000
223 459 236000
434 458 24000
418 428 10000
172 173 1000
29 31 2000
46 52 6000
267 268 1000
58 59 1000
110 113 3000
208 211 3000
118 122 4000
285 287 2000
122 126 4000
340 341 1000
431 432 1000
482 485 3000
10 11 1000
65 66 1000
436 440 4000
226 227 1000
363 366 3000
137 142 5000
126 127 1000
36 37 1000
309 314 5000
31 37 6000
296 298 2000
421 422 1000
104 107 3000
323 328 5000
229 230 1000
454 457 3000
475 476 1000
392 397 5000
268 269 1000
208 211 3000
370 399 29000
215 216 1000
122 223 101000
122 218 96000
475 481 6000
359 361 2000
226 227 1000
346 349 3000
196 202 6000
284 285 1000
441 454 13000
326 327 1000
339 359 20000
262 280 18000
128 130 2000
51 52 1000
9 59 50000
391 397 6000
474 482 8000
262 269 7000
441 442 1000
448 449 1000
156 158 2000
300 302 2000
443 450 7000
398 399 1000
405 406 1000
22 25 3000
414 415 1000
482 489 7000
2 3 1000
378 391 13000
184 193 9000
140 141 1000
450 451 1000
184 202 18000
154 162 8000
479 481 2000
42 43 1000
180 182 2000
22 39 17000
162 211 49000
234 235 1000
42 56 14000
137 140 3000
42 43 1000
33 35 2000
225 334 109000
81 89 8000
386 387 1000
407 408 1000
377 378 1000
127 137 10000
8 9 1000
407 409 2000
466 474 8000
436 438 2000
39 41 2000
382 385 3000
242 243 1000
363 399 36000
307 309 2000
293 294 1000
101 107 6000
3 6 3000
401 402 1000
264 265 1000
187 190 3000
115 116 1000
377 378 1000
358 359 1000
251 252 1000
464 466 2000
198 199 1000
431 433 2000
12 19 7000
231 233 2000
402 406 4000
170 172 2000
229 329 100000
100 101 1000
320 328 8000
142 144 2000
317 318 1000
148 149 1000
211 212 1000
259 282 23000
35 37 2000
90 93 3000
209 210 1000
21 56 35000
95 96 1000
307 328 21000
283 284 1000
334 335 1000
168 170 2000
80 81 1000
86 88 2000
137 140 3000
358 359 1000
482 490 8000
454 455 1000
285 292 7000
339 362 23000
128 136 8000
447 448 1000
57 58 1000
233 302 69000
324 328 4000
124 126 2000
111 113 2000
156 159 3000
231 232 1000
373 397 24000
179 180 1000
212 215 3000
311 312 1000
236 237 1000
482 484 2000
493 495 2000
413 417 4000
47 51 4000
74 75 1000
392 394 2000
206 207 1000
176 179 3000
235 240 5000
269 271 2000
240 241 1000
349 357 8000
229 329 100000
59 464 405000
443 454 11000
49 51 2000
434 436 2000
200 201 1000
332 334 2000
14 17 3000
339 359 20000
218 223 5000
299 302 3000
68 69 1000
278 279 1000
393 394 1000
26 39 13000
429 434 5000
74 75 1000
475 479 4000
100 113 13000
9 491 482000
310 312 2000
378 385 7000
224 363 139000
322 328 6000
285 287 2000
327 328 1000
267 268 1000
177 178 1000
3 5 2000
229 233 4000
410 411 1000
171 172 1000
14 15 1000
296 297 1000
10 11 1000
238 240 2000
325 326 1000
403 404 1000
346 347 1000
132 134 2000
258 259 1000
113 114 1000
406 407 1000
223 402 179000
11 12 1000
187 189 2000
198 201 3000
350 352 2000
326 327 1000
52 56 4000
230 233 3000
334 337 3000
337 338 1000
441 443 2000
389 391 2000
206 207 1000
341 342 1000
81 83 2000
77 80 3000
225 228 3000
59 67 8000
9 56 47000
348 349 1000
463 464 1000
475 482 7000
368 369 1000
314 315 1000
443 444 1000
325 327 2000
282 285 3000
26 37 11000
129 130 1000
265 266 1000
40 41 1000
59 490 431000
256 295 39000
427 428 1000
46 47 1000
83 86 3000
459 460 1000
108 113 5000
307 328 21000
312 313 1000
229 328 99000
225 337 112000
39 41 2000
186 191 5000
250 251 1000
339 346 7000
406 409 3000
256 257 1000
127 137 10000
308 309 1000
438 440 2000
76 80 4000
190 191 1000
422 424 2000
265 268 3000
212 213 1000
472 473 1000
229 329 100000
154 155 1000
407 409 2000
163 164 1000
43 44 1000
436 437 1000
218 219 1000
404 405 1000
20 56 36000
349 359 10000
119 121 2000
436 438 2000
421 428 7000
363 368 5000
226 227 1000
79 80 1000
223 402 179000
273 274 1000
101 104 3000
231 232 1000
253 254 1000
185 186 1000
454 457 3000
101 108 7000
166 167 1000
61 67 6000
222 223 1000
211 215 4000
291 292 1000
184 192 8000
175 176 1000
282 284 2000
137 138 1000
349 359 10000
90 93 3000
481 482 1000
19 20 1000
128 131 3000
45 56 11000
110 111 1000
485 488 3000
269 271 2000
446 447 1000
137 211 74000
9 56 47000
483 484 1000
429 458 29000
472 473 1000
128 129 1000
428 458 30000
140 142 2000
109 113 4000
282 284 2000
352 357 5000
104 105 1000
132 133 1000
81 83 2000
256 257 1000
219 221 2000
146 147 1000
127 128 1000
318 328 10000
225 229 4000
28 29 1000
260 261 1000
105 106 1000
145 152 7000
90 114 24000
475 477 2000
419 421 2000
1 496 495000
397 399 2000
325 328 3000
40 41 1000
328 329 1000
422 423 1000
378 385 7000
402 410 8000
174 176 2000
188 189 1000
224 225 1000
202 204 2000
97 99 2000
215 216 1000
463 464 1000
267 268 1000
346 349 3000
101 103 2000
182 202 20000
390 391 1000
15 17 2000
438 440 2000
375 377 2000
3 491 488000
174 175 1000
422 426 4000
67 69 2000
61 65 4000
272 273 1000
22 56 34000
71 72 1000
223 411 188000
352 353 1000
225 227 2000
415 416 1000
450 451 1000
165 167 2000
225 226 1000
138 139 1000
22 26 4000
52 56 4000
312 313 1000
269 271 2000
190 191 1000
223 401 178000
200 201 1000
259 282 23000
373 375 2000
70 463 393000
163 165 2000
132 133 1000
314 315 1000
374 375 1000
398 399 1000
286 287 1000
385 388 3000
412 417 5000
441 454 13000
100 113 13000
265 266 1000
463 464 1000
407 409 2000
256 259 3000
46 56 10000
334 335 1000
274 277 3000
482 484 2000
349 359 10000
9 56 47000
122 126 4000
436 454 18000
383 384 1000
101 108 7000
493 495 2000
295 296 1000
0 1 1000
223 402 179000
253 254 1000
168 169 1000
22 56 34000
104 107 3000
160 161 1000
282 284 2000
460 462 2000
317 328 11000
42 43 1000
370 373 3000
223 428 205000
428 429 1000
450 451 1000
349 350 1000
229 329 100000
443 450 7000
194 196 2000
73 74 1000
282 295 13000
204 205 1000
89 90 1000
22 26 4000
99 100 1000
379 382 3000
363 370 7000
3 4 1000
298 299 1000
73 463 390000
429 458 29000
64 65 1000
70 464 394000
451 454 3000
27 29 2000
166 167 1000
35 37 2000
156 161 5000
301 302 1000
6 8 2000
94 95 1000
255 295 40000
130 131 1000
292 295 3000
168 170 2000
186 187 1000
119 122 3000
265 266 1000
205 208 3000
434 436 2000
468 472 4000
302 303 1000
153 154 1000
108 109 1000
291 292 1000
339 343 4000
266 267 1000
249 252 3000
124 126 2000
379 380 1000
12 18 6000
346 348 2000
403 405 2000
3 5 2000
33 37 4000
340 342 2000
269 278 9000
227 228 1000
373 397 24000
408 409 1000
198 201 3000
57 59 2000
370 373 3000
446 447 1000
436 440 4000
42 43 1000
187 190 3000
175 176 1000
86 89 3000
111 112 1000
59 60 1000
133 134 1000
211 212 1000
435 436 1000
266 267 1000
46 47 1000
296 299 3000
21 56 35000
109 113 4000
394 396 2000
255 256 1000
482 483 1000
414 417 3000
282 292 10000
488 489 1000
190 191 1000
263 265 2000
71 72 1000
73 74 1000
11 12 1000
26 27 1000
414 416 2000
320 321 1000
292 294 2000
62 64 2000
132 134 2000
266 267 1000
146 147 1000
59 61 2000
418 419 1000
379 381 2000
265 266 1000
209 210 1000
111 113 2000
422 426 4000
27 28 1000
233 234 1000
170 172 2000
156 161 5000
235 253 18000
193 202 9000
291 292 1000
368 369 1000
289 290 1000
209 211 2000
252 253 1000
146 150 4000
436 441 5000
153 162 9000
136 137 1000
269 270 1000
394 395 1000
9 491 482000
392 396 4000
263 265 2000
422 425 3000
329 332 3000
127 218 91000
49 50 1000
340 343 3000
229 334 105000
383 385 2000
375 378 3000
228 229 1000
184 185 1000
131 134 3000
346 349 3000
405 406 1000
52 56 4000
162 163 1000
166 167 1000
269 278 9000
465 466 1000
341 342 1000
305 307 2000
248 249 1000
443 447 4000
114 116 2000
156 157 1000
318 328 10000
27 37 10000
326 327 1000
373 374 1000
238 239 1000
340 341 1000
396 397 1000
209 210 1000
10 11 1000
35 37 2000
289 291 2000
390 391 1000
233 235 2000
378 385 7000
57 58 1000
119 122 3000
264 265 1000
94 99 5000
453 454 1000
314 315 1000
127 128 1000
339 340 1000
128 129 1000
142 144 2000
340 342 2000
8 9 1000
176 178 2000
329 332 3000
59 482 423000
198 200 2000
224 225 1000
24 25 1000
43 44 1000
343 345 2000
382 383 1000
0 1 1000
233 307 74000
460 461 1000
49 51 2000
157 158 1000
29 37 8000
114 459 345000
142 152 10000
125 126 1000
469 471 2000
217 218 1000
59 69 10000
250 251 1000
247 248 1000
229 328 99000
