54 802
80 421 437 234 192 66 118 154 316 289 478 133 16 465 437 20 109 192 97 225 433 87 285 62 105 313 470 192 89 196 311 374 242 221 39 491 208 416 121 132 242 401 99 47 32 152 234 192 262 393 492 394 189 
40 53 11284
13 53 25102
15 28 2734
18 22 2740
5 8 2182
42 51 2700
22 28 2539
9 10 304
5 8 453
46 48 1889
15 53 9268
2 53 44694
15 32 14838
34 38 2611
3 12 994
16 28 11344
36 37 205
18 22 336
3 13 6519
29 32 950
4 8 1341
45 46 681
2 54 49139
18 19 560
5 7 807
29 32 161
17 18 818
42 49 4659
19 20 38
16 28 4764
13 14 194
33 34 22
15 53 25335
42 48 507
42 44 1747
22 23 867
13 53 38344
27 28 746
4 9 4772
15 53 36612
35 37 1333
17 22 4779
11 12 274
16 22 1089
5 6 345
2 3 81
36 37 810
44 48 1308
32 33 291
23 25 1544
51 53 679
20 21 63
47 48 360
15 38 9857
15 53 10950
42 51 6949
19 22 893
28 29 980
15 53 19584
33 38 3896
29 32 1848
23 24 561
15 16 759
44 48 1552
47 48 348
22 28 1774
29 30 656
23 25 1552
23 25 475
16 28 424
2 54 36253
42 44 634
52 53 248
38 40 796
5 7 397
17 18 340
22 23 195
20 21 348
14 15 820
5 6 859
3 53 40910
0 2 1812
15 29 1542
25 26 718
33 34 807
23 27 1772
15 16 590
0 2 206
35 36 295
53 54 468
35 38 1814
40 42 257
45 46 776
25 27 1062
39 40 788
16 28 4568
40 51 6992
32 33 277
30 31 618
16 17 758
7 8 433
41 42 565
33 38 1860
23 24 896
44 45 456
51 52 345
32 38 2477
46 48 138
37 38 908
17 18 539
33 34 468
51 52 702
34 38 2836
4 5 648
2 53 14894
9 12 1125
10 12 1822
4 12 1316
4 9 4769
15 32 9164
22 27 1128
44 48 374
16 22 4398
22 27 3148
18 22 2114
16 22 868
49 50 379
31 32 709
15 16 15
42 50 5853
15 53 1970
15 40 19435
22 28 5286
8 9 691
45 46 499
33 38 2133
46 48 1173
40 53 10246
42 51 7423
42 50 980
50 51 618
20 21 82
51 52 130
42 51 1475
19 20 206
8 9 517
38 40 1506
0 1 665
42 44 1324
45 46 357
39 40 862
5 6 613
20 21 458
32 38 5976
39 40 395
40 51 5895
40 41 220
15 29 9602
32 38 741
3 13 5988
2 3 850
15 28 8165
12 13 957
30 31 389
4 5 892
20 21 187
5 7 942
48 49 360
26 27 4
26 27 60
42 43 726
15 40 20076
3 53 40671
2 54 13788
15 16 153
37 38 659
14 15 418
2 3 828
32 38 5501
26 27 137
32 33 1023
32 33 164
19 21 648
0 2 356
18 22 2844
46 47 114
3 13 223
40 53 8699
50 51 787
42 51 5893
9 12 1104
33 34 885
15 29 2585
20 21 261
44 45 933
16 22 2270
22 27 6
29 30 713
2 54 22141
38 39 910
42 48 2343
1 2 857
44 48 2300
34 35 533
5 7 1221
34 35 263
46 48 1214
50 51 486
29 31 1331
10 11 599
27 28 369
48 49 306
26 27 144
35 37 1098
40 41 722
31 32 291
4 12 6847
13 14 486
17 22 3765
4 9 95
30 31 869
34 38 2938
35 36 874
0 1 202
19 22 1289
13 14 158
35 38 2576
5 8 2461
46 47 892
34 35 243
16 28 7483
23 24 197
53 54 801
20 21 537
4 8 3694
35 38 1196
15 28 4113
8 9 51
38 39 68
15 28 2814
15 53 12986
39 40 407
16 22 2484
0 1 446
10 12 739
42 43 237
15 28 7687
4 9 3369
14 15 678
15 38 8896
4 8 3750
51 53 1592
10 11 510
46 47 377
5 7 673
18 22 1791
5 6 28
44 45 932
3 4 575
50 51 836
29 32 1337
30 31 302
42 48 4392
15 38 8217
35 36 527
15 29 4148
3 12 7891
45 48 2248
3 53 1333
35 38 1896
15 16 674
22 27 472
44 48 3725
48 49 976
29 30 941
38 39 391
34 38 3883
40 51 2190
0 1 262
1 2 372
44 45 496
15 53 17393
52 53 446
32 38 5125
16 22 1331
24 25 722
33 38 275
4 9 3856
20 21 95
3 12 2723
25 27 1132
3 4 370
29 30 754
23 24 652
3 12 8436
42 44 1040
17 18 467
42 48 3631
48 49 47
45 48 647
22 28 1720
42 43 769
43 44 693
5 6 301
27 28 5
23 27 1337
23 24 473
40 41 371
48 49 537
29 30 470
40 42 591
29 32 1805
19 20 808
30 31 155
21 22 283
33 38 4702
18 22 2155
22 23 657
20 21 922
16 17 328
13 53 30773
37 38 222
42 44 822
15 28 731
4 5 997
42 44 1424
13 15 1797
35 38 2424
52 53 818
22 27 391
47 48 582
7 8 291
38 40 342
48 49 640
15 28 8400
33 38 3038
44 45 775
23 25 238
49 50 224
19 20 618
3 13 3033
2 54 25778
23 25 1233
19 21 1894
29 32 536
27 28 837
2 53 18998
24 25 833
5 8 915
41 42 608
26 27 239
42 50 673
42 48 449
13 15 639
18 22 1129
23 27 866
29 31 1125
42 50 715
44 45 15
31 32 488
17 18 667
4 5 631
5 6 204
42 49 3091
3 12 1172
18 22 51
27 28 111
19 20 967
26 27 870
33 38 801
5 6 471
23 24 137
42 44 7
17 22 1668
3 13 1486
4 9 1508
38 39 816
43 44 763
42 43 691
15 28 5316
0 1 918
8 9 684
3 53 20526
32 38 3010
10 12 161
18 22 3869
11 12 185
17 22 1823
14 15 150
15 28 12272
4 5 593
52 53 457
24 25 103
45 48 2428
33 38 3391
2 3 404
9 12 668
32 38 5668
13 15 18
19 20 808
2 54 39589
18 19 540
36 37 82
22 23 118
42 44 72
15 28 6807
15 40 641
42 43 116
51 52 620
15 16 422
0 1 623
26 27 742
4 5 245
46 48 1943
33 34 564
2 3 428
40 51 9120
48 49 508
24 25 979
5 6 723
30 31 409
19 22 2430
0 1 850
16 28 1687
32 33 721
15 28 2591
9 10 749
18 19 461
37 38 506
21 22 757
22 27 4422
18 22 2610
10 11 273
3 53 43022
6 7 90
15 16 411
36 37 602
5 7 1110
49 50 853
18 22 2539
17 22 3608
47 48 235
42 50 5775
19 20 697
51 53 1645
31 32 302
29 30 245
33 34 557
42 50 6900
42 43 1027
4 5 726
22 27 3110
5 7 1503
15 28 10668
44 48 838
22 27 2737
3 53 12096
35 38 2780
3 12 8739
40 51 3564
0 2 1186
3 4 343
15 28 1170
53 54 1
9 10 302
42 49 3884
51 52 558
16 28 7201
34 35 830
37 38 779
51 53 489
32 33 504
18 19 502
3 13 8270
16 22 2900
15 29 13591
40 53 8349
15 28 11803
1 2 855
15 16 562
25 27 386
19 22 930
20 21 805
23 27 3804
19 21 1854
42 48 5025
5 7 1587
4 8 595
6 7 198
17 22 2935
33 38 2079
22 28 661
15 32 1557
33 34 306
8 9 632
32 33 206
29 30 836
5 8 2363
3 53 23447
5 8 1930
9 12 787
42 43 917
0 1 814
20 21 359
42 51 4652
30 31 314
30 31 695
50 51 820
19 21 186
46 48 109
42 48 3899
15 32 3368
45 48 821
10 12 973
3 4 864
3 12 7039
23 27 1584
42 43 781
52 53 95
31 32 88
35 37 944
15 38 11078
52 53 615
5 7 1744
31 32 533
25 27 720
29 32 2507
23 24 329
39 40 41
35 37 810
35 37 859
40 51 1989
48 49 377
40 41 103
42 50 3728
32 38 2856
20 21 310
31 32 334
42 49 2861
9 12 876
44 48 2349
19 21 1704
39 40 269
5 8 1923
43 44 480
25 26 923
30 31 154
34 35 761
18 19 429
19 21 435
35 38 135
47 48 491
18 19 254
18 22 2894
43 44 518
15 29 5335
4 12 2157
17 18 814
8 9 335
26 27 500
22 23 840
5 7 358
50 51 915
14 15 545
20 21 358
41 42 299
40 42 1267
21 22 769
51 52 486
15 38 18481
17 22 3835
19 22 2089
38 40 237
17 18 686
53 54 381
49 50 448
3 4 705
5 7 123
18 19 417
22 28 2717
44 48 2280
51 53 353
48 49 909
2 54 40974
5 6 457
25 27 376
4 9 3677
3 13 6585
47 48 554
43 44 714
30 31 319
28 29 394
41 42 990
38 39 190
2 54 9315
48 49 432
50 51 58
14 15 810
38 40 1400
40 53 12277
23 27 1280
46 48 1880
51 53 731
15 32 16890
29 32 388
46 47 634
11 12 789
27 28 455
8 9 460
33 38 4748
3 12 4170
43 44 112
5 8 872
29 30 211
9 10 76
20 21 327
27 28 629
15 32 9837
44 48 2230
18 22 2939
15 29 12140
35 38 126
41 42 304
9 12 542
23 24 509
2 3 954
8 9 874
12 13 607
2 53 14672
10 12 1647
42 51 4978
23 24 66
50 51 949
21 22 328
35 38 2612
23 27 1784
13 53 39415
16 17 336
30 31 209
17 22 2071
52 53 1003
16 28 9899
52 53 350
9 10 265
5 6 234
13 15 614
7 8 767
42 51 2812
41 42 852
2 54 2648
44 48 529
3 4 5
19 20 408
10 12 1844
42 49 5939
15 29 7167
28 29 1000
46 48 308
6 7 360
29 30 382
45 48 2290
16 22 526
44 48 1489
43 44 350
45 48 2023
25 26 925
43 44 859
14 15 61
1 2 169
16 28 7933
0 2 587
44 45 425
33 34 644
11 12 30
2 53 48393
51 53 1924
13 53 34183
51 52 93
16 22 3619
19 20 537
40 41 804
36 37 102
42 51 7267
35 36 344
13 14 593
14 15 149
3 13 5340
36 37 997
23 27 3788
19 22 2792
4 5 684
13 14 734
16 22 4906
25 26 298
22 23 643
16 17 844
23 24 44
16 22 413
36 37 888
0 2 429
28 29 475
10 11 87
37 38 6
1 2 533
17 22 5015
47 48 370
18 22 331
42 44 354
3 12 6956
42 50 3512
45 48 1384
23 25 1320
35 36 782
5 7 1178
43 44 36
9 12 2181
18 19 27
27 28 1020
40 41 799
18 22 2441
8 9 441
37 38 948
7 8 728
15 29 7102
15 53 2110
38 40 1680
40 51 2748
15 32 5542
44 45 962
38 40 41
34 35 987
26 27 940
24 25 30
18 22 2339
22 23 240
39 40 602
52 53 43
40 53 12646
45 48 1114
45 46 510
23 25 760
23 24 883
13 15 1400
40 42 1943
42 49 6494
41 42 440
40 53 4010
7 8 886
6 7 857
1 2 393
3 12 8236
15 40 22576
37 38 803
41 42 480
23 24 325
19 20 557
21 22 420
23 27 3437
31 32 23
26 27 185
2 54 27081
45 48 2102
41 42 843
44 48 1577
28 29 563
40 53 5254
4 12 1267
42 51 2172
44 45 12
42 49 4359
52 53 970
12 13 71
6 7 520
4 9 4510
37 38 963
10 12 1012
2 54 30925
32 33 774
29 31 249
35 36 650
35 36 117
3 4 882
36 37 39
34 35 430
5 7 1633
39 40 980
15 29 6174
44 48 208
18 22 503
15 53 3998
40 53 8582
15 28 9648
18 22 458
2 3 729
36 37 320
33 38 4880
4 8 3691
19 20 50
6 7 468
15 29 2775
4 8 1389
23 24 38
