818 803
611 482 145 265 235 188 373 63 479 109 332 471 492 331 385 385 366 314 423 167 260 533 262 651 605 391 473 88 96 231 615 643 661 477 426 101 593 592 350 226 420 156 586 670 382 457 250 550 675 314 317 403 208 181 661 350 172 400 85 127 423 125 87 636 275 251 181 362 608 212 527 327 626 115 622 303 459 283 275 232 230 87 306 622 572 322 409 285 369 555 326 82 451 289 611 341 384 148 25 60 402 207 116 633 348 475 453 673 219 442 161 161 194 34 370 283 288 461 504 255 313 632 192 253 76 364 293 34 604 69 199 638 57 507 241 39 430 371 382 493 146 454 349 667 20 602 659 371 424 93 341 159 179 192 678 507 242 537 371 555 652 377 331 544 342 662 431 503 341 563 479 342 299 51 29 376 591 38 519 234 339 152 308 227 328 118 125 148 261 566 563 220 267 240 328 295 225 8 180 444 532 64 201 289 104 176 391 79 335 581 358 218 343 312 126 390 630 258 85 246 432 549 71 561 38 346 55 159 246 147 494 642 260 361 679 554 44 490 326 147 681 560 106 314 558 654 369 520 392 185 662 490 557 115 50 522 112 572 296 187 537 505 396 392 144 526 219 264 42 589 502 318 281 581 256 400 546 650 491 640 540 157 139 666 358 108 101 119 541 481 242 328 498 423 50 80 141 683 598 639 276 513 204 631 485 227 367 20 49 243 626 488 382 404 624 562 493 28 450 368 86 297 550 165 57 445 381 181 153 481 556 572 544 133 322 637 499 43 53 435 496 566 632 479 530 558 134 465 28 614 91 666 151 668 168 203 597 443 391 383 211 307 4 407 439 567 502 290 299 247 235 657 23 416 220 673 453 301 189 152 12 83 658 279 322 23 671 549 472 545 466 118 592 405 318 563 457 393 399 641 592 445 653 521 354 570 218 430 335 651 25 479 93 487 109 520 381 501 332 540 552 134 61 418 90 604 312 200 582 23 597 34 590 396 394 672 189 615 431 150 26 419 17 13 527 678 363 134 132 327 498 28 295 387 564 391 361 663 648 496 642 211 84 305 26 253 263 593 544 674 529 301 385 166 614 458 594 127 528 303 182 291 371 652 231 108 671 573 200 614 423 160 601 511 176 298 555 507 476 168 2 562 202 575 361 587 396 311 542 456 181 76 499 259 557 680 1 508 190 152 143 289 280 538 143 81 309 104 397 146 244 343 537 340 377 244 504 150 314 615 367 571 376 122 44 586 608 205 665 665 497 336 251 257 252 178 84 463 200 129 645 518 324 307 504 428 362 140 242 275 445 479 244 381 403 191 252 21 469 414 359 421 553 241 71 577 127 331 451 465 76 520 163 40 515 471 322 353 5 411 93 138 121 427 551 329 585 241 20 395 72 337 643 173 337 419 663 217 12 614 330 537 437 373 481 639 682 205 40 420 538 425 516 324 21 394 558 613 554 14 663 256 77 591 593 5 608 178 628 493 40 91 415 661 555 676 326 239 513 465 659 22 326 19 216 284 394 89 523 211 426 280 421 208 43 606 152 252 496 379 366 342 219 224 99 134 574 58 655 640 332 588 265 269 31 219 503 543 231 135 76 436 69 286 259 500 563 646 234 275 413 180 243 291 13 180 479 532 314 589 594 435 222 657 499 437 99 382 389 663 337 76 106 120 639 575 528 171 40 150 369 630 521 682 270 284 377 225 441 155 420 206 650 59 156 657 481 164 97 372 445 54 496 570 353 74 661 417 84 585 171 187 31 681 606 273 400 258 479 123 270 78 18 561 160 168 389 648 479 256 585 554 39 596 308 526 285 527 642 51 648 422 664 100 206 312 278 354 427 564 377 223 318 154 290 250 3 
329 338 3684
276 603 264755
442 496 23627
633 805 63520
266 615 296513
191 212 3018
178 631 406319
59 121 50183
366 397 17614
154 807 335800
131 147 1161
526 596 46640
397 503 47559
57 123 20914
730 770 19247
544 546 718
183 213 13294
421 501 46724
230 237 345
304 358 15544
722 778 27817
27 31 3246
553 556 781
298 397 63750
63 115 32788
773 778 3962
72 94 7329
213 238 12971
537 567 21055
661 702 24441
32 124 50276
650 789 98707
327 329 1910
233 237 1640
183 629 424449
676 697 16573
778 786 390
313 354 687
651 655 101
451 457 481
550 561 10749
372 376 2802
263 265 1687
409 418 7766
327 348 4917
619 629 7480
810 815 2822
238 249 8039
459 487 9742
648 649 210
7 130 34631
430 434 1700
645 798 69422
34 53 5611
304 362 42370
315 319 3091
526 603 39175
282 509 94644
386 396 6620
703 707 2344
794 798 3816
464 477 9271
535 590 21498
255 257 178
469 470 288
359 361 1189
655 715 49407
727 772 42679
301 362 18828
673 701 7235
592 594 1443
265 615 311194
285 297 5966
740 760 18283
154 810 3894
620 622 1378
306 357 36295
252 261 5289
288 291 1041
503 507 1902
734 738 3395
66 104 4969
428 499 3183
8 13 4757
62 118 46036
747 753 5355
512 518 2974
197 200 2947
40 51 8440
570 575 1439
269 603 144722
768 769 162
455 456 462
195 204 1602
536 587 44931
215 230 11372
635 637 1312
194 205 818
733 769 23131
137 144 4706
43 44 574
252 258 3808
101 102 731
376 383 14
661 663 1272
541 549 12
215 227 1276
787 789 195
219 224 118
231 233 293
15 24 7470
631 633 1787
569 583 10472
327 354 14888
75 78 164
219 220 303
79 94 5742
773 777 135
267 269 2
72 96 23161
442 492 28220
550 552 1517
363 397 12800
167 174 6875
558 561 2762
364 366 1041
603 605 1372
646 793 44888
137 147 9576
97 102 696
261 615 98599
741 747 1044
715 721 3770
682 697 1590
167 172 2275
282 510 50944
442 495 30335
336 338 59
185 191 3037
464 473 1002
811 812 630
705 706 479
311 355 10221
184 213 7012
693 696 451
645 803 149211
370 386 1251
154 177 12935
550 565 7421
277 518 127571
524 525 299
421 499 24802
66 71 4260
729 730 657
723 726 2161
15 18 2613
303 362 15475
71 104 28554
327 344 9840
163 164 66
65 107 37228
676 697 18143
273 274 311
238 616 102789
637 641 1883
486 487 856
216 218 416
741 757 608
331 334 943
107 109 410
359 362 1471
807 808 425
65 105 4749
159 163 288
645 798 17765
535 592 5301
124 129 1621
523 525 82
740 741 880
435 437 1034
163 165 1933
728 771 24553
739 762 12904
669 672 650
325 354 10808
439 441 717
107 109 924
3 149 66235
193 207 4325
323 325 1082
407 421 9151
298 300 1181
661 666 3478
606 607 991
448 488 9581
185 191 5461
633 644 9202
188 189 390
603 606 432
461 482 3945
31 124 12899
715 717 1117
13 124 34469
183 238 44393
370 376 4545
126 128 1006
461 480 7881
433 434 781
629 631 1104
250 616 217591
153 816 78694
659 712 706
747 756 6654
41 45 3285
331 334 520
805 807 1604
252 258 2574
440 441 156
400 403 526
132 147 14696
741 743 966
124 130 992
183 184 641
618 619 371
63 113 34007
111 113 1166
73 75 961
458 459 100
491 492 417
429 438 5602
129 130 585
677 678 924
620 624 461
188 190 73
659 707 24286
344 346 1708
474 475 73
158 165 3726
426 427 407
238 246 5230
372 374 1630
70 71 580
429 497 1181
154 167 4534
661 673 11852
79 91 11085
37 39 1271
119 121 218
530 592 52849
721 789 11148
568 587 15510
682 683 687
124 128 3782
132 137 4924
799 802 285
392 393 295
538 550 10187
538 567 28207
234 237 2883
50 51 233
65 104 26739
432 433 600
550 558 498
448 457 4786
0 1 655
63 110 754
144 147 2181
400 403 41
196 201 1571
383 384 362
650 789 108666
633 644 2213
329 342 4024
78 79 605
378 380 1360
461 484 15883
96 102 4145
649 650 850
764 766 1734
675 701 4761
575 581 4830
252 253 249
215 237 1667
441 496 29308
535 588 17053
611 613 1930
488 491 2595
590 591 90
267 608 320915
35 51 683
650 791 102130
739 768 27276
645 805 24338
617 618 414
673 674 329
91 93 1897
4 147 86748
293 295 1256
529 595 65628
740 760 14411
299 300 790
464 468 1010
215 218 1413
443 448 1575
676 697 11718
602 603 22
489 491 834
36 40 1763
684 697 3544
348 353 1222
562 565 2570
511 518 6260
730 731 326
170 172 1013
185 212 16835
377 381 2553
87 91 3626
243 246 2512
575 576 55
47 50 2543
111 112 920
592 593 642
707 708 291
91 94 1815
15 23 5962
600 601 45
252 616 109104
471 472 214
183 617 246183
399 400 915
739 766 23515
393 395 1939
397 404 4071
490 491 365
285 288 1731
292 296 4006
645 798 73693
429 441 4840
215 237 2948
418 421 1289
522 525 448
152 153 827
519 526 1228
388 391 599
159 161 414
137 142 2366
270 273 897
308 309 263
396 397 686
700 701 187
349 350 22
503 506 610
122 123 566
543 548 2336
288 297 1387
788 789 838
810 812 802
589 590 796
78 94 3192
655 714 31994
353 354 30
291 297 2746
207 211 1878
702 703 59
442 496 11193
330 334 467
629 631 225
252 261 5245
492 495 177
529 596 1572
516 517 205
638 640 691
280 518 18320
152 153 652
801 802 758
528 596 42082
106 107 409
541 550 1620
376 381 892
633 645 7049
2 816 420181
810 813 2691
409 418 6033
167 168 834
443 491 35768
387 388 934
55 57 1600
187 188 23
329 336 6442
453 456 1462
7 124 106372
363 366 1596
40 45 3082
377 378 618
773 778 3419
469 473 1746
685 691 3022
529 592 17617
154 165 6573
267 614 158116
501 503 1860
111 112 260
288 290 137
282 298 4595
410 411 176
659 661 1563
538 539 292
513 516 189
32 34 543
313 314 936
666 672 351
406 503 86156
195 205 9474
348 353 1985
400 401 714
175 176 338
322 354 7737
2 817 117893
655 656 933
508 509 470
627 628 754
691 693 656
388 393 1535
27 124 59723
514 515 317
280 511 169836
425 427 904
407 421 8852
692 693 255
741 742 122
269 276 5920
675 701 7467
537 567 25661
8 10 1151
298 397 84775
430 433 58
153 154 551
407 501 7448
16 17 521
798 799 818
35 51 14556
86 91 3367
350 352 719
266 614 68480
115 117 1716
293 294 486
573 575 870
741 745 3051
678 679 126
195 204 6421
526 601 17581
376 381 4378
477 479 1777
60 119 27003
14 124 106655
540 541 695
124 129 4862
8 124 8537
267 611 13316
449 450 902
147 148 336
6 147 50385
124 128 2312
267 269 1109
277 603 306235
308 309 454
64 65 567
535 536 963
413 415 764
298 508 165416
526 596 66176
751 752 749
121 123 546
68 70 933
747 752 4517
227 228 845
389 391 943
339 342 193
292 297 875
711 712 644
536 567 27116
154 174 8160
635 642 3338
188 189 35
645 798 144336
477 480 1168
198 199 454
598 600 95
409 415 3969
682 697 651
275 276 535
215 230 7903
315 319 1075
63 111 28243
181 182 582
51 53 69
722 787 14872
778 785 563
72 103 8722
36 39 2827
87 90 418
250 251 310
677 682 4818
253 258 3965
137 143 3663
571 573 1052
735 736 337
259 260 177
253 255 274
102 103 33
463 477 64
181 183 1611
727 728 363
469 471 1095
154 633 208096
111 113 709
655 657 536
36 51 5708
558 559 4
779 785 4582
459 484 4208
807 810 206
389 390 328
427 428 104
430 431 767
429 434 281
757 760 731
193 212 2959
780 783 2565
15 19 1733
447 448 636
219 222 2229
698 700 667
336 338 1538
739 760 4038
409 413 801
163 165 915
773 776 705
244 245 148
421 428 5131
238 616 203198
181 183 1265
154 166 2745
234 235 437
442 495 34635
259 260 907
36 40 702
661 703 25243
397 404 6382
444 448 1275
483 484 1042
792 793 579
1 2 553
32 33 37
645 803 33182
396 397 261
748 752 2102
91 93 145
763 764 169
215 238 15219
137 147 8442
71 104 17706
277 279 764
807 809 1399
713 714 579
689 691 1150
539 550 10524
552 556 3032
367 397 2944
306 309 1978
59 123 48949
633 643 4828
457 458 1006
723 726 472
397 403 4093
677 682 2402
115 117 1111
568 583 3820
238 616 293667
661 662 296
474 477 1968
158 165 394
583 587 1528
603 604 536
51 52 811
520 521 228
154 805 108063
687 691 1851
238 239 1011
261 262 457
159 163 23
443 492 26821
536 567 28849
645 803 156118
261 616 29526
306 310 3704
421 501 78128
137 140 2071
76 78 838
709 711 312
32 34 1211
756 757 94
291 292 855
445 446 727
424 428 1997
734 736 961
557 558 344
59 119 7062
569 582 1611
273 274 692
415 416 142
447 448 673
280 518 165691
61 119 43318
389 391 1355
544 548 3174
380 381 895
101 102 532
215 224 4903
64 107 29459
377 378 929
418 420 1321
650 715 7840
386 393 1349
705 707 1528
661 701 10866
544 547 1318
655 656 541
723 772 39166
195 204 542
391 392 106
466 467 85
238 240 349
40 51 8807
170 171 728
154 176 14072
461 477 4481
409 413 982
442 496 21316
703 705 1094
397 507 30008
475 477 1155
375 376 694
697 701 3792
526 602 13061
730 769 11956
274 276 968
76 78 1215
758 760 1595
167 173 5413
377 378 360
682 697 5583
637 640 1318
58 59 736
645 646 854
311 357 17199
97 102 3651
340 341 509
620 623 2747
753 756 917
736 737 462
618 629 9927
741 747 5601
521 525 295
509 510 49
401 402 324
154 176 13812
8 124 31439
17 18 540
430 434 1454
430 432 130
393 396 2233
701 702 574
649 791 117558
513 518 2593
493 495 972
219 221 1873
154 631 194650
82 83 467
698 701 864
552 557 1491
66 104 31173
619 620 261
91 92 719
424 425 26
710 711 671
160 161 847
369 396 5074
794 798 1405
603 604 232
40 41 66
754 756 115
780 785 1685
627 628 479
733 768 26317
13 14 752
270 272 228
107 110 2692
510 511 7
344 348 3375
552 557 4870
661 702 6299
11 12 547
386 388 554
137 140 2085
235 236 259
509 510 1016
36 39 1608
47 50 2958
721 722 536
97 99 185
162 163 635
0 817 284111
19 20 722
533 534 382
568 583 5322
273 274 345
2 817 544669
544 545 517
225 227 1951
261 263 1729
20 23 70
28 29 424
525 526 627
249 250 34
456 457 217
778 787 3685
79 84 2040
464 474 8844
34 57 16491
278 279 150
730 770 3236
266 267 143
651 655 2361
86 91 3528
371 376 2006
528 596 23413
293 296 2465
531 532 898
590 591 221
121 122 395
99 102 1908
655 658 2801
580 581 386
568 587 1679
270 273 2074
308 309 651
74 75 576
370 386 8339
36 39 1557
186 190 1063
397 405 44
424 425 17
661 663 834
87 91 2056
492 495 868
448 457 7083
176 177 218
407 409 294
655 658 1905
403 404 374
389 390 279
474 477 2202
620 626 3690
624 626 582
798 802 1208
81 83 1733
267 269 1225
455 456 493
778 785 4741
748 752 1214
513 517 251
267 613 37512
326 354 12977
49 50 931
772 778 2808
151 153 324
278 279 857
173 174 839
196 197 343
477 478 1015
661 665 2930
255 258 1132
215 219 2061
81 84 2744
384 385 713
304 362 35276
91 93 140
465 466 769
608 609 384
225 227 120
615 616 144
98 99 677
285 298 10139
182 183 237
34 55 10620
186 191 1932
570 581 2629
457 458 898
817 818 935
376 385 8108
646 794 88990
529 530 255
