1000 1000 0
54092 18076 55115 57303 74838 93710 85830 64974 11101 29520 96540 17608 51822 52700 71384 83507 89240 52733 74021 75928 63542 47929 40132 8247 62044 64521 67303 16255 93027 28282 69479 72831 6576 28195 22967 41085 4318 60848 55120 30002 30650 9014 19496 95283 31863 44641 85270 3177 19379 66937 5379 63886 69897 35 10769 44760 29577 44355 29657 11906 55122 89203 53770 82657 160 57153 64146 80436 57764 478 36637 50852 20567 25 48218 71006 38218 78965 94026 68716 75578 87205 22812 515 93540 97349 68983 97616 69166 59430 70157 95702 19149 65573 30083 66454 5480 49032 80539 29513 24237 62129 88556 83734 57252 50738 62666 63515 26220 5900 63286 4282 3882 33046 43164 82622 62814 64807 18952 63971 32651 66140 40827 32399 86463 84730 68872 91030 78463 31540 29954 96683 45320 41089 88770 39058 95669 96333 55813 18053 12159 26535 2769 88242 99502 73135 96276 21704 32558 839 72814 60751 50412 71702 10057 77103 78172 54277 24195 75710 25888 52155 83195 34406 10089 85191 90397 743 51757 17760 38709 25632 20281 94478 41966 48118 42948 32040 33436 83483 29434 35445 1980 50666 79351 1406 59265 58442 31775 3234 35419 23449 33072 5801 30837 46004 60128 25871 73029 48115 13248 17435 33734 28116 32412 76351 26739 63972 31112 9520 46662 10542 72134 34284 51357 16177 84307 28040 61910 64289 32238 6420 20459 51892 6796 5490 81510 85622 18962 42045 24230 32324 56558 5715 22546 85447 38349 89616 21042 58268 46187 59552 54476 66921 56233 56744 23442 88907 82661 11341 2773 24953 82596 56726 51447 67354 34074 42787 87962 94405 26493 63471 89147 98231 10622 19462 63656 5024 52687 37042 69043 79981 14467 52488 17805 65799 67657 73545 68199 84101 8166 91312 48577 26626 2276 30651 49677 84118 23367 30701 89910 57584 75160 39658 89790 98682 46799 37946 35344 77876 4729 68877 34695 86024 18148 11217 87943 2301 1980 42394 51981 35061 12667 58793 84101 34065 94315 22767 16688 75733 58310 31390 43463 80161 34270 33131 33477 40712 25110 96349 28904 81998 35114 55102 60485 58156 21349 68266 94727 24073 77896 99563 57520 19191 29919 55468 46659 97333 78140 71747 40988 56465 47365 57868 24501 50744 32391 26184 47281 83892 27030 10086 89849 6734 71450 9820 77598 17144 1207 79292 18857 93455 23746 1059 49488 69810 10066 37715 19352 53461 89556 42772 29176 32646 75864 37841 49611 7103 73297 77965 74666 31894 2465 47108 43921 64547 64491 37480 97434 46428 89076 12964 24637 23643 23776 84838 13993 71061 88563 47216 39496 50833 16901 40052 97486 56370 86719 13713 98033 1701 83875 74128 1496 8160 34569 50538 67719 77548 67873 90009 49482 39067 99917 90495 61662 42513 11386 10285 48478 51203 48322 42045 90189 88654 28766 63217 85282 94446 63579 85482 55281 72307 662 78895 40152 21406 48918 27850 19754 20356 97887 34029 12373 37295 96170 15001 56411 66641 67445 10294 4583 94380 88649 60508 10428 85899 42879 16490 48307 67895 13211 95551 61074 43675 83318 2253 48791 91695 82403 54935 16150 85695 82157 87004 17296 70317 23883 74911 29088 53307 20292 45952 48666 94386 31982 29591 12718 40094 31192 59981 20866 77975 58772 37178 37073 17428 73438 8424 98584 27756 106 3121 79270 18791 97449 51700 37821 45902 78266 69996 71708 86304 92001 86279 97920 37061 43163 90978 3288 6359 78682 40796 24254 76795 3666 92275 59141 16640 58403 48599 52749 87482 73384 15533 18481 74527 36923 11132 42946 62185 77657 24811 2794 26288 43679 23446 80873 54029 3424 32131 34150 80525 22834 48451 30604 1758 2138 21332 50619 10150 12564 49172 47994 7310 98406 63499 97370 96450 46277 2518 6258 92472 13887 73580 19420 53676 25124 24798 54226 58837 86046 30880 6475 79884 14163 59444 26742 70510 28186 37347 78950 88266 30056 92422 11406 77902 15440 26286 90837 8352 89262 8870 58931 33198 67470 3045 69499 32503 68042 51418 10363 48659 3344 43603 3361 7021 91851 35580 48674 87684 68823 30200 72519 19839 11258 40873 84754 7985 51745 40760 60771 53783 4819 96813 14057 95513 2525 50794 48422 72590 22208 70649 71538 7636 25223 77533 29357 44767 71946 51676 84908 36476 63597 86877 33232 95164 51987 11268 58961 19306 49268 50044 82092 25448 61778 19953 66663 38026 66784 67423 71336 6868 86580 72963 36872 65712 37974 89048 328 92327 29777 624 5895 85377 97840 93881 18880 15861 92145 31683 8578 53363 99122 23785 80541 29070 31845 81059 60932 75248 57151 62808 38692 45176 74788 98012 85734 5346 71988 88742 22506 35908 12480 91692 96785 55394 78317 3731 69197 3323 88024 15483 57300 30220 13865 11846 36079 93500 44327 28680 93585 64107 52442 51402 93345 84301 18555 67339 55070 56481 79094 98546 77306 73037 59237 19450 33087 49494 28187 6310 5827 64218 77845 30250 83055 91376 48465 80498 7234 26141 79368 96672 12167 50200 15097 38023 37425 39121 36572 86131 25933 99898 94743 92909 67582 55457 22242 25949 65485 18077 50854 81847 2953 52704 88496 85989 42302 29168 13782 41776 72285 50786 28445 71409 8340 61051 61761 42182 84400 70295 26097 10410 820 37811 69081 98819 12575 49606 4533 4081 29965 31327 67794 90833 82236 4869 94343 14136 76828 12822 38772 65329 56975 78215 40618 90126 96884 73344 84277 35928 31340 56556 778 14262 91870 49322 34183 52900 80691 39995 92770 63114 85665 10269 18540 82409 14478 76541 15534 62521 10322 34675 62006 33786 37903 32222 72901 65225 7284 49066 35435 38774 24479 98088 61236 48652 36028 33284 12485 49355 55027 93080 88290 97617 61814 51098 24570 82604 60851 7182 93669 60901 17337 1778 41827 42824 75278 20209 5436 70069 52641 97669 38152 21070 98717 4690 22797 56592 48810 4928 32685 95420 41813 58904 12218 85788 19229 79899 89289 66588 88795 13112 88401 58786 92178 34179 92476 80133 12913 3797 96938 18758 90149 46676 12465 35114 96924 5955 49954 25176 60424 26961 84453 45790 56916 38373 2041 80994 93899 29012 35852 1590 92246 37158 36271 49787 40463 73393 67237 74155 45482 92084 61998 82975 70733 74467 15739 51258 21214 47829 59716 61273 25892 16311 30946 45509 34288 14317 75505 64793 72650 83319 2114 30016 74792 62870 96934 50647 54818 13437 
1 2 14985
2 3 14844
3 4 53773
4 5 45239
5 6 98706
6 7 51796
7 8 62250
8 9 76268
9 10 42296
10 11 91540
11 12 57585
12 13 30655
13 14 85416
14 15 90595
15 16 13195
16 17 10944
17 18 28072
18 19 51454
19 20 64404
20 21 25462
21 22 68685
22 23 31540
23 24 27038
24 25 58107
25 26 83459
26 27 83402
27 28 61582
28 29 34974
29 30 80425
30 31 63736
31 32 82909
32 33 94400
33 34 30387
34 35 93578
35 36 87832
36 37 568
37 38 11462
38 39 43680
39 40 59361
40 41 31728
41 42 59903
42 43 89231
43 44 56524
44 45 61285
45 46 11564
46 47 4414
47 48 92706
48 49 13322
49 50 1201
50 51 71465
51 52 14465
52 53 50598
53 54 38725
54 55 24545
55 56 73082
56 57 10449
57 58 99570
58 59 4138
59 60 84946
60 61 32539
61 62 38873
62 63 86395
63 64 99330
64 65 60358
65 66 40267
66 67 21314
67 68 97207
68 69 12615
69 70 24465
70 71 18046
71 72 7890
72 73 57256
73 74 46853
74 75 5347
75 76 6217
76 77 5001
77 78 92055
78 79 13049
79 80 14660
80 81 54106
81 82 15177
82 83 94205
83 84 91074
84 85 87491
85 86 79443
86 87 88703
87 88 84017
88 89 37308
89 90 21344
90 91 50562
91 92 76601
92 93 2645
93 94 44879
94 95 2623
95 96 61682
96 97 62832
97 98 48403
98 99 10947
99 100 7913
100 101 290
101 102 58611
102 103 23276
103 104 74687
104 105 74486
105 106 39403
106 107 99984
107 108 30762
108 109 77098
109 110 9705
110 111 3030
111 112 9522
112 113 67727
113 114 50129
114 115 25339
115 116 7413
116 117 51213
117 118 20921
118 119 88942
119 120 22916
120 121 11261
121 122 19693
122 123 6676
123 124 73219
124 125 55053
125 126 59373
126 127 8133
127 128 87597
128 129 88896
129 130 65610
130 131 68269
131 132 67726
132 133 18923
133 134 62157
134 135 84236
135 136 32007
136 137 99641
137 138 8656
138 139 58966
139 140 92430
140 141 98216
141 142 45378
142 143 4724
143 144 96811
144 145 59433
145 146 44167
146 147 97953
147 148 22140
148 149 15332
149 150 89526
150 151 4526
151 152 11282
152 153 35698
153 154 9306
154 155 29055
155 156 51857
156 157 3234
157 158 88754
158 159 13100
159 160 80308
160 161 12917
161 162 46481
162 163 31584
163 164 29767
164 165 71009
165 166 30590
166 167 58365
167 168 46699
168 169 88817
169 170 99924
170 171 58806
171 172 48085
172 173 25475
173 174 65475
174 175 21075
175 176 47119
176 177 32585
177 178 11885
178 179 1297
179 180 55734
180 181 67817
181 182 73515
182 183 51200
183 184 77723
184 185 25021
185 186 4614
186 187 28803
187 188 7426
188 189 31540
189 190 61182
190 191 20596
191 192 13990
192 193 54735
193 194 32902
194 195 46813
195 196 65522
196 197 55396
197 198 21222
198 199 54175
199 200 31145
200 201 67295
201 202 35127
202 203 59919
203 204 9120
204 205 12284
205 206 83627
206 207 42324
207 208 96319
208 209 8846
209 210 89699
210 211 53803
211 212 99619
212 213 67515
213 214 17366
214 215 82819
215 216 87263
216 217 66269
217 218 45713
218 219 11681
219 220 11318
220 221 11619
221 222 41233
222 223 6333
223 224 8227
224 225 23182
225 226 55755
226 227 77667
227 228 53585
228 229 81941
229 230 29477
230 231 10995
231 232 86659
232 233 40289
233 234 39834
234 235 80577
235 236 16045
236 237 82994
237 238 31770
238 239 4182
239 240 65881
240 241 39000
241 242 75847
242 243 8557
243 244 83332
244 245 93338
245 246 281
246 247 73303
247 248 75870
248 249 24659
249 250 87163
250 251 12504
251 252 80462
252 253 62288
253 254 55372
254 255 42311
255 256 73355
256 257 47155
257 258 56927
258 259 55410
259 260 90851
260 261 98611
261 262 3675
262 263 4568
263 264 34616
264 265 40441
265 266 72124
266 267 90253
267 268 96606
268 269 81957
269 270 48944
270 271 38713
271 272 75263
272 273 80871
273 274 73915
274 275 92985
275 276 72888
276 277 95143
277 278 90451
278 279 1980
279 280 66745
280 281 43709
281 282 70757
282 283 29672
283 284 97000
284 285 55193
285 286 77230
286 287 2547
287 288 43678
288 289 91965
289 290 23779
290 291 25642
291 292 14089
292 293 24318
293 294 6473
294 295 17742
295 296 41929
296 297 7431
297 298 73917
298 299 23633
299 300 43891
300 301 75349
301 302 59790
302 303 14397
303 304 64048
304 305 92604
305 306 23966
306 307 20110
307 308 90463
308 309 2656
309 310 52421
310 311 17299
311 312 79439
312 313 81341
313 314 49358
314 315 14417
315 316 8934
316 317 25568
317 318 67735
318 319 51680
319 320 78653
320 321 11916
321 322 8949
322 323 10572
323 324 52962
324 325 16086
325 326 4238
326 327 15509
327 328 55380
328 329 41129
329 330 43422
330 331 24719
331 332 82250
332 333 58403
333 334 52467
334 335 46883
335 336 6477
336 337 6614
337 338 53360
338 339 41068
339 340 93017
340 341 32967
341 342 69037
342 343 73179
343 344 28160
344 345 39250
345 346 64758
346 347 48724
347 348 91047
348 349 85125
349 350 520
350 351 96494
351 352 23335
352 353 81376
353 354 57975
354 355 14039
355 356 77006
356 357 51004
357 358 48939
358 359 80717
359 360 91003
360 361 46753
361 362 7901
362 363 44614
363 364 13765
364 365 53710
365 366 44255
366 367 4650
367 368 2005
368 369 90037
369 370 52978
370 371 10708
371 372 19143
372 373 74044
373 374 48365
374 375 94356
375 376 92333
376 377 91709
377 378 29693
378 379 51056
379 380 2092
380 381 45382
381 382 27455
382 383 52510
383 384 59197
384 385 5530
385 386 21800
386 387 85355
387 388 1229
388 389 51631
389 390 57758
390 391 30935
391 392 13693
392 393 82350
393 394 14684
394 395 87191
395 396 64547
396 397 16438
397 398 5266
398 399 61586
399 400 84807
400 401 57241
401 402 42818
402 403 38340
403 404 76616
404 405 66621
405 406 47845
406 407 74815
407 408 77108
408 409 16700
409 410 93316
410 411 52581
411 412 78995
412 413 94341
413 414 29534
414 415 84686
415 416 221
416 417 40633
417 418 89481
418 419 26664
419 420 67999
420 421 20463
421 422 49897
422 423 96434
423 424 30427
424 425 4016
425 426 49211
426 427 1857
427 428 18564
428 429 20059
429 430 78189
430 431 11579
431 432 27174
432 433 44291
433 434 62946
434 435 62398
435 436 11388
436 437 56908
437 438 82835
438 439 64762
439 440 43863
440 441 70449
441 442 93769
442 443 62707
443 444 7614
444 445 65537
445 446 84037
446 447 30560
447 448 69705
448 449 40989
449 450 35672
450 451 70863
451 452 1381
452 453 63708
453 454 75307
454 455 87423
455 456 38867
456 457 95208
457 458 632
458 459 1540
459 460 69161
460 461 17982
461 462 25775
462 463 35814
463 464 97743
464 465 31089
465 466 15250
466 467 92258
467 468 40291
468 469 29160
469 470 36249
470 471 18055
471 472 50262
472 473 81755
473 474 29390
474 475 79834
475 476 68396
476 477 57722
477 478 82706
478 479 25716
479 480 5344
480 481 31847
481 482 65847
482 483 3743
483 484 94622
484 485 42039
485 486 95012
486 487 92412
487 488 22279
488 489 35732
489 490 61749
490 491 52000
491 492 305
492 493 94
493 494 72664
494 495 20882
495 496 52452
496 497 86469
497 498 50544
498 499 57294
499 500 222
500 501 95057
501 502 48854
502 503 50437
503 504 55983
504 505 97787
505 506 54675
506 507 73243
507 508 11038
508 509 20785
509 510 75719
510 511 56872
511 512 14082
512 513 82165
513 514 5477
514 515 58200
515 516 97194
516 517 54303
517 518 91733
518 519 37963
519 520 69270
520 521 18102
521 522 56177
522 523 91637
523 524 38108
524 525 87035
525 526 16072
526 527 57023
527 528 58244
528 529 41151
529 530 10846
530 531 75876
531 532 33419
532 533 71687
533 534 28970
534 535 48533
535 536 76932
536 537 63759
537 538 78710
538 539 48693
539 540 50450
540 541 35429
541 542 29347
542 543 83326
543 544 17200
544 545 51657
545 546 18211
546 547 20026
547 548 17001
548 549 17716
549 550 44540
550 551 79819
551 552 95872
552 553 63950
553 554 34892
554 555 2564
555 556 41130
556 557 61333
557 558 29760
558 559 61837
559 560 30927
560 561 22205
561 562 5147
562 563 70083
563 564 44012
564 565 5195
565 566 66549
566 567 62549
567 568 49012
568 569 70361
569 570 96121
570 571 82825
571 572 61738
572 573 86006
573 574 11878
574 575 75381
575 576 21641
576 577 9282
577 578 54991
578 579 13062
579 580 45340
580 581 40118
581 582 85340
582 583 28188
583 584 66982
584 585 14906
585 586 79686
586 587 23180
587 588 20763
588 589 25581
589 590 61822
590 591 85501
591 592 95621
592 593 9473
593 594 2567
594 595 14763
595 596 90657
596 597 12604
597 598 53496
598 599 44647
599 600 44607
600 601 2872
601 602 23291
602 603 23157
603 604 34405
604 605 4036
605 606 87889
606 607 85037
607 608 65101
608 609 81985
609 610 95819
610 611 90331
611 612 33634
612 613 73190
613 614 16914
614 615 55167
615 616 22343
616 617 34428
617 618 92416
618 619 44653
619 620 17520
620 621 80354
621 622 44196
622 623 12846
623 624 75495
624 625 39082
625 626 17763
626 627 66461
627 628 77480
628 629 31066
629 630 19890
630 631 35979
631 632 68614
632 633 35629
633 634 72956
634 635 39035
635 636 43556
636 637 23055
637 638 43714
638 639 73543
639 640 63516
640 641 78853
641 642 57174
642 643 1145
643 644 5947
644 645 6722
645 646 49151
646 647 94675
647 648 94083
648 649 98611
649 650 78585
650 651 87271
651 652 42792
652 653 35604
653 654 81458
654 655 34112
655 656 97364
656 657 58104
657 658 96141
658 659 74616
659 660 45027
660 661 86662
661 662 35619
662 663 8511
663 664 42535
664 665 12086
665 666 94269
666 667 36154
667 668 36869
668 669 31064
669 670 36635
670 671 9249
671 672 3767
672 673 75950
673 674 69937
674 675 89408
675 676 79240
676 677 17804
677 678 15908
678 679 69688
679 680 98234
680 681 70911
681 682 49105
682 683 2139
683 684 20675
684 685 24676
685 686 58118
686 687 1427
687 688 91756
688 689 26380
689 690 10535
690 691 44892
691 692 31889
692 693 32894
693 694 79883
694 695 1701
695 696 85924
696 697 39349
697 698 67197
698 699 42034
699 700 98506
700 701 97758
701 702 84059
702 703 78877
703 704 69020
704 705 36636
705 706 68634
706 707 29905
707 708 61160
708 709 5284
709 710 43424
710 711 23182
711 712 88941
712 713 58497
713 714 42248
714 715 58664
715 716 4386
716 717 91984
717 718 69698
718 719 30440
719 720 76431
720 721 37
721 722 31761
722 723 12073
723 724 96723
724 725 61380
725 726 53643
726 727 69404
727 728 14685
728 729 78985
729 730 6428
730 731 78788
731 732 74450
732 733 51265
733 734 17795
734 735 50778
735 736 37101
736 737 24527
737 738 15219
738 739 41131
739 740 44954
740 741 95368
741 742 50899
742 743 52661
743 744 18395
744 745 51927
745 746 10687
746 747 98894
747 748 59844
748 749 3642
749 750 33477
750 751 15038
751 752 7326
752 753 64323
753 754 7241
754 755 63711
755 756 9191
756 757 92856
757 758 21442
758 759 52772
759 760 72080
760 761 79859
761 762 17338
762 763 90287
763 764 8734
764 765 19458
765 766 66002
766 767 53433
767 768 234
768 769 37448
769 770 20507
770 771 81454
771 772 52993
772 773 52442
773 774 62878
774 775 84750
775 776 48100
776 777 83843
777 778 85397
778 779 10350
779 780 63977
780 781 29473
781 782 44976
782 783 94645
783 784 85848
784 785 59014
785 786 56977
786 787 9183
787 788 45999
788 789 4280
789 790 9648
790 791 54845
791 792 99423
792 793 10897
793 794 58136
794 795 74931
795 796 56396
796 797 32160
797 798 76904
798 799 29785
799 800 36241
800 801 73478
801 802 4627
802 803 36602
803 804 5626
804 805 97113
805 806 91200
806 807 82488
807 808 21192
808 809 17637
809 810 59178
810 811 35078
811 812 49937
812 813 77414
813 814 63297
814 815 39437
815 816 60573
816 817 51247
817 818 62792
818 819 54152
819 820 9578
820 821 98278
821 822 73749
822 823 42184
823 824 81801
824 825 37381
825 826 7093
826 827 74896
827 828 92542
828 829 57371
829 830 93317
830 831 33786
831 832 28292
832 833 95977
833 834 11161
834 835 5072
835 836 74343
836 837 42886
837 838 51353
838 839 23316
839 840 66408
840 841 78587
841 842 30175
842 843 17080
843 844 96349
844 845 8231
845 846 9370
846 847 96135
847 848 98446
848 849 13564
849 850 95566
850 851 49754
851 852 16760
852 853 50113
853 854 89298
854 855 10468
855 856 26062
856 857 11822
857 858 71537
858 859 23047
859 860 64851
860 861 50323
861 862 6985
862 863 15676
863 864 55906
864 865 12081
865 866 2063
866 867 7055
867 868 86855
868 869 92255
869 870 13417
870 871 53920
871 872 26883
872 873 64615
873 874 83890
874 875 74692
875 876 9259
876 877 13510
877 878 474
878 879 2145
879 880 48041
880 881 98448
881 882 77252
882 883 9014
883 884 15194
884 885 73161
885 886 37190
886 887 8209
887 888 51758
888 889 57677
889 890 56844
890 891 19735
891 892 57484
892 893 11785
893 894 93493
894 895 89279
895 896 7915
896 897 8863
897 898 20916
898 899 33687
899 900 90938
900 901 84198
901 902 43697
902 903 26334
903 904 40409
904 905 82888
905 906 84005
906 907 44552
907 908 59933
908 909 12194
909 910 41186
910 911 22302
911 912 76304
912 913 62024
913 914 36904
914 915 48603
915 916 10959
916 917 75454
917 918 52849
918 919 56495
919 920 65738
920 921 20160
921 922 95815
922 923 39648
923 924 25480
924 925 73275
925 926 93704
926 927 95844
927 928 65536
928 929 27922
929 930 64137
930 931 36232
931 932 79840
932 933 64730
933 934 45039
934 935 61773
935 936 82890
936 937 22270
937 938 41432
938 939 1478
939 940 79827
940 941 21276
941 942 72496
942 943 66907
943 944 64578
944 945 87845
945 946 89116
946 947 83241
947 948 9879
948 949 28545
949 950 15475
950 951 94783
951 952 78497
952 953 6313
953 954 57664
954 955 57730
955 956 3814
956 957 84683
957 958 75906
958 959 81962
959 960 52064
960 961 65386
961 962 99020
962 963 23939
963 964 61210
964 965 71067
965 966 25573
966 967 95917
967 968 15831
968 969 682
969 970 19849
970 971 32989
971 972 22155
972 973 34290
973 974 66214
974 975 67962
975 976 56096
976 977 17384
977 978 70304
978 979 96832
979 980 36146
980 981 73233
981 982 44141
982 983 27808
983 984 5939
984 985 59655
985 986 94937
986 987 39614
987 988 47529
988 989 26713
989 990 39140
990 991 97873
991 992 37963
992 993 44744
993 994 47391
994 995 6247
995 996 2887
996 997 65642
997 998 80787
998 999 42623
999 1000 75007
1 938
2 63331 35462 607
2 45938 83312 552
1 297
1 46
1 921
2 98958 87346 154
2 13761 6586 276
1 17
1 999
1 703
1 570
1 610
1 38
2 59772 77050 943
1 196
1 163
2 92394 4501 78
2 38551 32097 217
2 26211 25571 540
1 203
1 907
2 8832 7638 859
2 3080 86713 369
1 987
2 80549 30608 44
2 23206 65552 640
1 806
2 59522 25096 576
1 860
1 783
2 98145 2954 819
2 88122 75483 926
1 359
2 64038 13713 718
1 238
1 533
2 10908 79957 792
1 413
1 902
1 978
1 634
2 11171 89778 823
2 45744 82793 555
2 24149 10210 215
1 390
1 608
2 31445 77189 596
2 23978 328 108
2 48587 10429 999
1 60
1 912
1 859
2 56201 48517 202
1 858
2 30946 67949 495
2 17217 47905 738
2 14227 10823 397
1 234
2 46717 656 303
1 720
2 93381 44687 114
2 63025 71142 761
2 62699 43128 857
1 986
2 70610 99872 598
1 914
2 80641 86927 521
1 717
1 84
2 92276 13165 582
1 59
2 11475 56167 505
2 85181 11141 238
2 10481 29341 219
1 617
2 55450 79365 236
2 39935 46972 968
2 82335 22894 738
1 442
2 62223 31239 807
1 916
1 872
1 491
2 33794 20092 60
1 939
2 79290 13435 620
1 337
2 59275 32686 315
2 47722 81781 306
1 154
2 81710 40710 297
1 487
2 57367 38141 712
1 574
1 848
2 72046 55789 272
2 40687 77310 467
1 89
2 91142 1637 735
2 72261 46686 436
2 47793 38302 771
1 905
1 108
2 80075 235 51
2 42440 64323 110
1 927
1 95
1 421
2 82130 18466 106
1 253
2 69795 85980 790
2 95447 8015 324
2 48939 25843 986
1 605
1 340
2 41180 42866 3
2 73391 92962 304
1 594
1 894
2 56056 25640 292
1 919
1 124
1 980
1 480
2 21373 24746 547
1 319
2 30312 44803 848
2 45959 98317 803
2 36310 26463 274
2 80342 8074 798
1 805
1 310
2 22779 59421 48
1 228
2 11290 45057 795
1 728
2 11171 49821 911
2 35758 44738 461
2 76785 82863 672
2 80686 20855 49
2 41214 77344 854
1 704
1 338
2 1201 96178 252
1 747
2 18114 65705 193
1 654
1 162
1 733
2 53780 84700 969
2 35926 74440 527
2 95060 46071 218
1 587
2 21007 67217 983
1 984
1 22
2 303 91511 648
2 56539 99740 840
2 38093 89782 906
2 29105 95533 334
2 80321 10430 470
1 986
1 601
2 93125 51969 916
2 87062 1743 485
1 159
2 60801 58717 64
2 75615 25152 367
1 253
2 21197 673 439
2 99396 85651 788
1 359
2 50769 28858 955
1 814
1 690
2 53789 59839 272
1 533
2 80206 70936 850
1 707
2 65671 24532 320
1 549
1 474
1 994
1 547
1 607
2 67707 75436 156
2 51701 41353 118
2 42188 30875 827
1 417
1 192
2 40678 58030 390
1 367
1 168
2 69827 81623 711
1 982
2 29223 94057 287
2 49697 21194 779
1 526
1 519
1 623
2 49294 92698 49
1 584
1 312
1 165
1 695
2 34783 33768 19
2 62555 13593 737
1 713
1 70
2 21442 43304 652
2 95445 90699 155
1 583
1 950
1 786
2 81404 48083 141
2 49351 91104 240
2 65955 73653 527
1 17
1 2
2 22317 85620 684
1 977
1 566
2 84100 28913 534
1 419
2 77501 1802 91
2 67909 48087 425
1 297
1 762
2 25523 99008 580
1 371
1 358
2 67420 36813 454
2 79498 81121 281
2 3546 56621 729
2 96192 1189 939
1 861
1 886
1 971
1 744
2 19160 63470 172
2 89371 77361 371
2 57706 77873 806
2 22930 15929 306
2 70357 5419 725
1 538
1 726
2 87985 78223 881
2 19537 64677 269
2 48184 74221 796
2 23819 43626 210
1 134
1 715
2 1901 26011 163
2 522 9339 752
2 83440 89737 921
2 70664 2957 404
2 11214 46564 533
1 299
2 43160 95826 148
2 71773 76775 446
1 23
1 923
1 59
2 22780 87644 531
2 63773 24816 767
1 487
1 578
1 69
2 99817 25499 430
1 490
2 72885 87017 838
2 29047 94116 411
1 411
2 34317 51120 957
1 496
1 812
2 7464 18982 366
1 591
1 460
1 953
2 86940 30641 894
2 77519 13775 923
1 224
2 8385 20771 10
1 65
1 422
2 25505 99071 463
2 14857 25328 73
1 767
1 538
2 47131 45524 207
2 79623 57190 346
2 8076 36400 340
2 37567 66579 912
2 83270 66822 577
2 3164 15091 530
1 760
2 20563 90449 889
2 72321 94522 656
1 375
1 82
1 618
2 60896 47437 196
2 21004 6665 209
2 27414 97621 21
2 86295 11420 488
1 50
2 27042 66165 9
1 580
2 21994 5057 13
2 86349 87176 886
1 432
1 259
2 78825 6340 317
2 94332 19857 299
1 10
1 578
1 223
2 36252 61818 215
2 39117 6461 960
1 708
1 597
2 15671 7520 438
1 917
2 3796 70788 349
2 65050 57786 477
2 14571 22733 758
2 37077 35163 672
2 29564 52118 129
1 281
1 478
2 27919 24735 831
1 953
2 69056 70093 983
2 44442 69207 327
2 40942 81924 56
1 660
2 65466 92823 547
2 25686 60902 434
2 71791 26985 703
2 97936 79098 676
2 97079 39528 198
2 87897 93364 327
1 330
2 85817 75919 124
1 820
2 60902 71184 10
1 750
2 72145 54038 864
1 607
2 53583 57451 445
2 76143 82616 95
2 61619 31044 88
2 51040 69638 437
2 96083 21191 1000
2 7898 85543 981
1 13
1 209
2 93703 51099 94
2 16654 57841 633
1 795
2 31101 98146 335
2 25132 95218 915
1 939
1 745
1 473
2 1973 5722 82
1 808
1 257
1 95
1 925
2 27244 12 88
2 34997 28623 162
1 189
1 483
2 51661 26832 534
2 29503 10990 902
1 771
2 76069 19861 175
2 25026 36547 897
1 283
1 955
1 146
1 477
2 48520 91115 347
2 96131 39389 394
2 52086 52871 343
1 20
2 11488 13657 263
2 93887 71045 382
1 377
1 40
2 63686 16290 257
1 66
2 7615 35458 32
1 649
2 6232 76783 284
1 378
2 64654 31499 648
2 70146 36466 17
2 1155 13338 709
2 2370 34611 381
2 65443 8512 834
2 91361 51354 908
1 886
2 35408 80834 119
1 744
1 892
1 161
2 28482 70659 225
2 36192 59011 123
2 21494 68741 440
2 93703 74125 277
2 62862 21811 87
1 771
2 91359 19779 582
2 50478 34457 914
1 111
2 92556 96372 392
2 94737 66902 839
1 531
1 597
1 215
1 535
2 21702 9838 322
1 175
1 752
1 981
1 31
2 47080 51953 96
1 558
1 546
2 44501 55377 979
1 381
2 9393 38317 880
1 801
2 71114 23850 12
1 403
2 34531 41387 574
1 648
1 545
1 340
2 21795 63324 484
2 38732 79286 782
1 119
1 542
2 20711 24942 538
1 261
2 28805 79552 680
1 999
1 784
2 59490 14865 315
1 107
1 977
1 120
2 77910 55301 536
2 69783 30846 528
1 578
1 664
1 702
2 21623 50244 810
2 30469 67369 739
1 298
1 857
2 27085 82511 534
1 224
1 18
1 572
2 81748 59975 503
1 473
1 405
1 798
1 552
1 560
2 50600 11244 338
1 620
2 3372 23355 264
2 53515 98432 736
2 62085 701 635
2 32460 99297 367
1 792
2 80645 6719 492
2 93449 97469 728
2 39427 48828 452
2 45327 41000 362
2 19035 23581 125
1 105
1 451
2 9653 40289 41
2 92677 56177 62
2 11419 20715 919
2 77992 60849 508
2 19797 69914 914
2 81020 97487 314
1 834
1 501
1 866
2 6272 99098 2
2 32045 31114 507
2 82013 22023 874
1 216
1 179
1 839
2 3550 95108 555
2 86377 96044 382
1 722
2 32215 63792 646
2 66443 50039 400
1 112
1 86
1 239
1 343
1 325
2 11701 80809 37
2 575 70684 743
2 92309 20126 709
1 517
2 83431 14701 990
1 182
2 85084 73133 616
2 36674 11807 443
1 947
1 553
1 603
2 60655 86811 347
2 26848 10614 79
2 20803 36824 320
2 59810 36076 638
2 88922 63660 699
2 48667 32136 255
2 13803 38629 989
2 3044 88571 236
1 415
2 69542 70323 721
2 35146 87554 941
1 436
2 88168 85387 228
2 72190 97860 607
1 938
1 606
1 31
1 486
2 69240 61188 903
1 803
2 95980 95731 535
2 95764 68755 486
1 281
1 331
1 618
1 843
2 65268 45008 317
2 73657 46028 581
1 621
2 48663 14445 176
1 94
1 224
1 529
2 31613 96410 90
1 609
1 288
1 567
1 998
1 368
2 78206 27362 325
1 489
2 7169 5970 598
1 474
2 73037 76097 705
1 742
1 17
2 43228 90800 669
2 97183 51026 324
1 80
1 646
1 885
2 92793 11285 499
2 89042 90056 43
1 791
2 45213 37986 754
2 21468 25512 626
1 493
2 78016 50914 643
1 994
1 321
2 62909 4266 344
1 20
2 53763 31793 832
2 74136 58641 137
2 44768 55979 11
1 205
1 578
2 80253 62083 939
1 587
1 225
1 369
1 52
2 61911 39030 884
1 822
2 43496 33740 327
2 22475 56891 981
2 60200 84056 174
2 11801 10187 619
1 146
2 56763 77635 486
1 353
1 604
1 770
1 486
2 95358 64255 612
2 46076 92655 174
2 91391 66907 739
2 87015 85891 218
1 54
2 90479 67559 370
1 184
1 384
2 81463 30075 663
1 8
2 75839 17805 649
1 563
1 127
1 921
2 65859 21091 68
1 447
2 72550 67453 619
2 36721 79509 368
1 110
2 23748 27878 933
1 381
1 605
2 40655 96717 989
1 781
2 78636 90927 847
2 79106 29579 139
1 454
1 12
1 200
1 660
2 13671 57886 604
2 69046 20739 520
1 288
2 17963 66386 837
1 726
2 29327 62536 636
1 555
1 264
2 70278 71277 425
1 144
1 235
2 56940 56051 33
1 331
1 193
1 955
1 729
2 33675 90427 302
1 649
2 78761 80040 806
1 521
1 388
1 964
2 15733 58169 598
2 87044 32945 525
2 87624 85009 310
2 40871 73279 644
2 70267 68529 952
1 884
1 199
2 8614 38088 487
2 53940 99649 309
1 428
1 619
1 368
1 639
2 90186 87778 183
2 67130 72362 29
1 546
1 374
2 44812 68200 343
1 573
2 814 63426 38
2 90033 26120 240
1 716
1 338
2 2496 85252 798
2 66734 94202 128
2 90370 69581 15
1 348
1 145
2 77505 32515 884
1 169
1 638
2 8582 74569 967
2 28076 20441 359
2 40152 83006 408
1 601
2 59624 8525 789
2 85422 84634 466
1 939
2 7181 98173 16
1 503
2 96097 69710 869
2 82383 3067 529
1 181
1 365
1 104
2 31516 32801 389
1 876
1 530
2 42787 85683 410
2 88912 50595 807
2 96427 78932 241
1 143
2 40777 12879 396
2 46141 30706 117
2 13284 78643 366
1 250
2 78136 16556 867
2 45699 6389 186
1 736
1 538
1 518
2 97903 84895 161
1 462
1 943
2 69225 47047 893
2 15662 99834 316
1 952
2 37038 79579 469
2 67666 73373 814
1 934
2 46606 70260 196
1 990
2 13535 88114 307
1 232
2 91624 69382 452
2 86548 33650 969
1 724
1 827
1 579
2 5105 35594 460
2 26725 6437 758
2 16770 35333 697
2 67608 39141 683
2 52554 10842 172
1 698
2 78261 95836 102
2 44404 79678 768
1 207
2 32670 54716 878
1 338
2 79936 78583 381
1 470
1 69
1 488
1 219
2 39871 91103 447
2 39473 14839 561
2 54880 74804 411
2 76483 1775 746
1 651
1 153
2 30226 51363 292
2 47507 99952 944
1 399
1 614
2 52215 87418 715
2 89737 89987 124
1 565
2 41645 38238 111
2 43527 51760 91
2 45131 90655 803
2 53522 54549 719
2 36685 25199 212
2 48479 86977 404
1 83
2 52252 93248 519
2 34562 18187 263
1 839
2 23299 91122 343
2 19376 39394 120
2 41643 27706 191
1 104
1 35
2 91034 83725 117
2 26696 25761 82
2 4952 49389 162
1 552
2 12998 27610 256
2 47937 25253 141
2 7147 62029 933
1 52
1 808
2 67569 51033 848
2 93045 79169 916
1 561
2 54424 84794 547
2 80113 63771 601
1 880
1 415
1 909
1 642
2 18363 13028 722
2 40292 38208 371
1 641
1 830
2 54656 30636 562
1 87
1 7
1 565
2 37269 83592 753
2 58812 70452 528
2 59652 59487 453
2 1825 2718 786
1 999
1 612
1 719
2 67888 3141 827
1 911
1 318
2 15288 24267 21
1 110
1 841
2 54160 47955 71
1 721
2 72858 41887 761
1 834
2 90879 73684 314
2 10262 54220 375
1 642
2 71408 98734 803
2 80626 64090 518
2 19748 91784 880
1 714
1 18
2 84918 79770 206
1 444
1 28
2 32863 98391 846
1 44
2 53616 61027 952
2 98203 55153 302
2 47655 17548 465
1 325
2 84502 97068 779
1 387
2 66397 65168 406
1 400
2 26769 59515 556
2 12090 87761 769
1 781
1 679
2 56027 91026 448
2 65466 4065 693
2 30909 43155 436
1 575
1 57
2 73304 78469 29
1 258
2 54869 51472 519
2 13800 2631 150
1 764
2 35136 60032 708
2 96113 20603 875
1 164
2 95322 98977 199
2 19573 63960 679
2 93943 22639 907
1 64
2 32974 53681 128
2 6172 60580 595
1 31
2 28391 16816 785
2 82459 13042 100
1 285
2 44489 39395 492
2 49866 61203 11
1 147
1 644
1 387
2 91133 48640 354
1 247
1 874
2 31227 31462 205
1 850
1 569
2 37406 82687 126
1 998
1 978
2 37935 26795 220
1 924
2 78608 88150 485
1 975
1 309
1 699
1 157
1 166
1 139
2 80458 42042 862
1 743
1 646
1 407
1 912
1 834
1 199
1 494
2 18447 30158 50
2 19604 76543 647
2 8497 80835 159
2 44715 30001 623
2 93183 79698 593
1 73
1 44
2 34788 32317 345
1 365
2 45535 85920 614
1 111
2 64173 81181 292
2 39282 42537 333
1 311
1 79
1 916
1 55
2 37583 92587 80
1 636
1 917
1 254
2 84143 8239 38
2 64284 77751 62
1 684
1 958
1 227
1 506
2 66505 54373 211
2 57641 34045 261
1 898
2 8341 86660 363
1 403
1 485
1 603
1 324
1 367
1 419
2 36163 15205 802
2 78829 88487 104
1 387
2 37862 90965 83
1 741
1 293
2 1595 82660 181
1 915
2 71402 8169 177
1 406
1 425
1 914
2 53282 36955 203
1 543
1 407
1 904
2 30390 33896 127
2 22500 70048 2
2 35224 43622 830
1 3
1 447
2 78390 46745 736
2 37233 43766 413
2 27544 20578 118
2 96037 82694 359
2 76775 9346 10
1 74
1 762
2 69965 39001 708
1 697
1 963
1 269
2 47107 13646 722
2 77150 50496 439
1 792
1 553
1 408
1 17
2 70982 86031 591
2 81070 24515 688
2 3993 71965 857
1 742
2 48342 92343 53
2 88348 15804 820
1 146
1 656
1 376
2 21723 41391 219
2 52005 63811 175
2 48090 68351 389
2 13197 58547 92
1 169
2 23009 74434 9
1 256
2 36360 53705 609
1 798
2 87270 54865 905
