1000 1000 0
84639 71221 66035 60117 42667 60490 75314 27981 62898 75632 83993 74367 31587 24281 14350 51417 47654 54799 18676 61698 64759 9866 79503 91447 8553 17407 70632 83549 54645 29698 46265 15055 47306 51892 10222 38875 51165 27153 65358 43460 22700 37231 9449 982 94472 90743 17201 28508 23669 45395 49379 18277 27484 22086 1784 41586 85149 12657 58743 87250 65542 38318 60369 1349 70262 14290 19695 65020 66016 40024 94752 19721 66960 27457 61810 22117 39168 59920 21714 26244 1257 74834 77947 96204 69837 20701 56177 27599 92654 23648 21642 92791 41770 47551 77461 11697 84274 32646 17928 12004 24853 36100 2274 27435 45235 75480 55634 69528 87657 53154 47636 76993 10945 27226 4963 19998 70415 83676 51829 95584 24988 20516 78706 3979 49636 24760 92698 52195 64194 61424 43092 10850 42180 63713 67430 55345 21783 92396 82351 25809 85030 75398 1697 52141 8073 1375 9563 23833 58657 33071 81483 42479 49528 89771 31240 78840 7980 79718 50397 36894 34051 42087 87577 5622 62372 54802 27298 6905 10019 36768 58200 55501 53268 79065 5325 15142 23167 45245 61246 25489 45930 12385 19821 47151 91263 63719 65855 93469 46962 40262 49095 35744 73756 96332 24015 58427 99930 93829 907 41452 39748 86925 36783 10112 34088 67423 63556 37385 42653 54262 6376 98648 28904 47060 23456 9916 88177 27191 20001 4194 83726 55688 36488 64477 76249 63923 8653 80547 61403 16111 82455 93529 27748 70341 68807 21400 18380 30730 28901 82324 36565 78086 74946 26638 82800 78911 39347 7944 65261 55380 13055 52664 86274 86603 6052 60275 81934 37168 83039 66871 33570 37197 63239 53556 2144 27519 80147 3062 82328 39472 71948 88578 87968 81056 52828 81463 7649 62768 58571 39871 60501 60823 77411 26293 33923 77243 5467 2724 88796 50775 70648 63130 86848 90723 37459 61135 14178 56528 14768 88536 49589 80527 51949 21281 34128 12832 66637 49814 9777 12739 54113 86245 93828 82568 1357 35644 29124 62187 66054 32387 35556 31498 9650 29765 40783 25003 60286 70545 55815 99569 98549 27648 94665 93311 70579 50143 25326 1610 69478 65866 90896 83657 18733 42322 73820 36531 56812 37042 52876 80612 97663 30529 18518 82974 57986 9130 31329 75358 96511 50774 78310 82416 44366 19389 39518 28554 49262 7527 62684 98730 91342 17992 59011 50103 97708 55883 54874 60079 92541 6586 73181 34329 33296 29274 81465 30260 89974 99493 83107 24565 99608 30090 11455 50634 12563 11905 29259 92893 60269 64825 96496 34082 47508 74830 9094 4751 82098 58316 76657 72489 47690 97242 7182 64198 51720 52792 81173 14822 27389 46582 95908 37333 98240 74103 68667 98929 48786 36952 87532 71520 92256 49342 31246 19486 36866 91989 23123 23867 44905 26820 62477 6068 71031 85105 83359 68667 13644 60914 63123 87759 80713 74695 92673 99821 14793 11080 83127 2252 78911 11590 21619 5533 48577 37527 17231 58803 74711 38087 61608 65660 46105 28915 48622 17939 36156 29881 22232 28101 2908 10576 54688 26665 35576 65707 40425 80111 46844 73866 68236 20862 83050 2041 22398 14580 83429 91151 24485 60490 91017 63692 67016 3030 63760 74569 63461 7624 59084 2610 53963 37573 78527 35584 97970 53236 2441 47277 31018 24840 11721 20116 52119 304 18165 87523 31602 67465 72455 50516 34376 93945 4441 42482 41062 63103 52782 98548 38239 91040 11711 61316 28478 41319 89876 18901 16978 72790 1422 27308 29796 2094 13739 86052 84337 66372 498 70400 71193 54443 63111 6784 51402 70985 76047 92239 88371 18780 25684 76339 1308 10610 44506 78717 13763 1626 97663 59885 93323 74254 41285 4069 26913 61884 32400 65476 94681 64627 18115 98821 55195 11553 1634 72550 25843 92113 55578 16047 43441 98864 7990 39346 90654 78876 62148 48984 56369 35022 84034 13773 16565 33542 12736 23289 91093 36150 1424 94610 67174 22544 56171 70077 67743 94587 69947 4523 60518 69145 45300 35068 48725 7344 38240 37030 93439 65969 84017 44836 25978 433 45843 12691 32169 70668 21179 42033 78042 43818 8735 26050 61015 46162 69946 2925 88398 72348 41995 49749 38475 2566 53754 50689 894 73025 12550 62968 83795 25632 75271 22616 3589 12688 92944 74066 67525 94312 59004 11089 56464 18508 86374 33847 60213 66332 37856 25744 73586 31715 39206 28793 62532 69747 19349 84069 44081 36041 5607 35534 83334 60768 60347 20579 57204 99629 56655 33384 95803 24487 29930 20289 80388 8552 49970 73975 29037 94153 21940 57275 63343 81018 30486 87018 19114 41782 86774 74440 7725 52903 74022 44927 62808 54525 6101 36273 98909 7169 50193 40842 78857 37109 59117 49829 54663 83718 36623 53249 46440 22647 67827 98204 84708 3756 76769 86193 74879 59878 54914 34522 70425 3271 95841 43985 50586 77036 64681 37359 64 63152 72109 99158 27685 88336 53648 61830 31635 88957 58604 20905 11140 92306 1410 58834 76033 39346 41900 66622 47354 60683 40748 41376 63299 7511 31051 60735 79595 78668 9680 18006 38311 49636 32255 22382 35230 16253 38694 67558 48923 61268 56371 21587 69321 68444 32191 10445 64342 9113 54047 19466 8256 88783 74249 76636 27120 43585 85411 42954 76505 96785 86506 83702 50546 28928 27487 16610 76343 77006 16282 27454 93322 83433 42196 75124 54151 26012 91105 97808 55222 83562 78737 57320 37271 10211 36249 48447 27472 68021 84443 85903 10387 16216 39347 94168 52250 12479 5485 30343 12877 46523 14946 85570 35232 54621 82568 86650 42914 59719 22117 56055 41244 15103 73543 5807 38898 72935 29014 36762 41256 25996 75124 70127 39001 39866 80844 53193 8028 95363 61423 64618 85239 44802 71176 7386 26984 93761 67104 10459 3229 11747 18336 31637 96911 79300 79645 5232 32329 8523 98911 82496 97911 37893 43453 27031 67564 52562 81213 18818 69493 90725 77444 36861 22495 44394 10127 68043 42359 98326 58917 18905 48512 76804 23729 25239 78648 90738 44498 84583 51471 30492 41465 39574 41586 81674 70857 2697 84920 55526 30442 70503 68498 97002 14258 82561 35663 70373 4437 60748 99221 52794 8118 4106 74118 97074 33086 52225 31550 92195 12659 84177 48284 37646 44248 74936 36169 81083 45032 94081 97967 2498 95373 25066 18811 89515 17863 53593 84899 95272 13726 69057 2435 58018 17326 33374 
1 2 35434
2 3 11742
3 4 93507
4 5 14819
5 6 46636
6 7 71515
7 8 74179
8 9 72542
9 10 62547
10 11 15889
11 12 74185
12 13 52378
13 14 70403
14 15 87286
15 16 48138
16 17 53871
17 18 833
18 19 64360
19 20 31742
20 21 29787
21 22 56
22 23 9254
23 24 87394
24 25 90624
25 26 45432
26 27 18098
27 28 11959
28 29 50468
29 30 8786
30 31 2933
31 32 76834
32 33 31824
33 34 51773
34 35 80315
35 36 95786
36 37 29586
37 38 56500
38 39 58835
39 40 61245
40 41 77499
41 42 40949
42 43 18417
43 44 70379
44 45 54273
45 46 80547
46 47 5260
47 48 96041
48 49 73245
49 50 87109
50 51 62079
51 52 76304
52 53 1582
53 54 74053
54 55 13676
55 56 123
56 57 62645
57 58 75475
58 59 24980
59 60 53101
60 61 56887
61 62 83999
62 63 11585
63 64 35912
64 65 35038
65 66 4322
66 67 32380
67 68 55479
68 69 79129
69 70 58486
70 71 24055
71 72 92709
72 73 30455
73 74 75769
74 75 71717
75 76 31588
76 77 13744
77 78 66894
78 79 90493
79 80 70695
80 81 96380
81 82 90460
82 83 78235
83 84 70344
84 85 23385
85 86 14253
86 87 49758
87 88 56995
88 89 71178
89 90 21935
90 91 84011
91 92 39512
92 93 786
93 94 81271
94 95 67560
95 96 93261
96 97 6013
97 98 96666
98 99 54338
99 100 58506
100 101 66840
101 102 35314
102 103 83784
103 104 44380
104 105 44692
105 106 63327
106 107 94989
107 108 20115
108 109 66983
109 110 79427
110 111 3210
111 112 56995
112 113 85771
113 114 74468
114 115 90362
115 116 19718
116 117 7709
117 118 14254
118 119 79453
119 120 93816
120 121 49439
121 122 42831
122 123 65397
123 124 37018
124 125 72758
125 126 36057
126 127 32908
127 128 10193
128 129 36172
129 130 79555
130 131 67308
131 132 14244
132 133 77680
133 134 91400
134 135 38021
135 136 70305
136 137 78961
137 138 5287
138 139 45610
139 140 54424
140 141 66279
141 142 40770
142 143 76212
143 144 43549
144 145 27370
145 146 33535
146 147 90334
147 148 19275
148 149 32345
149 150 89354
150 151 53768
151 152 17340
152 153 23540
153 154 7184
154 155 95572
155 156 40498
156 157 67042
157 158 40037
158 159 76780
159 160 77138
160 161 86188
161 162 47519
162 163 81402
163 164 66851
164 165 38751
165 166 60345
166 167 87022
167 168 13524
168 169 3023
169 170 14322
170 171 91963
171 172 47635
172 173 40463
173 174 44427
174 175 4186
175 176 82486
176 177 50905
177 178 5836
178 179 55622
179 180 74870
180 181 60685
181 182 7744
182 183 74783
183 184 72430
184 185 50409
185 186 22196
186 187 70151
187 188 90369
188 189 90582
189 190 95900
190 191 44808
191 192 24338
192 193 72955
193 194 42254
194 195 94028
195 196 43754
196 197 75144
197 198 71972
198 199 87267
199 200 86261
200 201 84684
201 202 99454
202 203 98721
203 204 76452
204 205 23775
205 206 94911
206 207 69117
207 208 78765
208 209 40633
209 210 78412
210 211 36339
211 212 21415
212 213 70521
213 214 51952
214 215 69730
215 216 56783
216 217 81567
217 218 89658
218 219 97519
219 220 6918
220 221 70386
221 222 53500
222 223 71680
223 224 24112
224 225 64443
225 226 25518
226 227 48066
227 228 47286
228 229 32008
229 230 92650
230 231 49764
231 232 97092
232 233 2762
233 234 7822
234 235 52378
235 236 86764
236 237 79511
237 238 85724
238 239 82043
239 240 59106
240 241 84457
241 242 20509
242 243 2595
243 244 48414
244 245 99773
245 246 22938
246 247 15282
247 248 73438
248 249 57589
249 250 9410
250 251 7754
251 252 63329
252 253 22455
253 254 24583
254 255 79317
255 256 32172
256 257 19371
257 258 22657
258 259 73693
259 260 61416
260 261 18081
261 262 26793
262 263 12882
263 264 1762
264 265 99592
265 266 81215
266 267 50376
267 268 71626
268 269 58264
269 270 46853
270 271 66774
271 272 37525
272 273 26505
273 274 4513
274 275 70040
275 276 25244
276 277 42650
277 278 3231
278 279 87854
279 280 61914
280 281 88171
281 282 83244
282 283 51002
283 284 63538
284 285 82851
285 286 57308
286 287 58886
287 288 46246
288 289 16460
289 290 95430
290 291 6428
291 292 64705
292 293 44049
293 294 66179
294 295 62220
295 296 41614
296 297 3175
297 298 57714
298 299 62794
299 300 11391
300 301 97921
301 302 20919
302 303 43405
303 304 40743
304 305 80154
305 306 83255
306 307 83377
307 308 90528
308 309 46127
309 310 44606
310 311 49398
311 312 67078
312 313 46658
313 314 36409
314 315 48351
315 316 97081
316 317 7641
317 318 81468
318 319 34003
319 320 12991
320 321 87260
321 322 85533
322 323 51039
323 324 15712
324 325 76827
325 326 24279
326 327 70610
327 328 5161
328 329 64901
329 330 13576
330 331 3488
331 332 48297
332 333 56434
333 334 23188
334 335 52096
335 336 99127
336 337 78779
337 338 27423
338 339 18126
339 340 71882
340 341 86300
341 342 29655
342 343 7402
343 344 44799
344 345 51801
345 346 52648
346 347 33527
347 348 93303
348 349 83766
349 350 36230
350 351 54013
351 352 13782
352 353 1501
353 354 96551
354 355 1223
355 356 27461
356 357 61564
357 358 9221
358 359 56421
359 360 17329
360 361 96356
361 362 28704
362 363 9771
363 364 88106
364 365 56972
365 366 94650
366 367 78480
367 368 90277
368 369 95627
369 370 98906
370 371 84528
371 372 42394
372 373 86434
373 374 92042
374 375 74699
375 376 81767
376 377 35120
377 378 24441
378 379 36676
379 380 58155
380 381 67291
381 382 76794
382 383 66306
383 384 11627
384 385 25198
385 386 70178
386 387 3570
387 388 65873
388 389 65174
389 390 91022
390 391 43364
391 392 15816
392 393 81699
393 394 44891
394 395 86442
395 396 31233
396 397 99309
397 398 75979
398 399 39004
399 400 1041
400 401 31309
401 402 26567
402 403 25334
403 404 4209
404 405 48031
405 406 65176
406 407 67768
407 408 75677
408 409 48135
409 410 95405
410 411 73477
411 412 86517
412 413 36105
413 414 504
414 415 12868
415 416 64191
416 417 86255
417 418 10000
418 419 84546
419 420 34915
420 421 74631
421 422 21264
422 423 48047
423 424 27245
424 425 41571
425 426 51095
426 427 36349
427 428 99855
428 429 88567
429 430 49927
430 431 28356
431 432 76252
432 433 99198
433 434 73990
434 435 92608
435 436 70542
436 437 10773
437 438 33600
438 439 15857
439 440 71393
440 441 89599
441 442 89090
442 443 74010
443 444 78678
444 445 64383
445 446 62560
446 447 24674
447 448 58193
448 449 8865
449 450 23249
450 451 50615
451 452 60379
452 453 55154
453 454 79022
454 455 45062
455 456 80256
456 457 67490
457 458 72694
458 459 42276
459 460 77970
460 461 33513
461 462 15404
462 463 10408
463 464 46277
464 465 25312
465 466 42935
466 467 43758
467 468 61649
468 469 41700
469 470 36386
470 471 68214
471 472 33843
472 473 94678
473 474 83578
474 475 97475
475 476 69644
476 477 37310
477 478 2131
478 479 18301
479 480 58657
480 481 88163
481 482 40611
482 483 42959
483 484 95417
484 485 19124
485 486 30597
486 487 60073
487 488 8834
488 489 21858
489 490 98647
490 491 5375
491 492 29580
492 493 46628
493 494 13340
494 495 23369
495 496 79660
496 497 24722
497 498 96987
498 499 50657
499 500 41562
146 501 89482
260 502 79496
16 503 94830
371 504 30497
376 505 45476
188 506 66548
326 507 31989
40 508 18860
290 509 686
296 510 91385
156 511 88898
385 512 99375
214 513 71142
74 514 31110
125 515 38164
472 516 94424
121 517 4809
372 518 73542
315 519 50695
171 520 8499
87 521 74067
58 522 18759
505 523 33783
353 524 63021
218 525 85121
236 526 33589
280 527 21955
457 528 92659
411 529 52305
182 530 62783
355 531 97062
240 532 70643
442 533 36352
196 534 72240
371 535 26495
223 536 59929
401 537 6314
115 538 31318
468 539 84970
43 540 54738
336 541 90156
388 542 74237
526 543 88836
214 544 93420
137 545 581
401 546 58548
379 547 43849
485 548 20370
53 549 67567
527 550 57606
500 551 99224
454 552 18515
36 553 78281
527 554 4449
470 555 89741
447 556 13180
456 557 51952
311 558 24338
228 559 68356
13 560 77400
498 561 3040
169 562 45861
246 563 84540
445 564 46486
174 565 88951
289 566 84297
378 567 51217
378 568 47170
194 569 53393
131 570 60073
447 571 70592
192 572 68521
535 573 21003
334 574 73139
30 575 84806
346 576 52793
293 577 93860
478 578 32115
83 579 94335
287 580 8158
114 581 34774
133 582 43384
431 583 50410
436 584 12389
147 585 27585
284 586 40173
157 587 31715
581 588 96411
32 589 24415
399 590 48000
221 591 51463
337 592 20750
3 593 52752
327 594 79229
14 595 95603
395 596 31978
256 597 61070
508 598 47699
569 599 44676
56 600 36956
285 601 89753
395 602 1197
109 603 4663
318 604 54129
195 605 54507
181 606 38169
367 607 85257
542 608 29591
266 609 39364
469 610 92900
261 611 14423
221 612 68058
28 613 85759
273 614 4730
609 615 45470
414 616 43911
42 617 35833
454 618 8841
582 619 35386
117 620 15628
132 621 23664
35 622 20190
400 623 65002
275 624 7573
92 625 73472
574 626 60454
463 627 5930
355 628 70159
511 629 57511
193 630 78126
455 631 91608
105 632 97799
121 633 63713
587 634 35906
59 635 46447
182 636 47243
628 637 38924
82 638 41488
616 639 24045
64 640 93958
280 641 81957
428 642 63877
165 643 21615
560 644 95688
635 645 17960
47 646 40910
177 647 94546
149 648 23355
74 649 42226
429 650 91607
98 651 51027
474 652 31982
261 653 38081
86 654 22126
549 655 92015
457 656 8013
446 657 44530
621 658 88800
513 659 58435
576 660 14821
14 661 23137
257 662 98554
350 663 93100
452 664 92483
365 665 78315
227 666 21640
197 667 55271
78 668 85301
525 669 69998
334 670 472
231 671 44082
635 672 14407
431 673 69959
41 674 18903
607 675 58824
73 676 43142
95 677 18066
386 678 16722
375 679 38855
572 680 62688
235 681 17101
476 682 69686
442 683 79724
331 684 57440
468 685 5236
260 686 11247
435 687 42645
573 688 15989
442 689 54308
139 690 63531
102 691 94333
421 692 43468
279 693 98908
161 694 82839
418 695 97730
529 696 47696
459 697 14646
575 698 65023
660 699 64993
23 700 36752
316 701 10705
321 702 19986
588 703 95640
330 704 61080
303 705 40874
164 706 22779
255 707 67266
544 708 13333
472 709 92573
516 710 71560
74 711 46717
708 712 30421
669 713 7016
427 714 67749
676 715 97159
513 716 580
335 717 6151
140 718 94177
348 719 58107
411 720 43471
462 721 16664
560 722 24039
586 723 81943
485 724 50020
352 725 95223
85 726 21189
513 727 41049
660 728 82766
362 729 84802
247 730 7144
20 731 25884
531 732 88156
152 733 91253
516 734 57532
457 735 79807
137 736 20538
440 737 32270
531 738 74767
263 739 22621
225 740 67414
114 741 44521
529 742 71918
139 743 75765
686 744 29468
432 745 25828
78 746 92422
569 747 20834
231 748 66073
735 749 36572
45 750 12003
596 751 81315
77 752 51610
236 753 1869
358 754 2356
415 755 46131
13 756 70157
179 757 11220
319 758 20228
289 759 98737
32 760 75197
297 761 44399
7 762 3745
232 763 64440
45 764 24377
433 765 58202
449 766 37783
561 767 37799
120 768 10414
234 769 66995
171 770 39669
403 771 2265
752 772 57479
281 773 54999
151 774 15366
208 775 19725
449 776 46387
101 777 11042
357 778 75736
135 779 75551
355 780 89598
213 781 59473
276 782 20471
407 783 20715
631 784 74390
82 785 7362
752 786 30514
619 787 55216
175 788 41318
38 789 40946
314 790 11988
676 791 21065
613 792 87837
298 793 98237
17 794 54091
482 795 5525
638 796 33672
439 797 7296
307 798 32900
81 799 88816
398 800 84498
773 801 73561
729 802 56875
601 803 80183
76 804 95498
117 805 70565
527 806 1166
691 807 70694
239 808 7868
778 809 67456
668 810 82490
509 811 87868
675 812 90485
207 813 21416
157 814 18844
95 815 53685
762 816 9123
434 817 61657
302 818 73313
92 819 83181
235 820 99185
439 821 65424
172 822 37557
749 823 41891
792 824 54670
324 825 25644
360 826 64806
183 827 82995
784 828 33671
669 829 68743
590 830 321
67 831 65018
546 832 29351
585 833 7584
651 834 60114
553 835 99285
726 836 91741
463 837 77908
16 838 35944
772 839 20705
516 840 9461
792 841 8863
127 842 86542
819 843 58874
178 844 13469
538 845 27199
421 846 46514
798 847 77919
733 848 73440
458 849 29424
21 850 4608
744 851 32812
111 852 28621
684 853 31280
171 854 85447
474 855 78718
469 856 62257
742 857 98651
405 858 76978
233 859 97938
792 860 69111
485 861 98159
597 862 46671
298 863 51141
526 864 55246
694 865 55753
190 866 14187
281 867 35252
638 868 74594
865 869 50756
637 870 9906
638 871 20028
71 872 28736
703 873 14656
171 874 19923
24 875 62554
439 876 94293
698 877 32440
577 878 69977
641 879 21675
499 880 3023
187 881 57225
287 882 23665
711 883 19916
560 884 92474
159 885 76017
633 886 63978
96 887 32634
437 888 38980
322 889 96588
293 890 79119
51 891 84274
414 892 84728
306 893 24056
302 894 13038
201 895 48273
560 896 81509
331 897 49970
641 898 91252
841 899 54708
221 900 96151
636 901 8566
587 902 38734
120 903 44344
176 904 59548
471 905 89569
820 906 72840
412 907 9050
419 908 26815
860 909 58289
325 910 28624
120 911 42519
143 912 35311
118 913 48163
38 914 53459
185 915 61996
523 916 91960
231 917 71667
788 918 37950
435 919 44855
818 920 95112
503 921 24254
193 922 37725
277 923 26675
418 924 83498
640 925 34818
641 926 13343
52 927 97630
278 928 20109
586 929 85980
51 930 83215
571 931 9621
11 932 35614
904 933 74184
472 934 36346
430 935 94741
500 936 4872
353 937 96579
394 938 26511
96 939 6812
822 940 81242
754 941 42316
130 942 12665
294 943 92421
468 944 38752
201 945 83261
496 946 75206
740 947 85550
27 948 80871
3 949 72149
672 950 13987
71 951 58292
214 952 84445
805 953 95441
445 954 59420
422 955 40949
876 956 59278
351 957 95117
933 958 72320
360 959 9356
70 960 97735
306 961 17703
5 962 95002
421 963 15799
164 964 1557
717 965 43355
310 966 52888
220 967 30548
33 968 67622
603 969 98663
61 970 63782
400 971 40574
919 972 35078
209 973 89255
232 974 95955
449 975 3539
894 976 99906
966 977 67321
171 978 46346
736 979 73617
347 980 85895
209 981 42137
152 982 49529
464 983 90451
746 984 17251
947 985 5893
120 986 76237
630 987 37240
156 988 47810
534 989 24409
169 990 38354
8 991 66491
832 992 59121
323 993 755
168 994 27574
591 995 66971
327 996 65886
959 997 4463
287 998 85926
622 999 76563
219 1000 67124
2 86692 7695 654
2 69189 33058 15
1 434
1 207
2 90346 79925 221
2 86227 7967 451
1 715
1 499
1 639
1 565
2 56636 54682 822
1 723
1 450
1 212
2 12491 45542 922
2 23752 70123 991
1 842
1 365
1 641
2 59234 20759 585
2 10692 60134 942
2 11079 97300 363
2 68943 48457 914
1 355
1 829
2 56853 79353 807
1 166
1 617
2 80876 57637 938
2 93440 24922 793
1 759
1 761
1 545
1 400
1 332
1 361
1 732
2 27213 28852 182
1 841
1 614
2 80032 81806 309
1 998
1 451
2 65210 47035 852
1 109
2 26368 61060 170
2 55666 43507 775
2 81469 69839 743
2 8300 92710 301
2 9456 55693 464
1 393
1 854
2 76559 63117 24
1 71
2 66430 72342 134
2 93165 40390 742
2 42093 22502 338
1 322
2 40381 61391 496
1 92
1 473
2 14277 27441 172
1 855
2 93647 70802 119
1 590
2 98642 86790 347
1 237
2 43125 9490 335
1 878
2 45660 66212 333
1 587
2 14465 21297 761
1 577
2 69622 12785 352
1 353
2 49947 43480 285
2 3336 31934 13
2 55951 69197 675
2 35468 88051 528
2 58843 58625 777
1 918
2 11180 82162 17
2 85395 23177 915
1 901
1 377
1 837
2 5429 72391 381
1 549
2 25176 82367 972
2 30181 40947 261
2 86938 22378 534
1 515
1 573
2 30167 93254 897
2 51092 72838 11
1 985
1 572
2 87789 85244 204
2 55095 20614 835
1 776
1 862
2 52004 89252 860
2 47949 57955 343
2 29856 64071 697
2 72765 5038 276
1 703
1 409
1 461
2 58764 90530 596
2 24142 4673 724
1 862
1 139
1 468
2 15850 68454 365
1 547
1 192
1 879
1 620
2 95541 57932 720
2 72568 16722 536
1 47
1 439
1 14
2 91157 92778 53
1 443
2 36646 19622 150
2 42503 93845 143
1 476
1 225
1 299
2 34286 96794 671
1 131
2 63928 90739 620
2 30593 26211 753
2 11816 76362 521
1 433
2 31598 2047 648
2 4900 49679 411
2 93576 16807 285
2 11630 67852 334
1 836
1 292
2 17597 51177 215
1 820
1 551
2 93142 71620 3
2 14375 69549 688
2 40861 43897 174
1 479
1 455
1 701
1 728
2 61126 98389 396
2 74092 98535 917
2 40744 36044 845
1 820
1 901
2 1938 15978 671
2 82545 42459 590
2 75081 37806 975
2 58733 93192 73
1 482
2 51889 5863 50
2 81588 76776 117
2 73684 68776 819
1 567
2 12399 49304 372
2 94431 5109 686
1 749
2 24388 17805 349
1 147
1 806
2 44987 76684 881
2 24034 79352 216
2 64122 81263 216
1 947
1 159
1 687
1 907
1 352
1 746
2 9469 18070 763
2 45328 6939 12
2 29356 28917 850
1 398
2 62959 2223 822
2 86897 57197 142
2 32449 95300 936
2 1194 26674 631
1 173
1 636
1 20
2 43656 20506 368
2 50787 74370 5
2 1224 92187 845
1 361
2 73633 26980 792
1 656
1 557
1 896
2 69198 4028 559
1 926
2 28773 73346 577
2 61402 44364 31
2 38623 23752 608
1 232
1 213
2 32956 34371 432
2 79355 8625 798
2 54974 96977 81
1 38
2 58669 94509 843
1 37
1 652
2 73795 34888 441
2 39655 13168 860
2 40239 93400 475
1 728
2 79252 50640 562
2 53808 44196 271
2 21634 33512 91
1 647
2 71239 44960 487
1 179
1 365
2 2235 89117 386
2 57860 8645 523
1 928
2 92415 74015 20
1 620
1 363
1 231
2 84455 69783 860
2 63513 2736 283
2 89596 61152 663
2 11262 99734 563
1 677
1 824
1 825
2 24252 59359 245
2 43233 81108 855
2 37416 64371 145
1 678
2 74249 39292 633
2 85746 43394 717
2 97072 99803 510
1 778
2 5580 21490 777
2 60107 32687 308
2 75489 93872 72
1 170
1 806
2 16754 83629 202
2 53974 38072 55
2 75299 88391 375
2 80089 30699 359
1 897
2 98641 62663 106
1 677
2 99836 73317 359
1 296
2 34437 40349 926
1 973
2 2489 51993 243
2 60179 18320 753
1 749
1 43
1 543
2 66900 54930 26
2 68685 39574 17
2 90685 74286 697
2 11623 5469 624
2 93997 58762 274
2 29786 30050 78
2 38937 21524 325
1 366
1 532
1 861
2 90823 13887 934
2 84671 85494 729
1 376
2 94814 46481 573
1 810
2 17205 1673 574
1 745
1 217
2 99492 20471 203
2 87521 23877 334
2 10975 59696 398
2 95881 83124 459
1 890
1 324
2 22203 75921 716
2 86862 56762 45
2 60159 2299 886
2 10092 11366 356
2 62808 10543 191
1 956
2 60731 25598 578
2 7034 37947 692
2 78864 27766 781
2 11778 26199 967
2 92250 72425 394
2 63267 20412 216
2 55630 4580 366
2 80912 57432 761
1 335
1 570
2 60383 31736 690
1 24
2 45134 4036 962
2 8504 72301 438
2 55338 59399 563
2 88867 97444 504
2 24005 72474 179
1 643
2 76367 62030 62
2 79156 67873 954
1 22
1 242
2 54567 34231 270
1 304
2 78359 7361 219
1 587
1 434
1 255
2 53220 25764 754
2 34914 61805 751
2 61046 55542 484
1 670
2 67305 17433 593
2 76427 59520 471
2 67871 86035 586
1 621
1 331
1 209
2 3771 31765 634
2 13115 70191 219
2 34567 7576 872
1 704
2 86262 27151 366
1 822
1 696
1 238
1 528
2 89526 8692 764
1 153
1 268
1 80
2 11483 97174 577
1 551
1 534
1 149
2 7949 88142 913
2 55335 10517 154
2 58812 46881 313
2 55852 64900 178
1 743
2 85636 91691 696
1 57
2 42344 40775 745
1 275
1 251
2 93230 65589 123
1 549
2 97666 23016 456
1 202
1 911
2 37036 26502 635
1 487
1 270
2 17229 62353 291
1 19
1 902
2 86042 66390 988
2 58134 96357 786
1 995
1 329
2 37825 12986 290
1 606
1 31
2 96294 48114 376
2 16255 95364 808
1 888
2 87783 25402 400
1 976
1 712
2 18473 77229 221
1 391
2 41914 76139 677
2 26728 76915 602
2 22900 20144 467
2 35096 43900 775
1 896
1 576
1 77
2 73104 95164 396
2 79705 90080 707
1 707
2 67393 45384 186
1 64
1 71
2 55169 298 496
1 424
1 303
1 226
2 35829 57805 414
1 999
1 947
2 91867 52964 670
1 5
2 77366 68145 953
1 73
2 69624 29015 116
1 163
1 155
1 28
1 590
1 610
2 46328 55626 302
1 800
1 648
1 64
1 677
2 71354 55431 802
1 764
2 13066 96419 576
2 67961 40720 909
2 69588 10286 943
1 909
2 28903 25945 635
2 70008 64726 703
1 527
2 37213 94684 451
2 50050 92574 100
2 78086 9176 794
2 90545 25476 116
1 25
2 22718 53838 165
2 59372 31549 961
1 984
2 34480 32848 895
1 184
2 87180 66103 843
1 945
2 56492 72405 603
1 810
1 603
2 45216 18024 713
1 541
1 194
2 89451 4471 327
2 1979 72501 604
2 38227 71614 731
2 20595 89763 410
2 3677 3930 649
1 821
2 83567 60164 15
2 81899 94835 101
1 589
1 65
1 785
1 687
1 784
2 95669 34259 532
2 42783 55126 703
1 342
1 552
2 46886 87170 519
1 499
2 13190 72583 468
2 71169 1571 930
2 55336 31348 137
2 39556 46630 880
2 38177 23530 234
2 54737 42002 653
2 97576 80407 453
2 21246 65940 327
2 14576 52968 334
2 31583 51639 657
2 51855 22570 83
1 386
1 722
2 75514 26569 49
1 342
2 53068 34331 315
2 28570 85597 406
1 127
2 30920 99701 170
1 731
2 55360 69805 892
1 557
1 942
2 78234 57157 230
1 410
1 465
2 97958 10561 362
1 795
2 11238 59252 903
2 92687 85743 224
1 287
1 870
1 182
1 281
2 92520 93855 885
2 22967 73196 685
1 334
1 536
1 633
1 638
1 79
2 18681 87227 307
1 971
1 413
1 863
1 527
2 28926 79558 163
1 216
1 235
1 347
1 973
1 644
2 13720 69393 424
2 69255 10310 329
1 131
1 238
1 958
1 110
2 51740 71708 786
1 401
2 94474 75056 815
1 301
1 287
1 878
1 72
1 223
2 38577 48341 941
2 84759 80740 648
2 32964 65744 344
1 648
2 63718 95074 147
1 764
1 236
1 877
2 53351 80364 474
2 15877 8935 499
1 259
1 65
1 879
2 7605 7296 647
1 368
2 8759 13599 200
2 63375 62139 285
2 84700 59396 649
1 856
2 75391 95804 774
2 9100 28275 169
1 575
1 953
2 6700 48013 173
2 45954 41751 905
1 819
1 975
2 33831 73911 513
2 64273 91115 57
1 75
1 78
2 20223 746 812
1 436
2 91265 97832 884
1 534
1 698
2 14988 65490 126
1 603
2 22448 3422 793
1 516
2 61502 21355 163
1 536
2 98212 21489 236
1 375
2 88267 2615 434
2 53688 33123 833
2 43940 49862 220
2 42359 9581 993
2 28125 37607 795
1 16
1 704
1 43
2 37467 49353 635
1 312
1 738
2 77215 32821 219
1 813
2 89850 50359 277
2 20187 75356 834
2 83109 31713 464
1 559
1 496
1 337
1 784
2 81743 69897 805
1 149
1 698
2 7432 37270 344
1 680
1 390
2 62245 55343 949
1 592
2 5705 6914 738
2 39161 43717 238
1 4
2 51461 24021 929
2 36095 69102 857
2 44017 37886 418
1 949
1 401
1 562
2 36058 51632 150
2 22644 58777 774
2 74436 9798 394
1 61
1 535
2 10336 20378 857
1 114
1 815
1 264
2 26481 64466 53
1 729
2 40230 91954 581
2 47170 75247 545
1 269
2 53973 70411 904
2 19363 68252 143
2 94611 66363 65
2 92774 25162 326
2 53472 39923 854
2 26571 15232 386
2 72753 11937 876
1 594
1 909
2 59995 19026 607
2 43660 78582 986
2 20755 55635 589
1 847
2 65858 78428 130
2 75574 64546 206
1 262
2 83552 95000 652
2 47092 16033 940
1 576
1 144
2 94842 37011 175
1 259
1 937
2 86740 84392 938
1 465
2 97948 48667 825
1 272
1 919
2 79705 48693 517
1 402
1 852
1 602
1 582
2 79906 44256 279
2 79440 22365 917
2 17817 99248 85
2 72788 77093 339
1 104
1 100
1 696
1 320
2 99825 87398 661
2 91143 66096 275
1 482
2 38439 18887 781
1 376
2 37316 8134 331
2 89023 61311 587
2 33964 5571 966
1 130
1 689
2 97177 57785 47
2 12675 31866 474
1 660
2 23552 15856 529
1 66
1 16
2 63761 54178 753
2 66235 19421 363
2 36810 40174 341
1 12
2 70475 13267 327
1 319
1 169
2 992 65820 947
1 55
2 67612 52502 415
1 112
2 9322 6787 877
1 597
1 241
1 776
2 84558 75875 842
1 815
2 2385 12222 371
1 265
2 27420 4456 761
2 45229 14932 437
2 81304 56180 489
1 956
1 310
2 41540 25346 615
2 95682 3603 729
1 710
1 749
2 88821 78528 315
1 252
2 6518 54126 736
2 15157 5618 229
1 937
2 67990 91573 431
2 31159 85166 935
1 227
1 933
2 68301 40808 487
1 544
2 79305 71250 112
2 87441 35807 761
2 44211 23026 899
2 85861 85652 264
2 75746 6994 675
2 14536 70272 663
1 670
2 82627 61102 122
2 7696 86043 471
2 74833 10776 921
1 463
1 303
1 275
2 31005 89903 414
2 50638 46078 391
1 343
2 89477 51677 614
2 85272 48720 479
2 89431 90175 504
2 67583 48043 931
1 782
2 56686 59402 617
2 51559 72315 466
2 33269 52770 697
2 57783 19219 764
2 31535 8097 3
1 659
2 65284 5672 811
1 167
2 73424 15507 940
2 1706 28738 194
1 548
1 340
2 98999 4991 33
2 71010 5516 799
1 367
2 24220 28073 153
1 977
1 168
1 997
1 358
2 68329 99731 997
1 385
2 80402 15747 564
1 488
2 60201 82885 658
2 74449 73854 951
1 133
1 795
2 86353 7557 401
2 29119 87310 654
1 291
1 22
2 51226 87294 811
2 91860 3223 147
1 144
2 87231 53697 537
1 369
2 62745 19955 923
2 48625 12474 259
1 209
1 503
1 916
2 23902 80892 34
2 69863 31691 207
1 239
2 95271 69597 40
1 513
1 776
1 508
1 565
1 895
1 79
2 21436 40835 614
2 76787 1331 359
1 820
1 42
1 724
1 585
2 10796 86443 418
2 86021 58357 525
2 96495 12877 207
2 9572 86353 414
1 869
2 45532 41712 960
1 979
2 22867 52398 364
2 6648 30369 12
1 703
1 215
1 467
1 928
2 439 51637 716
1 111
2 79695 27760 766
1 770
2 20617 55577 515
2 27523 8780 742
2 86566 78605 366
1 430
2 55188 71309 280
2 8539 60189 673
2 78978 99855 942
2 38451 74690 415
2 30685 92599 498
1 342
2 84144 9990 58
1 842
1 18
1 775
1 271
2 88673 60962 591
2 56195 85434 709
2 27182 13059 415
1 849
2 54705 92491 896
2 97345 64525 865
1 500
1 841
1 388
2 61997 51712 578
2 11510 87161 164
1 32
1 918
2 28692 48850 655
2 71005 54508 897
2 63714 21545 543
1 170
2 50009 33164 207
2 91904 47393 61
1 912
2 60546 16485 467
1 134
2 77217 71769 359
2 90076 60298 735
1 344
2 92065 37399 167
2 78159 36702 101
2 39004 99816 980
1 879
1 419
2 92421 91909 693
2 33127 48836 639
1 333
1 937
2 5953 9356 217
2 98038 48025 298
1 59
2 89810 55961 542
2 64681 28823 953
1 203
1 808
1 725
1 169
2 14171 6790 293
2 41616 49128 497
2 3671 44380 760
2 42723 71721 218
2 83081 8632 435
2 8326 4119 940
1 609
2 2636 72322 718
1 126
2 62724 25141 577
2 46642 59243 272
2 37302 87089 526
1 316
2 32734 37524 605
2 21877 46200 723
1 700
2 95679 98388 558
2 85181 99597 745
2 71807 30293 939
2 21293 86087 644
1 514
2 87036 91737 688
1 505
1 568
1 87
1 149
1 757
1 217
2 90637 64080 129
2 11508 50131 143
1 356
2 57411 27515 287
2 56731 64252 252
1 27
1 111
2 35101 57142 839
1 131
1 736
2 98966 91183 43
2 96634 14118 550
2 64011 68836 299
2 79411 19495 176
2 76929 16210 772
2 93160 8201 111
2 86526 13974 389
2 78461 79815 623
2 31045 93677 74
2 18872 25694 246
1 856
1 709
1 520
1 886
1 603
1 418
2 59283 88781 114
1 818
1 416
1 538
2 14360 65059 661
2 99908 46525 846
2 29491 58063 888
1 673
2 60674 19625 398
1 312
1 692
2 65160 45050 563
2 72821 27558 372
2 58391 63504 315
2 28170 10281 652
2 91315 21192 120
1 397
1 487
1 377
1 657
1 355
2 51171 8771 249
2 94189 27612 480
2 68402 27084 205
2 33694 43971 75
1 328
2 23183 59129 763
2 33087 33829 292
2 49850 58507 252
2 70864 15115 605
1 929
1 865
2 64918 23352 932
2 82425 45307 935
1 831
2 45316 15423 576
1 710
2 78170 70582 139
2 26318 17200 340
2 97217 95650 980
1 372
1 469
2 41298 5161 145
2 41921 87508 306
1 110
1 762
1 475
1 695
1 175
2 97971 87187 23
1 891
1 890
1 388
2 10275 74240 799
2 27520 69674 956
2 35332 4614 604
2 81615 22821 803
2 85826 33246 720
1 74
2 15407 55485 110
1 691
2 60106 35377 718
1 23
1 724
2 65280 4924 622
