1000 1000 1
90355 15724 82463 45358 47612 60661 47773 17029 77332 922 46565 99981 60953 57223 53446 68713 86713 97002 63158 95852 91504 63905 98397 49719 93338 61059 19947 74103 48148 40797 42666 25110 49233 70105 10930 315 5748 38651 72454 63562 9143 15544 19033 5938 44178 72336 30715 40940 14876 47960 67655 91212 86395 21116 88004 8775 53616 40523 79029 99365 56748 34900 81518 13018 37180 99332 65260 79991 75454 8433 90996 11188 68802 99081 5931 71695 39529 5216 65939 94490 19007 19439 44276 22599 8849 19116 35988 6673 87310 47958 2546 81394 64432 17554 13805 69524 52089 26561 73144 47233 63410 37635 69300 3356 94442 4813 39080 26372 21641 99865 61886 8007 11932 36038 59996 57684 39280 69857 45840 90015 83636 49886 58211 21362 86798 75435 45433 17598 83882 87967 45915 3950 22078 20375 86268 98241 75026 15898 68342 48251 17669 52815 1569 12650 17799 12733 4937 75481 43405 77335 75265 30195 69157 98152 76373 38512 23049 40967 69277 91551 1062 39471 11280 40699 54781 29323 71671 1462 84836 52851 59987 61391 33350 39156 87742 52615 49437 15327 11624 73047 29362 53519 63897 72135 93569 59276 28119 34017 57716 7551 97997 45440 54045 84481 49470 29982 87953 55237 73323 40092 16210 59304 94966 76842 28607 57105 74027 55695 67151 53724 71862 34458 97320 31795 64382 83869 57405 85103 5973 58205 58916 4252 55553 18632 14694 49530 55422 27908 19838 5250 57126 88682 40054 28063 8460 89275 81454 48980 23669 71131 82075 26507 87088 55089 24327 58580 83588 48128 5301 40474 15473 82842 75015 21091 85681 97957 66193 69094 42151 5282 73513 68426 33083 70925 79794 69993 45291 39127 45072 73477 23046 57803 21731 46960 7901 13957 8871 36189 75842 34644 70577 80595 83606 59956 41380 93888 48500 52182 47639 99115 33986 23287 22889 20809 68779 28602 73565 40057 11235 57217 99172 81350 76622 63273 30036 11970 73584 13195 62452 43808 15242 88321 1229 4770 15907 21788 6378 40372 53280 5965 40533 42979 78389 83800 53199 18694 77577 21555 82620 50818 51098 85680 297 29612 65714 13649 65 34820 5327 66250 47426 49287 87206 80572 96113 59770 3220 22048 39825 32495 60143 91932 49508 56629 73678 42944 71124 67535 51407 89869 8949 62298 29467 17489 60928 95032 56943 58177 42949 9035 39036 34066 40828 33507 70888 89067 3239 84423 88910 30818 88405 89684 78356 69201 93908 46830 26109 74904 61911 26984 44840 90020 44894 14766 66816 63694 34244 77523 72833 55733 89591 20171 25308 2383 44522 60942 81094 83540 19767 30557 94902 62285 54702 80525 33577 1468 40523 67828 65072 1321 97779 69730 18718 67154 61357 68247 27717 82821 98261 48795 45556 22793 11614 94526 6788 99362 68328 46922 28067 48417 93710 61333 62881 22677 23226 91663 35091 82319 79292 57473 74189 30846 31189 17600 51957 76051 52374 99156 58673 85916 76771 7065 94257 52699 39920 79841 65161 5698 41816 60994 31689 13892 92835 63042 16457 95094 24288 91686 11917 46058 75339 70029 43326 14527 70522 81106 10445 27406 19921 31369 94866 69334 15001 30799 51109 22403 83961 69630 5242 20147 76489 46199 64360 29942 94545 36672 30079 47938 45761 36150 6106 48428 16905 79475 85496 97143 1008 82077 7561 79379 25265 8535 20622 71832 67835 78689 4169 64756 71259 16696 13778 57854 3614 6531 16553 33517 35521 66834 97969 65989 85184 91963 43317 90969 70799 36694 28405 31437 29330 62111 73064 68677 37615 23445 29922 56993 82196 63665 52844 89493 16340 81784 97265 81443 36375 52263 24541 36753 25949 18368 89516 86563 61518 12999 31136 94972 90811 17367 52284 55450 6269 43037 89230 92981 82093 85283 8774 66954 78501 13334 14595 91636 72742 9259 70156 40508 4341 85711 47712 42148 68047 46481 64476 27222 70607 69530 280 32570 14341 41289 86538 30348 74654 99222 18583 25145 31284 19621 90681 30834 98615 40610 26640 20429 23900 30478 40646 97676 51799 91117 20639 63521 6448 48797 97301 54675 36485 79284 25568 90594 57357 82459 73567 25256 50802 55872 41739 21648 8614 68412 23822 54623 5840 2522 70313 34751 61196 93169 59335 37003 73855 93448 1029 36138 7240 42680 46062 91542 20532 14226 98195 39493 91724 24508 9994 63514 75859 20121 57349 22573 53900 93359 7237 34673 71450 13663 50061 46018 28544 28684 65486 50505 88766 45858 28516 8281 52886 98046 49067 35615 74493 61003 96354 33329 622 10367 7136 52073 2289 12117 75418 91140 92267 67516 89109 16498 57063 3340 14434 21543 53467 12480 11396 25619 19346 81753 22980 15218 75006 97808 69449 42285 32036 52053 45706 42554 19773 59815 25482 78129 630 44054 97994 199 25686 83674 2937 89695 66705 44956 2347 36599 48795 77590 186 90505 51087 81996 24054 39680 54381 42954 9364 11042 12138 77401 58896 53996 4665 12400 45263 50329 95635 3310 69526 6230 15429 83783 31354 30861 63692 69497 93436 20657 73138 70063 49685 91394 77414 9396 89445 13571 22633 81950 26890 59433 45093 38400 89292 38108 54858 20672 63099 21403 56159 29787 52541 16551 66848 98477 11239 5265 55426 88196 92148 19599 4859 88485 68089 27040 77060 84326 89872 52390 60545 20840 32621 92006 49875 20015 51233 48950 25839 58644 19712 34449 1898 48694 63781 27146 1686 64648 84020 51662 165 26978 83179 95680 4267 77208 40444 14288 46828 33448 45216 25868 68649 39178 50167 91859 61835 28658 37597 25887 81038 80544 15100 11127 41216 34394 67467 7506 61444 9551 19342 64725 72530 454 98704 27532 80814 31455 33741 46831 99902 77152 98473 47824 27728 39631 19530 96310 27660 13148 21520 54068 12072 22559 22754 22240 23214 75951 75267 86385 2330 78516 1534 57183 34154 65639 94010 44645 99848 36782 72551 75962 98637 42083 36753 17378 67724 70666 29854 57368 82716 47131 33721 38391 18518 11211 40975 60045 25168 14961 85868 3867 29698 26505 62402 20328 89063 2675 66809 58435 98545 50573 23864 65986 56212 15864 98011 86191 3863 38327 58969 7293 45963 46657 81785 151 52486 80989 17240 93663 63412 6022 78169 50895 66973 31617 17359 63530 31659 40869 37939 65605 11169 55019 77787 94221 36667 28519 36574 22297 71149 54935 96036 34243 80478 50907 58601 40888 51376 20587 72503 49816 11843 92415 83624 70918 
1 2 26282
2 3 21242
3 4 17429
4 5 11665
5 6 24034
6 7 23830
7 8 27572
8 9 9501
9 10 27466
10 11 6908
11 12 14570
12 13 32002
13 14 10306
14 15 3161
15 16 2366
16 17 18174
17 18 8356
18 19 2676
19 20 6769
20 21 11551
21 22 27732
22 23 19307
23 24 4274
24 25 12072
25 26 1816
26 27 10943
27 28 11537
28 29 20278
29 30 23210
30 31 23315
31 32 18486
32 33 29091
33 34 12044
34 35 25905
35 36 25939
36 37 29739
37 38 29980
38 39 6222
39 40 29015
40 41 16461
41 42 8040
42 43 20367
43 44 613
44 45 23796
45 46 32067
46 47 12492
47 48 11140
48 49 17239
49 50 19481
50 51 18579
51 52 14488
52 53 31518
53 54 29439
54 55 10096
55 56 26257
56 57 16838
57 58 7310
58 59 25707
59 60 27618
60 61 16710
61 62 8946
62 63 10451
63 64 25908
64 65 6643
65 66 574
66 67 10554
67 68 31324
68 69 17313
69 70 17666
70 71 12225
71 72 20363
72 73 2571
73 74 7968
74 75 7062
75 76 5829
76 77 10357
77 78 10971
78 79 31162
79 80 21909
80 81 18575
81 82 31793
82 83 6920
83 84 13054
84 85 26781
85 86 32363
86 87 19315
87 88 25012
88 89 27861
89 90 20466
90 91 3727
91 92 31373
92 93 24584
93 94 4196
94 95 1363
95 96 23346
96 97 10117
97 98 21735
98 99 24861
99 100 23834
100 101 11835
101 102 14014
102 103 2038
103 104 30905
104 105 19229
105 106 12314
106 107 19991
107 108 10484
108 109 26315
109 110 15154
110 111 26797
111 112 8921
112 113 9326
113 114 26517
114 115 32218
115 116 13709
116 117 4579
117 118 22975
118 119 30204
119 120 26245
120 121 8989
121 122 26859
122 123 29233
123 124 7673
124 125 31940
125 126 20265
126 127 3099
127 128 30614
128 129 21026
129 130 8112
130 131 17120
131 132 2932
132 133 23104
133 134 30581
134 135 14709
135 136 17223
136 137 8268
137 138 7165
138 139 10781
139 140 4057
140 141 13118
141 142 31855
142 143 13100
143 144 4792
144 145 30908
145 146 18669
146 147 24849
147 148 4139
148 149 10042
149 150 5156
150 151 6547
151 152 15723
152 153 11109
153 154 13090
154 155 19547
155 156 16144
156 157 31938
157 158 20328
158 159 3251
159 160 27594
160 161 9618
161 162 24385
162 163 30861
163 164 10065
164 165 506
165 166 30802
166 167 4295
167 168 27039
168 169 31328
169 170 12401
170 171 26285
171 172 18012
172 173 15640
173 174 187
174 175 17088
175 176 2202
176 177 15168
177 178 24288
178 179 10422
179 180 14018
180 181 27880
181 182 194
182 183 23745
183 184 4814
184 185 8311
185 186 32319
186 187 19988
187 188 27321
188 189 22857
189 190 17738
190 191 2724
191 192 19764
192 193 413
193 194 5185
194 195 8235
195 196 30363
196 197 29615
197 198 28282
198 199 3699
199 200 2599
200 201 7713
201 202 16160
202 203 11985
203 204 27493
204 205 18335
205 206 7741
206 207 13551
207 208 19431
208 209 13763
209 210 27671
210 211 11471
211 212 16697
212 213 15158
213 214 14016
214 215 6669
215 216 30486
216 217 28953
217 218 7657
218 219 7269
219 220 20956
220 221 8099
221 222 10487
222 223 15732
223 224 5438
224 225 6667
225 226 17241
226 227 19395
227 228 25401
228 229 4520
229 230 21272
230 231 26369
231 232 10057
232 233 9303
233 234 7599
234 235 8592
235 236 16860
236 237 10781
237 238 28446
238 239 23364
239 240 2055
240 241 1549
241 242 14138
242 243 14695
243 244 27512
244 245 32364
245 246 4423
246 247 24576
247 248 24236
248 249 24596
249 250 27080
250 251 20564
251 252 18786
252 253 28950
253 254 13974
254 255 4270
255 256 8527
256 257 30371
257 258 30000
258 259 348
259 260 31507
260 261 21037
261 262 25426
262 263 762
263 264 10092
264 265 31177
265 266 9673
266 267 20979
267 268 12457
268 269 20440
269 270 20869
270 271 15172
271 272 19554
272 273 7654
273 274 2800
274 275 3715
275 276 5479
276 277 14034
277 278 12158
278 279 28960
279 280 8694
280 281 1071
281 282 15749
282 283 30444
283 284 18993
284 285 747
285 286 28240
286 287 9175
287 288 13006
288 289 29486
289 290 13935
290 291 15102
291 292 28689
292 293 16261
293 294 8272
294 295 32485
295 296 21751
296 297 24384
297 298 13588
298 299 18176
299 300 17077
300 301 14361
301 302 26523
302 303 3705
303 304 3168
304 305 17174
305 306 13793
306 307 24621
307 308 17134
308 309 30896
309 310 29838
310 311 17400
311 312 32093
312 313 18484
313 314 30920
314 315 4402
315 316 28978
316 317 7786
317 318 5196
318 319 19065
319 320 28453
320 321 16245
321 322 6077
322 323 26289
323 324 6171
324 325 30714
325 326 20283
326 327 11082
327 328 24148
328 329 27012
329 330 11576
330 331 31681
331 332 9958
332 333 30247
333 334 6023
334 335 17002
335 336 8042
336 337 3940
337 338 2742
338 339 22124
339 340 7157
340 341 27725
341 342 1950
342 343 781
343 344 4426
344 345 27369
345 346 32568
346 347 5168
347 348 32589
348 349 8410
349 350 12467
350 351 3099
351 352 24507
352 353 24381
353 354 11715
354 355 26238
355 356 27929
356 357 11730
357 358 31035
358 359 3249
359 360 21994
360 361 349
361 362 29662
362 363 24382
363 364 12325
364 365 12620
365 366 2930
366 367 30879
367 368 16614
368 369 28825
369 370 24599
370 371 3401
371 372 27748
372 373 19954
373 374 21463
374 375 3305
375 376 25123
376 377 32536
377 378 14462
378 379 26861
379 380 22891
380 381 31621
381 382 4012
382 383 9286
383 384 29176
384 385 10833
385 386 4392
386 387 4204
387 388 3315
388 389 10070
389 390 27511
390 391 23459
391 392 12833
392 393 25491
393 394 29358
394 395 21630
395 396 21851
396 397 9422
397 398 12676
398 399 1697
399 400 4158
400 401 10365
401 402 4267
402 403 5322
403 404 9251
404 405 28135
405 406 2145
406 407 29715
407 408 22609
408 409 27527
409 410 4162
410 411 27761
411 412 2162
412 413 13233
413 414 16736
414 415 641
415 416 30532
416 417 19576
417 418 24213
418 419 11908
419 420 14737
420 421 16078
421 422 14104
422 423 1191
423 424 19809
424 425 8429
425 426 5967
426 427 12937
427 428 12654
428 429 8182
429 430 15332
430 431 30199
431 432 4312
432 433 19672
433 434 31515
434 435 28922
435 436 22298
436 437 12404
437 438 6243
438 439 32531
439 440 16445
440 441 27391
441 442 30251
442 443 28613
443 444 14668
444 445 25255
445 446 6646
446 447 19028
447 448 9479
448 449 17785
449 450 14002
450 451 32461
451 452 22747
452 453 25218
453 454 12613
454 455 10310
455 456 26130
456 457 7732
457 458 21354
458 459 17511
459 460 840
460 461 1548
461 462 8379
462 463 1065
463 464 10782
464 465 18290
465 466 526
466 467 6622
467 468 15666
468 469 3553
469 470 15109
470 471 10354
471 472 19022
472 473 3143
473 474 24033
474 475 14320
475 476 15583
476 477 13743
477 478 12695
478 479 21319
479 480 5289
480 481 26909
481 482 15910
482 483 13135
483 484 29882
484 485 5305
485 486 29479
486 487 6919
487 488 7836
488 489 5168
489 490 7334
490 491 18721
491 492 11727
492 493 20056
493 494 6704
494 495 8896
495 496 10102
496 497 22035
497 498 3117
498 499 31616
499 500 12881
311 501 23537
45 502 57261
284 503 64107
496 504 34362
456 505 64454
101 506 61964
248 507 12844
121 508 14208
90 509 88140
484 510 62423
409 511 38713
59 512 73429
220 513 22089
133 514 71715
129 515 71671
328 516 3342
494 517 84929
92 518 43526
198 519 57610
155 520 87776
209 521 31928
338 522 26836
195 523 8888
261 524 65056
159 525 13013
265 526 35075
138 527 82725
493 528 78530
32 529 47709
178 530 56775
104 531 61175
518 532 2461
229 533 44659
443 534 30389
376 535 49203
283 536 8964
471 537 85629
511 538 78595
444 539 45725
170 540 29997
216 541 34337
495 542 77573
282 543 74395
316 544 35630
72 545 94979
280 546 53392
431 547 12818
99 548 86394
240 549 49863
119 550 7258
28 551 81574
3 552 91879
473 553 98196
537 554 33848
181 555 42365
428 556 59562
521 557 50255
201 558 4861
447 559 9052
469 560 31447
4 561 14651
92 562 3712
220 563 5607
311 564 43653
243 565 67742
438 566 90902
256 567 93700
383 568 92296
327 569 87742
523 570 52979
266 571 37879
21 572 53140
298 573 89663
531 574 37292
147 575 11142
305 576 65471
196 577 17669
517 578 60887
22 579 98550
395 580 6527
190 581 87255
230 582 45320
553 583 11852
421 584 27943
202 585 68729
463 586 49140
252 587 43916
548 588 55597
168 589 59761
536 590 82449
538 591 8763
465 592 66246
153 593 29314
31 594 8883
295 595 12480
294 596 30758
526 597 82963
406 598 29104
170 599 49598
103 600 21828
321 601 84679
417 602 59004
538 603 57722
284 604 64628
482 605 62341
457 606 17164
409 607 955
498 608 16842
18 609 94993
57 610 77142
513 611 48163
138 612 24924
198 613 60176
268 614 89838
479 615 65978
217 616 98976
508 617 91879
184 618 53962
394 619 7363
407 620 90633
292 621 30012
344 622 8958
368 623 92100
289 624 87629
143 625 89170
475 626 73343
216 627 91969
602 628 68481
31 629 95152
186 630 95171
116 631 9025
600 632 82458
627 633 57562
167 634 70622
82 635 6438
448 636 65772
146 637 64565
625 638 58373
265 639 95896
365 640 27214
113 641 82662
361 642 17870
150 643 70138
570 644 11827
539 645 9618
451 646 25454
594 647 79601
282 648 24402
79 649 72478
597 650 56664
557 651 50244
241 652 34910
157 653 33072
305 654 58339
297 655 51190
128 656 31373
134 657 91756
81 658 70980
53 659 61676
525 660 34420
468 661 61718
438 662 13871
175 663 16685
90 664 97000
423 665 12917
429 666 63417
112 667 36027
418 668 53918
84 669 11917
9 670 43864
75 671 6142
88 672 57771
32 673 29028
532 674 9536
140 675 41945
633 676 79299
513 677 40413
657 678 8006
647 679 79314
403 680 34333
611 681 58878
473 682 65664
667 683 82797
72 684 84076
615 685 17293
446 686 97122
509 687 5264
22 688 67718
127 689 59950
210 690 59330
363 691 66240
181 692 67744
230 693 87494
368 694 42740
558 695 15521
373 696 1231
195 697 30170
21 698 71213
528 699 47673
438 700 48488
38 701 9231
275 702 80291
288 703 65645
268 704 87808
353 705 47978
194 706 7978
461 707 82817
315 708 99276
348 709 82865
122 710 22135
686 711 58939
615 712 99009
392 713 6791
103 714 87616
98 715 57024
555 716 50195
66 717 71155
430 718 66490
392 719 97332
63 720 35832
232 721 33113
314 722 30392
708 723 14205
333 724 36998
222 725 86366
175 726 22897
567 727 90367
667 728 99856
553 729 99495
491 730 66202
108 731 9793
435 732 70540
330 733 46682
614 734 68711
463 735 42821
116 736 45743
659 737 11578
563 738 88781
288 739 59475
523 740 40302
48 741 27086
4 742 58146
680 743 94254
707 744 21438
670 745 13689
547 746 72698
326 747 83163
303 748 45331
630 749 33954
519 750 42026
206 751 79393
57 752 78852
450 753 99661
550 754 32648
723 755 24803
385 756 72292
554 757 39455
27 758 20936
742 759 84166
454 760 54057
511 761 51134
185 762 74848
448 763 83441
237 764 6729
623 765 70925
732 766 66660
532 767 98726
718 768 52695
277 769 947
570 770 25897
207 771 42029
461 772 7081
380 773 45204
611 774 75269
569 775 70025
146 776 48148
109 777 77108
63 778 29324
753 779 13216
544 780 65132
283 781 79450
712 782 23092
657 783 94454
208 784 94120
653 785 57131
288 786 67153
670 787 66450
1 788 25819
307 789 27882
468 790 28856
3 791 74390
84 792 17724
575 793 17085
388 794 96511
360 795 86154
243 796 52702
300 797 79434
342 798 80794
567 799 92721
358 800 60791
169 801 97205
150 802 53087
529 803 80784
1 804 28028
534 805 92866
133 806 12930
171 807 14542
499 808 82146
485 809 69112
525 810 98616
97 811 13902
576 812 79838
97 813 61660
303 814 16343
732 815 61749
188 816 50181
105 817 70225
817 818 75027
188 819 40329
434 820 53100
598 821 32765
18 822 95137
523 823 87631
816 824 79143
183 825 60358
715 826 5079
296 827 69996
132 828 78701
435 829 69743
162 830 88457
750 831 93220
16 832 51025
398 833 14239
583 834 44301
86 835 53213
800 836 91497
173 837 60250
570 838 14007
772 839 61755
74 840 19082
438 841 96229
477 842 5340
690 843 55332
748 844 1513
600 845 28934
834 846 13778
191 847 15229
688 848 35387
551 849 36480
110 850 79341
619 851 40266
260 852 73557
481 853 26170
64 854 2723
739 855 50481
217 856 57740
368 857 29303
29 858 92552
352 859 10679
50 860 64020
810 861 15614
192 862 87249
342 863 52224
525 864 68228
195 865 33171
539 866 7892
173 867 76850
424 868 33263
561 869 68603
629 870 76101
404 871 80081
615 872 29195
336 873 72347
846 874 65210
690 875 13220
825 876 25806
141 877 62393
515 878 81991
759 879 48717
169 880 3563
757 881 53368
561 882 81153
296 883 25620
285 884 82839
689 885 21983
538 886 43614
523 887 22300
346 888 81929
467 889 45170
116 890 83698
794 891 11083
463 892 11669
747 893 96470
400 894 43763
778 895 12741
608 896 73584
458 897 26064
743 898 10452
876 899 54576
68 900 39918
218 901 49861
514 902 9325
141 903 21521
586 904 33605
147 905 20410
589 906 70224
415 907 39628
559 908 64779
842 909 92277
33 910 29333
766 911 97863
69 912 99539
692 913 9370
39 914 12526
805 915 57447
501 916 60243
787 917 10381
344 918 75346
900 919 47792
305 920 89184
638 921 90773
48 922 26997
318 923 72392
562 924 84527
588 925 86070
921 926 82765
908 927 68595
213 928 13620
322 929 15862
30 930 25870
236 931 78520
605 932 8870
404 933 92504
801 934 87565
525 935 20025
699 936 51672
278 937 45250
756 938 43456
209 939 86558
211 940 88673
644 941 50586
501 942 20699
494 943 45738
119 944 28020
532 945 78244
278 946 16340
683 947 36931
710 948 99719
873 949 96197
242 950 80863
701 951 2669
400 952 58799
251 953 61890
151 954 14449
784 955 53966
792 956 60193
263 957 47488
531 958 45376
355 959 79147
100 960 49522
459 961 50916
863 962 20736
613 963 42504
911 964 50423
670 965 10420
453 966 10183
923 967 45707
110 968 4516
803 969 4275
52 970 11368
688 971 87960
339 972 93136
823 973 33096
681 974 31675
581 975 71510
627 976 24782
53 977 48471
73 978 73843
934 979 90663
969 980 15028
136 981 27781
530 982 26757
320 983 29939
224 984 61016
160 985 90519
889 986 70822
842 987 84093
392 988 10605
871 989 3603
736 990 7244
740 991 38219
23 992 60585
164 993 1596
348 994 77995
818 995 24001
872 996 27521
574 997 77369
699 998 85529
575 999 48869
861 1000 55017
2 50315 47850 897
1 534
1 398
2 64325 19795 111
1 755
2 23784 17523 752
1 399
2 43946 9179 243
1 368
1 342
1 649
2 21655 39670 183
1 936
2 98653 80593 618
1 263
2 28637 46996 402
1 785
2 89592 47824 855
2 20104 26755 13
2 89304 3908 219
2 83936 71719 728
1 232
2 59931 54888 406
2 36860 98655 324
2 90627 8840 176
1 570
2 594 57979 795
1 332
1 504
2 22713 20571 218
1 420
1 353
2 18044 38523 814
1 904
2 44221 31827 43
2 50469 99302 941
2 50891 35879 884
2 23263 51503 508
2 2389 12221 903
2 52644 72053 571
1 90
1 264
1 890
1 833
2 44434 424 91
1 643
2 9813 8531 795
2 25422 34149 911
1 710
1 55
1 412
1 822
2 2228 74663 96
1 711
2 75270 43104 264
2 54875 57120 283
1 114
2 50135 65187 701
2 51312 62691 15
2 68007 76052 506
2 19536 79590 544
1 161
1 846
2 45382 72933 321
2 10611 74246 160
2 75760 3763 577
1 236
2 66100 27262 873
1 35
2 92455 61412 481
2 76947 94998 871
2 77256 44147 478
2 11749 17428 328
2 9355 19349 750
2 73535 19639 787
2 70635 39166 903
2 77566 15442 325
1 413
1 271
1 187
2 54847 51497 942
2 68315 76431 827
1 628
1 1000
1 739
1 841
1 30
2 79198 84520 574
1 866
2 21550 58310 585
1 208
1 276
2 85780 14647 113
2 70458 1866 813
1 883
2 23580 71678 502
2 1717 66048 171
2 10529 81329 161
1 964
2 1378 90887 244
2 74288 73816 25
1 348
1 966
2 87166 57494 944
2 77977 33589 779
2 35738 71482 981
1 309
2 6932 99960 537
1 721
1 48
2 68938 22065 19
1 777
2 51444 48915 296
2 34022 95893 116
2 99432 58804 587
2 87933 287 822
1 45
2 36439 21790 453
1 139
1 556
1 840
2 82534 53715 355
1 788
2 90823 74036 430
1 842
1 451
1 355
2 44948 62055 728
1 101
2 15883 18882 997
1 986
1 40
2 55149 11214 265
1 111
1 240
1 444
2 4162 53642 843
2 54698 2946 947
1 402
2 8901 81821 520
1 866
1 47
1 660
1 652
1 247
2 94125 47095 423
1 412
1 926
1 791
2 10979 80977 207
2 93948 4716 470
2 26030 46460 263
2 8835 69700 682
2 43305 14157 635
1 264
2 65663 91020 929
1 793
1 517
2 7568 41575 443
1 468
2 97942 6605 566
1 795
2 70967 47280 495
1 263
1 670
2 51806 5936 918
2 93925 94948 659
1 966
2 46935 75509 544
2 445 1626 877
1 818
2 57371 96892 673
2 26985 38068 656
2 9405 60825 828
2 14409 64776 227
1 782
2 11699 71551 647
2 72060 70345 816
1 438
1 182
2 49771 1338 66
2 72569 36638 784
2 87073 59130 78
2 97328 12086 377
1 375
1 641
2 83473 89380 30
1 139
2 5300 9452 473
2 19431 59313 712
1 822
1 240
1 362
2 53430 60499 168
1 336
2 82370 79846 14
2 22448 85272 508
2 75963 93053 110
2 69406 60093 374
2 3288 26211 186
1 458
1 349
2 56710 95836 740
2 18284 45464 443
2 20753 74093 91
1 327
1 871
1 500
1 919
1 316
1 36
1 636
1 293
1 661
2 87950 46281 375
1 856
2 21988 81405 665
2 26540 28974 586
2 14035 35643 259
1 234
1 991
2 66494 11094 369
2 30334 33493 742
1 257
2 63697 61348 228
2 54230 22613 182
2 65592 56185 257
1 972
2 33906 42656 295
2 28276 84378 841
1 319
2 63952 51917 181
2 20405 82851 252
1 638
2 47201 98272 571
2 22978 9020 156
1 151
2 47243 19731 239
1 270
2 757 87768 864
2 57744 73239 654
1 771
1 702
1 505
1 572
1 166
2 60115 95191 8
2 90573 65329 495
2 83919 55989 832
2 22830 17364 278
1 706
2 48527 86019 812
1 230
2 41198 60247 164
2 83785 13017 878
1 171
1 353
1 752
1 557
2 84020 6597 748
2 89158 12884 714
2 79979 81481 699
1 946
1 657
1 422
1 938
1 524
2 9562 87488 780
2 40861 32964 544
2 72652 88125 132
2 90139 32299 185
2 41601 93712 853
2 82170 67314 650
2 15365 48477 85
1 312
2 11448 70999 775
1 454
1 167
2 74852 13314 407
1 385
1 38
2 92621 79736 104
2 95721 43087 803
2 18608 8397 198
2 56773 28208 120
1 598
2 18414 18142 156
1 431
2 95227 12650 917
1 770
2 44761 24046 468
1 525
1 169
1 688
1 846
1 260
2 37602 52906 231
1 841
1 600
2 24102 74767 138
1 559
1 116
2 26921 58709 359
2 53749 22197 126
1 915
2 62058 14482 504
1 777
2 54560 9587 3
1 880
1 556
2 82510 6197 307
1 630
1 492
2 42159 35052 449
1 760
2 25266 25642 589
1 432
2 2605 36569 419
2 64574 8649 914
1 628
2 98255 22744 793
1 726
2 67092 34919 712
1 119
1 813
2 93694 6859 749
1 252
2 26623 61719 424
2 66750 41014 194
1 396
1 348
1 493
1 792
1 118
1 687
1 189
1 489
1 228
2 95663 32743 351
1 99
2 94913 54261 561
1 807
2 9723 67905 574
2 41834 422 592
2 37063 28317 430
2 79934 38223 963
1 695
1 394
1 478
1 144
2 28745 99705 255
1 38
2 25515 98846 132
2 33504 52240 82
1 704
2 52816 62588 263
2 31240 85916 594
1 153
2 8152 31564 657
2 77350 3720 489
2 26831 31080 522
2 34707 68313 842
1 449
2 4221 77384 525
2 35273 87577 925
1 990
2 44240 78913 25
1 880
2 43827 43618 463
2 56972 97731 370
2 48855 18612 989
2 11352 49008 744
2 51219 18618 910
2 28690 70004 103
1 86
2 97603 24844 83
2 68666 52883 592
2 40586 75428 221
1 229
1 863
1 381
2 35895 34396 401
1 219
1 929
2 73676 38414 309
2 64629 77385 466
2 87007 37056 722
1 209
2 56983 6002 607
1 551
1 502
1 516
2 30423 56471 935
1 13
2 85583 21500 247
1 422
2 38816 84656 603
1 622
2 13581 43011 479
2 85247 57097 298
1 361
2 85114 42293 152
2 19095 58400 760
2 86054 99766 482
2 11600 49372 614
1 199
1 610
2 76399 57569 422
1 277
2 32772 24171 460
2 72383 39783 395
2 96598 13292 89
1 672
2 3709 62337 252
1 321
2 73304 71481 402
2 10666 12061 701
2 47505 39548 408
2 85189 17144 871
2 90850 42935 309
2 53512 83653 888
1 608
1 874
1 980
1 928
1 437
1 981
1 176
2 97024 6940 834
1 937
1 234
1 482
1 184
1 658
2 19879 17944 783
2 19901 1433 489
1 987
1 708
2 71575 54638 424
2 97878 79060 836
1 649
1 301
1 150
2 42867 20608 212
1 461
2 10225 35174 215
2 37363 46372 594
1 563
1 995
1 563
2 92767 96269 85
1 815
2 34574 85682 682
2 7666 3098 266
2 13189 60821 310
1 926
2 76379 42977 984
2 95466 9516 462
1 63
2 71975 9195 110
1 483
2 73884 84206 828
2 25053 63715 891
1 940
2 90137 66318 66
2 36523 63663 534
2 16637 1473 429
2 88727 50902 595
2 23301 56902 194
1 71
1 341
2 50749 11490 469
1 754
2 83973 43470 658
1 538
1 726
2 85790 80043 75
2 55539 25271 321
2 55373 26567 900
1 295
2 33955 10843 740
2 53474 15037 23
1 790
2 95585 25647 45
2 13175 3553 382
1 310
1 152
2 2531 59294 664
1 509
2 91726 85553 545
2 12093 18375 528
2 21852 73978 474
1 627
2 21390 81871 491
2 23392 27691 671
1 414
2 43924 74557 275
1 580
2 16662 46134 537
1 113
1 405
1 475
2 66090 99289 692
2 71687 69100 744
1 522
2 51937 50715 932
2 56261 17030 570
1 541
2 57555 35047 45
2 97864 45765 226
2 85813 88525 930
2 59916 27099 375
2 58022 31988 909
1 239
1 629
2 32211 62274 842
2 32713 71505 872
2 78600 42780 751
2 13628 47515 423
1 328
2 94393 92275 59
2 92066 79874 123
2 89908 70754 953
1 883
2 7455 65474 203
2 26594 65518 387
2 95130 6940 112
2 2867 67778 452
1 381
2 3621 38614 998
1 854
2 4281 59076 808
2 90621 52285 377
1 461
2 77262 69985 144
1 671
2 67240 37254 898
1 802
1 815
2 30101 60234 195
2 91309 99598 752
1 790
2 33246 55409 229
1 851
2 34109 29327 127
2 76560 9551 850
2 24210 43771 60
1 671
2 33497 68859 880
2 53948 19367 504
2 89604 15118 992
2 58540 47782 478
1 93
1 49
2 46070 13072 15
2 56478 99870 53
1 368
1 13
2 63624 22694 124
1 40
1 968
1 743
1 10
2 89450 37657 250
2 68740 53117 52
1 332
1 330
2 15921 14839 999
2 13203 95026 707
1 413
1 718
1 668
1 156
2 62553 51120 835
2 1176 98923 59
2 33167 18649 839
2 15262 28183 262
1 957
1 396
1 554
2 71754 58843 969
2 42092 75404 413
1 792
2 86992 58722 755
2 25143 40250 472
2 62546 33243 102
2 1506 67552 868
2 3439 9676 775
2 70912 52065 597
1 379
1 676
1 40
1 805
2 43631 65899 591
1 233
1 141
1 953
2 95279 57245 845
1 463
1 709
2 8237 67771 106
1 759
1 985
2 69696 89098 716
2 68080 51217 10
1 831
2 90596 15380 215
1 329
2 60861 91982 576
2 14912 9289 828
2 66272 37677 582
1 118
2 15099 76087 338
2 8519 63150 901
2 3174 84223 653
1 857
2 32229 87861 172
1 180
1 920
2 57583 84954 1
1 513
2 80477 5435 864
2 74683 28647 728
2 22196 77585 246
1 102
1 966
2 95955 58695 743
1 181
2 64287 93024 40
1 799
1 394
1 205
1 404
2 77386 57148 213
2 47211 61676 675
1 386
2 22206 63628 691
2 61251 86606 497
1 473
1 612
1 627
1 621
1 369
2 70469 47840 74
2 44369 75756 925
2 35645 37954 932
2 6269 46304 904
2 34216 94761 783
2 86042 61827 843
2 74770 70298 801
2 72661 70108 451
1 174
2 55757 56293 210
2 64076 83387 316
2 9502 55631 667
2 21880 96113 154
2 10931 28598 651
2 1294 61527 711
2 35401 44816 790
1 989
2 1259 7393 691
2 57643 1860 661
1 261
2 15404 21227 53
1 908
1 617
2 43763 83416 666
2 95123 80491 240
1 518
2 65449 70643 520
1 928
1 360
1 782
2 96166 70451 934
2 37723 28662 819
1 139
1 994
1 117
1 716
1 37
2 83675 68391 24
1 854
1 890
1 997
1 89
2 18357 79237 487
1 767
2 15146 10222 557
1 405
2 15996 80582 259
1 573
1 511
2 70443 74570 565
1 277
2 68851 35978 798
1 191
1 792
1 89
1 921
1 876
2 20028 20669 961
1 645
1 520
1 822
2 26131 18860 12
1 312
1 365
2 92081 80260 95
1 529
1 137
1 361
1 123
2 54216 55178 903
2 79687 17734 31
2 6776 59981 960
1 127
2 27057 31040 929
1 756
1 92
2 36023 19380 919
1 3
2 83069 49838 461
1 174
2 53558 98328 664
2 16069 33192 329
1 105
1 909
1 55
1 271
1 964
1 934
2 75073 68631 909
1 292
2 81839 3068 982
2 8296 17279 410
2 92051 73891 578
1 765
2 30296 15905 51
2 18856 70110 774
2 2475 84366 748
1 52
1 424
1 790
1 970
1 242
1 858
2 59234 66300 280
2 29442 65266 966
1 942
2 60540 30917 518
2 36868 81784 406
2 25818 39595 93
2 85577 29764 939
2 10301 96043 899
1 646
2 33142 71250 480
2 54731 21095 849
1 24
2 82435 17867 697
1 696
2 49635 10090 357
2 46250 36637 745
2 55121 45654 779
1 56
1 78
2 30974 87594 953
1 940
2 41907 85720 848
1 473
2 80983 37537 379
1 277
1 718
2 77510 53000 249
1 782
1 34
2 20874 85472 715
1 210
1 403
2 28658 25390 712
1 662
1 660
2 1737 46006 170
1 375
1 132
2 74941 98206 272
2 87528 61439 9
2 35515 84875 543
1 363
1 747
1 403
2 14377 1750 912
2 68138 1442 28
1 800
1 816
2 82472 42519 135
2 245 99173 641
2 45467 9173 946
1 488
2 7568 15167 581
2 63882 63071 79
2 56512 35638 124
2 47827 26960 314
1 65
2 26256 38489 703
2 11448 59800 298
1 640
2 66914 66063 391
2 93418 32735 902
2 43840 56070 387
1 744
1 401
1 202
1 715
2 81442 50229 755
1 576
1 366
1 932
1 314
2 83927 51400 707
1 912
2 72336 19443 143
1 955
2 87813 88591 556
1 427
2 29701 65055 646
2 47257 55873 618
2 24304 54011 535
2 28216 78326 841
1 361
1 130
1 9
2 7490 74324 220
1 512
2 3547 94051 798
2 28719 71856 934
2 25658 94470 198
1 308
2 75580 86566 468
1 413
2 65781 64478 47
2 94049 97133 807
1 85
1 517
2 33540 21659 67
1 530
2 63854 64976 554
2 94557 37561 427
1 265
2 74458 15445 171
2 12903 76108 121
2 51111 56716 505
2 94001 92392 252
1 493
2 29027 57323 734
2 44730 13811 85
2 33498 80471 980
2 66959 81871 414
2 9416 31092 791
2 97592 5 26
1 420
1 200
1 750
1 602
1 983
2 79888 23896 383
1 731
2 79700 87871 798
1 59
1 655
1 805
1 354
1 845
1 811
2 71799 30635 34
1 252
2 55793 56008 628
1 136
1 891
1 776
2 16970 58801 640
1 336
1 603
1 763
2 99521 52429 353
1 890
2 63027 12058 608
2 70746 80496 585
2 68421 29968 963
2 36761 38217 206
1 754
1 820
2 47387 16853 494
1 465
1 965
1 748
2 81966 12580 733
1 988
1 119
1 772
1 821
1 599
2 6838 81749 50
1 844
2 41204 46203 523
2 17175 83954 479
2 96520 90634 372
1 725
1 172
1 136
2 84003 21709 933
1 224
2 59422 13238 444
2 59622 61017 912
1 181
1 714
1 464
2 89056 92265 54
2 59008 64227 180
1 643
1 329
1 515
2 95850 83697 782
2 69131 82265 262
1 894
2 41244 72449 209
1 872
2 44365 33321 685
2 97009 63487 792
2 43090 83825 552
1 614
1 649
2 97557 90171 757
1 300
1 927
2 82260 57310 456
1 759
2 10086 66396 343
1 316
2 83877 72640 772
2 40921 51777 789
2 19712 88103 968
2 10265 87051 40
1 631
2 22390 77595 748
1 248
1 879
1 614
1 956
1 299
2 94714 42926 413
2 27976 47848 629
1 437
1 951
1 512
1 356
2 72049 94999 29
2 65763 63676 545
1 58
2 12293 77421 653
2 40553 86277 403
2 4218 55767 343
2 63471 97733 720
1 622
2 38216 49790 284
2 26878 44851 448
1 120
1 399
1 746
1 876
2 67835 90211 211
1 858
1 37
1 171
1 808
1 53
2 54596 33082 806
2 21607 56416 820
2 65147 10856 52
1 515
2 88020 1254 231
1 294
2 20504 42385 755
2 65984 63390 786
1 600
1 279
2 67144 41809 813
1 88
2 81849 43317 923
1 947
2 58007 10555 583
1 803
1 188
2 11569 58543 603
2 58098 1733 584
1 737
2 837 79419 134
2 40052 65562 513
2 32263 9084 530
1 302
1 548
