1000 1000 1
80868 22980 17264 11568 63217 97715 33997 76341 50647 84570 37908 49621 79312 38308 40924 77464 90758 69395 6705 88448 21916 58522 87759 75736 91702 30623 62287 63099 30319 34703 84542 65745 37882 27708 28210 74624 53000 69329 74314 41417 86859 76241 36799 87858 46200 87212 82979 56033 63837 32321 79054 55307 88605 9646 41478 1511 40928 19762 30152 29185 74843 52298 39058 1144 66072 11062 63213 45760 23445 17950 42052 62899 45668 23564 84952 31596 51052 65643 24487 34311 2925 67615 99784 69374 40850 46381 9526 52395 24330 27558 88347 31832 75592 51294 60548 5322 88593 66304 80080 36719 50599 38856 13444 47838 21563 96171 8125 84877 5084 43602 9649 85604 3231 76716 71028 40467 23373 42824 71272 7484 41216 66304 79249 60608 86444 73724 8132 61460 12228 3067 82382 29369 90755 78210 77735 47368 53118 6113 84583 42087 98094 7465 35168 4667 79717 49745 70104 63696 38489 25596 98128 31171 46791 23463 17040 42445 44897 10799 83350 6957 58439 19653 60693 30393 18279 1897 42241 40831 69284 88559 8997 45095 15284 86030 14142 4329 94823 19228 30232 57315 1527 25893 34998 7613 4213 73487 71807 63535 67004 71787 73029 92246 32325 92931 89196 28398 55001 21604 2948 15506 80925 57242 90736 86607 79204 70728 8827 10434 63510 42505 30412 78606 42513 4799 53296 32287 96400 45044 62793 92014 93627 20172 14853 51348 51971 50606 56768 93923 78663 3231 63797 9529 75773 47344 24454 74024 37247 24822 94495 65201 48219 89942 3862 42446 78458 1948 97925 87656 31091 40309 22255 43478 6364 29091 95652 10347 27535 7374 99765 13893 43864 58463 86324 49691 854 38135 48925 98373 84238 3602 71225 97848 93318 79355 32962 45642 41082 33843 71384 3658 53376 20718 3887 20512 44401 93118 20324 30991 42652 22028 43208 94993 24968 85969 74468 8589 45582 99246 63863 3201 95278 37543 50436 88422 66290 81112 78637 1373 78484 10726 56405 98904 97010 59042 10555 37033 28844 87070 75716 70434 7465 73118 26832 89685 78271 33578 89767 73507 20835 11643 9721 81216 34121 81952 91006 59403 77054 81958 54353 35851 24049 52462 86574 37780 17195 11656 94273 92247 57671 38285 30582 93802 5626 24495 72283 2968 10904 96585 5071 53173 83260 41580 46708 39819 10317 1752 42177 58069 22498 53925 95011 32866 93126 33148 79085 30476 11560 87477 21744 8507 55368 57730 11274 23799 11132 87477 53741 23455 15308 91730 14688 69333 45417 37255 18639 37270 87623 83338 66205 44711 17586 49308 14072 18614 82952 39898 96916 13670 99165 46258 44999 16107 88827 2148 15953 60001 12676 57003 92868 54449 28007 45408 57021 63485 97 99386 51273 49882 75585 95012 74507 28797 24756 2316 8613 7972 76093 46793 60637 33681 44847 57392 99655 32325 13619 49721 65913 25112 48127 9940 62149 50108 12048 43261 55763 91840 85890 76156 57338 70364 34596 88701 62106 72299 26204 70302 93779 97746 73181 73713 34908 22130 69367 47867 4956 90849 29404 27803 2198 17027 4497 42910 19389 49884 67812 11681 90525 61430 31730 35514 64275 4435 12019 27649 74868 17450 80993 20240 97728 97753 20617 60291 68010 94262 70332 28278 30988 74490 22841 45663 42725 23986 86871 67228 33714 40704 22200 98501 83318 94001 46803 91196 45303 13718 97651 68844 9511 96836 74692 42253 71753 72016 51806 31467 29675 47234 37412 84409 59167 51386 96968 60045 57945 81709 20087 45067 99059 94786 16797 69605 41460 63835 53304 7772 95081 3931 9461 46140 42990 14845 31901 37779 45693 68196 82076 54583 66487 97974 99305 26855 59578 6048 9036 50826 67470 9538 5870 20510 51779 66290 73447 2227 23110 27124 32707 72950 93584 71162 2785 8085 8153 2381 2046 60795 67480 14168 75917 23490 80947 9189 7850 79227 51464 3232 88112 76433 46796 10412 67376 22962 47983 89607 66499 31186 6180 23688 72745 80707 97643 88346 57767 90218 78592 67214 80336 45508 99722 24812 15873 39996 86871 63342 65720 14292 35996 94684 93129 80598 10475 295 9690 32652 63536 25636 86712 33699 78236 44184 53211 84285 18304 13742 36478 13377 21618 41925 16195 18185 57562 91872 2582 27343 85079 93752 23059 60721 1331 46839 90995 56211 66787 51053 19825 8374 82271 74321 41219 73988 84420 28430 94605 13807 83009 23665 17383 75272 45273 67054 70370 42439 41454 99140 15227 90716 59981 12269 46405 18990 10815 78675 68353 78091 66414 13099 70098 95911 48965 22572 55229 67098 79514 63705 45632 86370 35571 76375 24729 98425 15173 68442 23371 41144 28716 43420 52747 87820 79628 84982 87587 21148 85372 54948 28239 73577 83185 58301 83667 55735 81900 11538 99729 44484 41444 62119 30171 68242 34518 44807 73108 11630 75520 27831 39321 50218 87016 68 99383 23824 21693 61584 49287 3817 62317 92939 88401 19169 36697 37070 63935 69775 24172 93682 31011 83365 57761 40358 19579 5925 27044 92280 90145 4643 55783 34920 64268 92537 60905 2033 88539 84162 55891 37551 11042 90608 24749 24635 89701 74991 95723 19594 99596 98504 97443 10149 61271 84091 6375 44978 78938 69052 1064 57282 87072 7941 148 36985 27885 67858 16369 91904 63253 44593 99434 97043 42770 59348 41073 70695 46507 15859 52146 89053 30198 18790 6964 77258 74508 91131 45462 92667 48516 73035 71005 34201 22581 9596 41482 94334 10669 99070 66874 4309 94755 90553 85891 4447 97977 30269 63298 97557 32450 70797 4130 51777 41075 27255 76094 68923 17381 4834 80643 61067 88338 15231 97074 95991 78518 10679 86126 16416 43974 22077 14550 12925 62229 99498 94631 73316 5375 79519 28742 19135 63597 12938 74649 23715 6223 2446 10085 70375 42807 69654 38988 71924 69760 12737 54171 2589 80807 92524 66944 30757 6632 90841 33340 52381 95700 87932 29834 2499 54621 99620 17126 5249 46343 36858 37531 76736 81569 72073 65048 89993 57917 51491 27816 33968 57864 64590 36971 63082 73448 28492 95339 82954 93835 39582 59841 66962 48323 66097 39784 41695 10568 63342 3607 71497 98438 53519 40083 26801 1601 80233 15180 13008 20687 96495 72518 32800 60152 86203 89289 35725 52979 98220 2494 64399 20560 91192 5819 84543 51821 52179 20223 53611 21669 27061 71270 51546 55683 54116 92279 9633 25626 25228 47661 46102 5483 36087 82093 9917 
1 2 2039
2 3 21667
3 4 26761
4 5 13703
5 6 4398
6 7 24645
7 8 3855
8 9 10226
9 10 16694
10 11 3732
11 12 19499
12 13 3779
13 14 20366
14 15 17252
15 16 5486
16 17 26137
17 18 29038
18 19 8798
19 20 30198
20 21 27244
21 22 6142
22 23 9306
23 24 24126
24 25 30995
25 26 24261
26 27 7184
27 28 9786
28 29 23049
29 30 15972
30 31 28144
31 32 30116
32 33 22256
33 34 22404
34 35 32590
35 36 1681
36 37 17238
37 38 27149
38 39 8386
39 40 30279
40 41 23096
41 42 19608
42 43 30671
43 44 6226
44 45 5316
45 46 30760
46 47 11202
47 48 32725
48 49 24163
49 50 31764
50 51 23005
51 52 13087
52 53 18935
53 54 28232
54 55 5301
55 56 15742
56 57 11361
57 58 11182
58 59 29401
59 60 4952
60 61 16455
61 62 31974
62 63 28852
63 64 31863
64 65 14100
65 66 29501
66 67 10677
67 68 30885
68 69 23360
69 70 4573
70 71 11437
71 72 21113
72 73 10193
73 74 5953
74 75 28536
75 76 21616
76 77 31010
77 78 31468
78 79 9695
79 80 21567
80 81 15075
81 82 29531
82 83 32701
83 84 2152
84 85 14177
85 86 6200
86 87 4705
87 88 23564
88 89 27655
89 90 29904
90 91 28980
91 92 13568
92 93 1829
93 94 7879
94 95 14747
95 96 24611
96 97 29425
97 98 9482
98 99 5663
99 100 6126
100 101 4556
101 102 27398
102 103 31948
103 104 22860
104 105 4038
105 106 17432
106 107 11478
107 108 31404
108 109 28003
109 110 25412
110 111 12163
111 112 14677
112 113 10144
113 114 29481
114 115 24644
115 116 12538
116 117 8497
117 118 27188
118 119 16421
119 120 29071
120 121 12557
121 122 28437
122 123 6248
123 124 10075
124 125 31276
125 126 24943
126 127 12397
127 128 2381
128 129 28815
129 130 23252
130 131 6870
131 132 403
132 133 12162
133 134 15344
134 135 24040
135 136 17513
136 137 1310
137 138 6660
138 139 31539
139 140 18735
140 141 22289
141 142 8343
142 143 6773
143 144 22975
144 145 17570
145 146 15208
146 147 23484
147 148 11261
148 149 10735
149 150 7334
150 151 5323
151 152 14768
152 153 26745
153 154 29539
154 155 32191
155 156 19088
156 157 6371
157 158 26183
158 159 4338
159 160 25759
160 161 2551
161 162 9857
162 163 8736
163 164 5821
164 165 12522
165 166 12035
166 167 28872
167 168 20855
168 169 28385
169 170 1007
170 171 14805
171 172 16929
172 173 20403
173 174 1612
174 175 3198
175 176 25636
176 177 9713
177 178 12286
178 179 26219
179 180 15512
180 181 10276
181 182 19445
182 183 23321
183 184 29718
184 185 29525
185 186 32420
186 187 19071
187 188 17095
188 189 5843
189 190 12981
190 191 27378
191 192 25281
192 193 3376
193 194 15867
194 195 10822
195 196 31892
196 197 18061
197 198 21160
198 199 10806
199 200 16927
200 201 10263
201 202 4288
202 203 23557
203 204 11177
204 205 9426
205 206 19405
206 207 32614
207 208 2861
208 209 21398
209 210 22741
210 211 2202
211 212 27124
212 213 9815
213 214 30857
214 215 12760
215 216 25705
216 217 9897
217 218 12735
218 219 15345
219 220 30762
220 221 23426
221 222 12322
222 223 8756
223 224 30811
224 225 15426
225 226 31528
226 227 17807
227 228 7231
228 229 21746
229 230 6469
230 231 21240
231 232 23561
232 233 32713
233 234 29535
234 235 26891
235 236 4079
236 237 22517
237 238 3201
238 239 16629
239 240 1409
240 241 18840
241 242 25043
242 243 24208
243 244 32569
244 245 25360
245 246 1738
246 247 3023
247 248 21075
248 249 19323
249 250 20892
250 251 9053
251 252 5854
252 253 634
253 254 11255
254 255 28289
255 256 7700
256 257 19766
257 258 23538
258 259 6725
259 260 8935
260 261 29857
261 262 22852
262 263 2007
263 264 26844
264 265 14591
265 266 691
266 267 31791
267 268 15644
268 269 7844
269 270 18384
270 271 29426
271 272 3529
272 273 30719
273 274 6882
274 275 6295
275 276 2958
276 277 20695
277 278 16160
278 279 12232
279 280 2426
280 281 7893
281 282 18211
282 283 26123
283 284 3854
284 285 23363
285 286 22426
286 287 23457
287 288 20628
288 289 27155
289 290 576
290 291 25262
291 292 435
292 293 29219
293 294 19723
294 295 14747
295 296 13889
296 297 2751
297 298 14758
298 299 17593
299 300 17752
300 301 25192
301 302 24866
302 303 2855
303 304 25260
304 305 17107
305 306 30697
306 307 31477
307 308 25115
308 309 5685
309 310 19955
310 311 14473
311 312 22918
312 313 20926
313 314 7996
314 315 32066
315 316 5344
316 317 26979
317 318 18549
318 319 18780
319 320 4228
320 321 12513
321 322 13305
322 323 27924
323 324 28108
324 325 19967
325 326 4868
326 327 11532
327 328 5599
328 329 8211
329 330 14111
330 331 1520
331 332 32458
332 333 16583
333 334 8159
334 335 21338
335 336 18131
336 337 541
337 338 4303
338 339 24051
339 340 6665
340 341 3505
341 342 17323
342 343 5340
343 344 5664
344 345 2367
345 346 2767
346 347 30284
347 348 8316
348 349 25700
349 350 30702
350 351 27514
351 352 25228
352 353 13225
353 354 23303
354 355 7101
355 356 24665
356 357 15549
357 358 11669
358 359 31473
359 360 23903
360 361 6146
361 362 15879
362 363 5918
363 364 923
364 365 2891
365 366 12143
366 367 26964
367 368 229
368 369 485
369 370 8574
370 371 11737
371 372 3712
372 373 17876
373 374 5296
374 375 1927
375 376 5872
376 377 24158
377 378 24260
378 379 29295
379 380 28171
380 381 14286
381 382 17263
382 383 18882
383 384 20307
384 385 30834
385 386 1361
386 387 25842
387 388 5763
388 389 9958
389 390 808
390 391 4116
391 392 26216
392 393 1428
393 394 13636
394 395 25481
395 396 12786
396 397 18300
397 398 7995
398 399 16093
399 400 23435
400 401 561
401 402 2525
402 403 27375
403 404 24231
404 405 292
405 406 6506
406 407 10066
407 408 14237
408 409 24101
409 410 5123
410 411 9972
411 412 32181
412 413 807
413 414 27743
414 415 16381
415 416 25474
416 417 31044
417 418 25791
418 419 21242
419 420 4466
420 421 10497
421 422 24100
422 423 11579
423 424 3747
424 425 28626
425 426 10175
426 427 27257
427 428 11256
428 429 12001
429 430 25257
430 431 6589
431 432 9581
432 433 14091
433 434 19924
434 435 10620
435 436 28071
436 437 13867
437 438 3650
438 439 24327
439 440 22480
440 441 2460
441 442 18292
442 443 23843
443 444 5025
444 445 6649
445 446 6182
446 447 32243
447 448 12224
448 449 9255
449 450 20281
450 451 1055
451 452 5709
452 453 5014
453 454 27889
454 455 26415
455 456 14263
456 457 20931
457 458 17504
458 459 16184
459 460 22485
460 461 12034
461 462 20770
462 463 5051
463 464 12594
464 465 18554
465 466 5451
466 467 4554
467 468 25256
468 469 3953
469 470 5022
470 471 28012
471 472 23344
472 473 21962
473 474 14848
474 475 29251
475 476 14328
476 477 971
477 478 20524
478 479 1900
479 480 18614
480 481 23332
481 482 16039
482 483 10919
483 484 11837
484 485 27437
485 486 16887
486 487 9912
487 488 18253
488 489 6768
489 490 24080
490 491 2317
491 492 24496
492 493 26983
493 494 9743
494 495 6816
495 496 21890
496 497 21127
497 498 11306
498 499 24607
499 500 10449
338 501 56039
20 502 94541
314 503 280
12 504 29169
429 505 92541
256 506 821
431 507 99958
31 508 52249
253 509 82086
93 510 93764
75 511 52308
290 512 58304
158 513 36013
29 514 27672
26 515 46849
378 516 80833
354 517 28097
427 518 63342
141 519 34664
305 520 39098
265 521 36207
201 522 93250
418 523 86294
447 524 72296
104 525 73090
517 526 34545
341 527 61018
106 528 81288
245 529 68681
429 530 28890
407 531 88639
427 532 32791
505 533 78416
217 534 84567
79 535 18323
5 536 34931
291 537 42212
93 538 23175
233 539 35427
508 540 88983
186 541 32978
216 542 60231
34 543 30139
103 544 79585
403 545 40552
520 546 22995
495 547 74185
388 548 22510
321 549 84370
298 550 88745
265 551 60602
313 552 48091
188 553 55262
314 554 86757
77 555 27419
370 556 50182
346 557 86231
153 558 34244
338 559 25113
530 560 95498
166 561 80044
78 562 85957
76 563 50912
263 564 81637
52 565 10697
195 566 50242
414 567 45182
483 568 39125
114 569 74587
466 570 19962
357 571 2528
452 572 91061
168 573 30416
371 574 1706
199 575 95283
557 576 82339
288 577 89972
158 578 86638
423 579 4419
356 580 47165
302 581 18420
91 582 83172
528 583 90462
159 584 52414
175 585 28541
4 586 28008
169 587 89937
327 588 26725
301 589 55549
103 590 60504
255 591 71625
93 592 71661
288 593 84096
27 594 91952
24 595 49362
25 596 54132
345 597 23091
181 598 45486
281 599 12891
591 600 41144
434 601 16356
334 602 37807
73 603 31599
68 604 57876
351 605 19135
457 606 13934
163 607 37947
524 608 423
198 609 70833
362 610 88875
94 611 53230
149 612 30476
195 613 51271
424 614 18593
56 615 89043
464 616 67810
428 617 49966
416 618 5389
188 619 31288
254 620 75908
508 621 51252
581 622 1709
129 623 90762
259 624 58353
131 625 49285
586 626 18909
264 627 6966
264 628 85828
251 629 51279
484 630 18619
261 631 77192
87 632 83900
123 633 37661
78 634 23268
31 635 21902
100 636 65109
572 637 9406
73 638 52532
117 639 90165
551 640 84107
517 641 2462
248 642 43560
542 643 52650
389 644 89949
90 645 25963
591 646 41630
641 647 62969
414 648 53606
249 649 31504
250 650 56467
352 651 83504
263 652 98821
121 653 7324
186 654 13475
26 655 98204
345 656 182
318 657 78588
11 658 78923
452 659 97578
593 660 26997
254 661 47355
646 662 72682
151 663 79174
338 664 52129
469 665 65192
313 666 64730
80 667 47295
25 668 30262
405 669 62383
414 670 13242
493 671 58560
393 672 34481
62 673 62365
162 674 30023
259 675 92886
457 676 17614
69 677 94592
78 678 24253
471 679 36912
580 680 43660
16 681 25251
44 682 95034
201 683 60569
354 684 47431
551 685 12021
67 686 33370
486 687 75103
669 688 29308
531 689 83971
538 690 69434
311 691 85999
266 692 20552
250 693 65112
145 694 46937
629 695 92694
157 696 12455
112 697 78147
473 698 99761
263 699 72576
44 700 52728
563 701 48208
86 702 26274
624 703 75163
98 704 69047
143 705 11693
625 706 11238
655 707 22388
590 708 72801
357 709 3589
435 710 4029
596 711 50264
68 712 13651
695 713 17767
299 714 84065
363 715 12563
79 716 95722
13 717 50207
670 718 40722
144 719 46195
633 720 96003
17 721 42939
346 722 20650
384 723 47781
400 724 74939
327 725 23879
455 726 95305
13 727 7958
383 728 73327
84 729 94160
110 730 74922
192 731 29779
428 732 9883
522 733 68163
730 734 38186
518 735 72008
158 736 21662
569 737 95181
667 738 75591
723 739 31363
99 740 22132
199 741 12412
281 742 43933
722 743 67825
536 744 81082
432 745 86556
199 746 86538
172 747 46110
435 748 44781
217 749 41211
362 750 202
26 751 83577
77 752 3051
328 753 49412
633 754 77435
243 755 36973
298 756 24015
185 757 33926
657 758 40634
571 759 64360
202 760 44887
417 761 34253
256 762 20419
641 763 59990
246 764 10176
562 765 26854
148 766 53779
232 767 81126
686 768 42599
764 769 23103
426 770 53288
327 771 26435
723 772 50345
597 773 33028
669 774 90527
9 775 23323
643 776 12579
625 777 83714
263 778 16244
205 779 33370
609 780 12114
34 781 29767
265 782 73092
483 783 44751
373 784 66259
311 785 48126
692 786 53645
159 787 96357
592 788 85284
712 789 81814
476 790 11436
719 791 93930
297 792 10176
351 793 50524
557 794 99229
106 795 51723
703 796 29285
319 797 9147
168 798 94206
308 799 67316
318 800 42000
665 801 58306
684 802 65483
284 803 6867
579 804 49471
357 805 59357
289 806 74017
153 807 96277
391 808 18285
764 809 63033
775 810 43518
732 811 75303
274 812 7864
203 813 69668
364 814 82239
593 815 87158
227 816 52253
768 817 16585
171 818 88480
231 819 89038
143 820 1658
792 821 54104
429 822 37919
709 823 95933
506 824 70282
718 825 87707
622 826 41560
372 827 4240
484 828 8427
237 829 43425
795 830 73257
635 831 46260
763 832 52027
718 833 9365
785 834 42382
470 835 2997
709 836 11605
317 837 27079
701 838 57381
196 839 4001
204 840 72183
751 841 34785
687 842 49386
596 843 60421
522 844 96959
514 845 53138
42 846 48795
56 847 8366
661 848 38408
146 849 83174
283 850 52276
481 851 81512
398 852 72529
241 853 61066
395 854 66643
337 855 76994
650 856 885
30 857 88843
226 858 26740
338 859 33223
456 860 99571
521 861 65367
127 862 70325
580 863 66340
442 864 82822
284 865 97306
795 866 37907
83 867 15784
578 868 96013
406 869 57217
7 870 29002
606 871 51422
187 872 51651
28 873 27354
457 874 71415
89 875 69940
205 876 98599
474 877 75729
29 878 35736
755 879 49463
868 880 74996
573 881 32755
62 882 66185
692 883 38580
753 884 82633
762 885 63853
771 886 69640
23 887 27319
736 888 10433
431 889 58605
360 890 84978
660 891 28878
147 892 3803
777 893 94303
655 894 22915
787 895 43238
100 896 42835
4 897 32400
206 898 82264
733 899 17388
502 900 94789
185 901 173
189 902 51855
399 903 39500
619 904 6960
305 905 18244
656 906 30757
391 907 62996
138 908 53999
694 909 49473
639 910 6038
180 911 42481
864 912 94177
17 913 2705
693 914 53055
91 915 66864
527 916 33058
369 917 65378
189 918 91774
337 919 28125
341 920 50894
673 921 56383
874 922 70192
844 923 97831
652 924 53284
886 925 91383
406 926 12113
101 927 65465
790 928 91392
260 929 10263
629 930 31071
221 931 39840
576 932 9023
264 933 86026
600 934 38038
657 935 73163
796 936 4733
368 937 26783
381 938 83027
724 939 78981
47 940 98713
548 941 66530
148 942 15317
218 943 84988
840 944 49615
269 945 19712
98 946 8630
936 947 74685
648 948 6844
597 949 68615
406 950 6773
487 951 29493
713 952 12605
868 953 19619
333 954 54415
426 955 30288
602 956 74575
248 957 92289
284 958 8192
282 959 75804
445 960 45934
733 961 73934
603 962 80070
337 963 73350
176 964 47161
29 965 15992
553 966 94045
922 967 84443
230 968 46060
583 969 30475
84 970 56739
192 971 6407
501 972 81316
635 973 56980
60 974 50260
955 975 76249
148 976 39006
851 977 95744
389 978 28654
231 979 8731
590 980 14135
766 981 9245
540 982 1326
875 983 45405
656 984 56588
640 985 58583
370 986 84207
734 987 41931
783 988 35994
95 989 67227
243 990 59473
493 991 37361
755 992 65790
367 993 9975
166 994 8591
482 995 66365
916 996 84885
370 997 9399
215 998 15622
622 999 7068
217 1000 32092
1 992
1 766
1 899
1 858
2 47163 75541 474
1 474
1 328
1 18
2 6432 19147 253
2 684 6597 998
2 57211 33303 248
1 297
2 71978 89777 62
1 392
1 556
2 34000 1762 115
2 86749 17582 44
2 19231 97720 987
2 12338 32337 148
2 35099 74736 912
1 309
1 71
1 233
1 153
1 859
2 36971 13867 305
2 65109 82340 744
2 93498 16916 325
2 31206 61675 283
1 96
2 15159 15393 571
2 2919 65229 220
2 66594 66867 356
2 10936 11315 357
1 153
1 321
2 42462 18816 44
2 39649 59555 223
1 359
2 32492 74599 184
1 702
2 96194 4702 491
2 91254 95512 636
2 27305 19978 692
1 612
1 173
2 8858 3345 505
2 14569 62652 434
1 62
1 562
1 667
1 703
1 543
2 23515 24763 295
1 843
1 850
1 900
2 89995 32776 231
2 43272 3346 684
2 97996 15246 156
2 67607 21293 947
2 73258 30438 160
1 810
2 21911 95781 574
1 659
2 53810 65145 870
1 879
1 636
2 38280 41316 598
2 43529 17016 484
2 10102 65293 702
1 852
1 648
2 91199 40434 594
2 84302 56378 555
2 16458 84689 273
1 574
1 791
1 262
2 49906 67652 763
2 70207 24930 936
2 38574 45244 191
1 896
2 67043 69828 330
1 60
2 71458 33296 602
2 68363 2221 876
2 88452 71076 900
1 423
1 343
2 82671 36850 930
2 71550 71212 194
2 90263 49542 874
2 21940 12540 41
1 41
1 992
2 29134 17631 320
2 51601 70231 123
1 894
2 96990 39784 298
1 437
2 51556 65520 359
1 854
2 51777 52825 58
1 385
2 1102 99960 857
1 455
2 2844 32041 239
1 252
1 464
2 4420 98835 27
1 962
1 599
1 761
2 35964 99989 101
1 419
2 45533 90950 438
2 19072 61555 889
1 799
1 816
1 533
2 32042 2032 483
1 108
2 43409 87503 52
2 2598 8847 995
1 700
2 88008 48602 16
2 41811 53169 18
1 547
2 4190 96239 221
2 90057 6082 348
1 952
1 591
2 56510 34736 757
2 23561 10930 428
1 171
1 151
1 529
2 69563 65536 314
2 45625 16625 369
2 71889 17597 822
1 537
1 907
1 939
1 292
1 516
1 716
1 670
1 439
2 45984 72526 528
2 47473 99547 140
1 680
2 11401 26007 364
1 869
2 17877 45254 731
1 626
1 297
2 56145 63988 509
1 726
1 178
2 20981 55999 195
2 64181 55331 32
1 506
1 500
1 965
1 15
2 12838 68641 288
1 196
2 4336 1941 989
2 46480 44335 197
2 31377 33789 339
2 90174 9054 792
1 144
1 278
1 91
1 20
2 16374 97905 575
2 71119 49747 108
2 12485 58999 647
2 30844 55027 623
1 171
2 35794 9356 601
1 511
1 465
1 197
1 785
2 82742 60520 70
1 103
1 777
1 349
2 62397 75994 255
2 75858 56096 848
2 41683 4310 104
2 25354 20823 610
1 64
2 53172 23696 638
1 513
2 90875 93802 706
2 78949 12437 700
2 88503 46140 685
2 11443 96438 806
1 212
1 791
2 40647 7977 856
2 89913 45826 173
1 190
2 12077 39718 495
2 88677 65557 568
1 815
1 921
2 6795 13746 355
2 89566 38380 981
2 54620 73904 510
1 454
2 89934 71869 121
2 12831 45781 430
1 39
1 120
2 94244 42936 901
1 244
1 505
2 57523 4409 694
2 73295 64661 183
1 583
1 608
1 139
1 189
1 948
2 20670 71670 481
2 27530 54361 338
1 363
2 28562 1702 229
1 215
2 61373 76424 802
1 34
1 120
1 708
2 45055 38644 499
2 33261 67521 392
1 332
2 94886 16657 926
1 4
2 58613 99657 565
2 61211 23805 823
1 682
1 359
2 19874 68544 327
2 34555 55055 954
1 595
2 87816 88407 28
2 99465 14637 997
1 583
1 650
2 49821 15351 906
2 79765 90452 23
1 87
2 19298 96523 468
1 134
2 96780 12618 241
1 701
2 89661 38779 538
1 481
2 84350 61648 700
2 45905 15178 121
1 213
2 95977 28332 471
1 336
2 7505 33614 277
1 609
1 19
1 320
1 755
2 62016 65715 144
1 484
1 656
1 450
1 611
2 82214 87090 590
1 613
2 60818 5160 610
1 626
1 260
1 769
2 68953 41787 390
1 502
1 341
2 144 41564 462
1 918
2 84008 88328 708
1 140
2 12666 88622 571
1 225
2 88993 55073 674
1 452
2 78726 79019 181
2 23536 61386 725
1 354
2 67140 20287 23
2 20741 44039 891
2 47140 4416 144
1 776
2 50623 17597 682
1 176
2 39791 3242 302
2 47511 31478 690
2 26937 34734 466
2 55893 36996 172
1 232
2 32114 70195 300
2 63085 19650 551
2 4523 69264 958
2 7022 4802 306
1 204
1 971
2 83386 62801 443
1 34
1 455
1 327
2 93246 52511 835
2 46268 72063 843
1 448
2 14597 6639 948
2 10149 96829 341
1 802
2 37041 84373 883
1 624
1 893
1 152
1 932
1 421
2 23218 89099 449
1 691
1 481
2 13006 38907 780
1 723
2 65803 96958 674
2 35066 66172 961
1 740
1 690
2 82611 73301 959
1 212
1 879
1 551
1 997
2 57335 95080 216
2 68411 89268 613
1 309
2 42701 72128 302
2 37526 58093 572
2 42557 67047 978
1 564
1 986
1 871
2 96169 12711 802
1 390
1 627
1 113
2 63118 75400 310
1 339
2 68193 87037 991
1 135
1 395
2 54344 73954 353
1 559
2 53924 3764 105
2 12202 75069 799
2 10909 16039 74
2 28029 59252 683
2 83920 51918 474
2 48766 38943 809
2 68628 61207 783
2 3521 86186 558
1 798
2 66871 98344 876
1 100
1 211
2 8953 98352 158
2 72692 31234 819
2 76178 26398 607
2 31854 75346 515
1 244
1 878
2 95165 12108 50
2 55386 96897 610
1 172
1 583
1 726
2 9311 25225 331
1 144
2 90998 88599 12
1 231
1 494
1 483
2 65737 51331 96
1 950
2 50095 2474 86
1 803
1 132
1 540
1 6
1 617
2 13384 46103 990
2 68473 38138 908
1 9
2 31405 27358 272
1 223
2 41081 35307 537
2 93432 87692 54
1 276
1 536
1 188
2 75847 23363 330
2 12724 46554 682
1 153
1 702
2 28947 75622 947
1 42
1 207
2 1551 17133 498
1 499
1 86
2 9068 43438 570
2 28290 72906 920
1 690
1 143
2 3693 25578 127
1 261
1 741
2 88927 31748 20
2 41691 41895 345
2 38747 13780 444
2 5198 1870 811
2 38055 87640 389
1 472
1 283
1 659
2 63853 85870 231
1 640
2 81569 94223 332
1 582
2 45420 95676 1
2 34418 89550 969
1 370
1 672
2 35460 14905 950
2 34014 69093 74
1 907
1 579
1 717
2 56461 94178 978
2 83241 96684 930
2 16530 97914 690
2 36601 5550 559
2 29359 9774 954
2 2156 78467 143
1 103
2 85671 70690 497
2 23191 28341 829
2 72348 60003 756
1 403
1 638
2 39626 72767 198
2 87058 16337 562
1 443
1 416
1 879
2 20241 51078 134
2 41815 14736 697
1 506
1 197
1 788
2 98936 22034 768
2 86252 72266 155
1 397
1 215
2 53879 85268 121
2 88252 95833 405
1 91
2 42636 80857 642
2 33648 99628 979
1 442
2 69737 69153 983
2 19132 75936 827
2 14372 73235 539
2 99141 41056 481
1 853
2 46288 1734 432
1 377
1 26
1 730
1 317
1 855
1 568
1 128
2 24954 45796 100
2 5822 6194 826
2 56976 6024 396
1 383
2 84199 20410 410
1 7
1 179
2 11301 31036 640
1 986
1 811
1 845
2 17767 32787 41
2 88975 2373 412
2 85050 98444 128
1 348
1 210
1 57
2 70006 6326 978
1 4
1 822
2 53353 5728 555
2 87247 43569 32
2 46544 74007 81
2 51135 60374 950
2 52210 70168 675
1 753
2 15468 9061 876
1 347
1 886
2 30162 92452 379
1 592
2 21664 33082 962
1 234
2 61043 57545 895
2 86153 88170 560
1 963
2 83370 95368 61
2 22643 33578 924
1 454
1 777
2 20475 73448 944
1 130
2 36161 24075 11
1 551
2 50220 69040 486
2 31719 7809 390
2 426 59517 816
2 27381 97109 858
2 6762 57023 717
1 268
2 20208 90042 807
1 592
2 93466 61534 255
2 90786 66201 344
1 921
1 468
1 746
1 228
1 383
1 289
2 32892 98373 489
1 854
1 998
2 77519 70374 709
1 970
2 19024 78806 728
1 186
1 474
2 9833 48960 676
1 377
2 93279 36107 186
1 724
1 449
1 950
2 73711 11929 982
1 169
1 820
2 54822 12547 63
1 628
1 474
1 334
1 391
1 407
1 539
1 368
2 23585 53896 182
1 989
2 34424 34959 402
1 421
1 389
1 145
1 275
1 448
1 55
1 962
1 691
1 209
2 62930 84130 562
1 565
1 450
1 218
1 7
1 55
1 755
2 90877 42476 475
2 35679 95825 373
2 75913 88675 115
1 765
1 140
1 168
1 639
1 403
2 4125 1451 910
1 623
1 869
1 715
2 43331 56496 304
2 69832 30019 470
2 83705 14434 486
2 20625 69497 110
1 819
1 575
1 647
1 532
2 86824 98231 366
2 23478 86409 424
2 50603 40308 979
2 46299 49598 46
1 486
1 684
1 988
2 42853 97108 609
1 48
1 994
1 645
1 22
2 73754 38706 965
1 819
2 37942 50841 132
2 11289 68865 683
1 949
1 785
2 58395 2223 137
1 606
2 35154 74684 388
1 935
1 867
1 443
1 706
2 92691 82567 450
1 195
1 143
1 368
2 22713 13341 482
2 75463 7646 709
2 83786 96256 188
1 361
2 15864 15351 196
2 63313 97357 724
2 23289 8118 91
2 61553 19764 738
1 874
2 62451 25212 917
2 28238 16358 846
1 577
2 55974 68961 259
2 38498 91921 67
1 502
2 73799 5606 77
2 52420 5384 909
2 45839 22844 793
2 36351 73260 862
2 61007 58853 582
2 60253 33435 292
1 809
2 71659 5319 341
2 59200 38457 196
1 237
1 895
2 51095 41286 255
1 181
2 86109 98091 686
2 34730 83934 236
1 381
1 842
1 283
2 2193 62938 528
2 57953 38902 963
2 45695 62379 117
2 17580 96990 573
1 118
2 40717 11195 636
2 41119 44110 784
2 99289 59190 293
2 59902 42121 339
1 934
2 2601 48566 93
2 76190 91083 735
2 56599 8361 269
2 11672 35162 393
2 38251 8776 1000
2 42491 8675 711
1 666
2 66262 94586 441
2 88872 20593 18
2 32284 23496 398
2 68544 18527 235
2 56806 95325 272
2 73413 1132 867
2 84216 60855 499
2 62 5683 311
2 43704 47987 125
1 339
1 711
1 506
2 62822 46063 59
1 364
2 45333 83842 776
1 940
1 68
1 370
1 292
2 8676 14081 145
2 63973 61972 448
2 12775 50690 563
2 66484 77290 772
2 43451 33677 287
1 405
1 135
1 147
2 54488 41954 670
1 891
1 226
1 820
1 473
2 30297 12125 932
2 8869 36707 762
1 568
1 31
1 893
2 58419 83685 337
2 96914 51262 496
2 13427 15371 883
2 9110 20607 584
1 960
2 95254 50809 557
2 24715 40889 902
2 61805 52001 253
2 25692 83251 360
2 64827 25785 289
2 62645 52029 672
2 94101 33200 910
2 82381 45028 451
2 22864 16529 176
1 718
2 90317 21555 400
1 705
2 44108 4857 870
2 81277 63943 186
2 77629 71490 176
2 50873 56119 939
1 505
2 26302 13963 977
2 61087 63880 201
2 1471 82098 891
2 47214 59530 548
1 363
2 45917 242 92
2 11147 91722 650
1 282
1 890
1 714
1 330
1 262
1 336
1 115
1 277
1 900
2 34232 41842 436
1 744
1 337
2 88919 10181 291
2 25596 2116 832
1 250
1 158
1 266
1 392
1 646
1 912
2 64498 77111 884
2 71076 87131 651
1 955
2 63064 40603 905
2 99355 5768 206
2 16120 25878 832
2 29729 16634 323
2 74313 83468 140
1 481
1 442
1 91
2 17459 26851 520
1 300
1 410
2 75799 91898 778
2 69230 3522 36
1 420
2 7597 99458 363
1 363
2 48571 65489 475
2 3694 24605 694
2 57124 54412 868
1 948
2 28331 86262 374
2 2851 69974 283
1 150
2 2109 97616 671
2 28100 21138 704
1 851
1 648
2 4068 70165 25
1 966
2 78434 53729 671
2 62211 37294 588
1 705
1 536
2 75800 37572 248
2 99625 70160 297
1 95
1 282
2 88161 85249 646
1 995
2 35596 2590 565
1 574
2 2904 3714 268
2 44708 79958 353
2 64735 56481 885
2 12665 9205 424
1 268
1 838
2 8256 63357 560
1 893
1 708
1 452
2 70926 90499 257
1 420
2 6334 91068 219
2 7220 72554 836
2 67230 96398 153
1 828
2 46203 35486 361
2 96706 92205 925
2 4030 16401 680
1 545
2 42366 90526 419
1 767
2 74341 16982 158
2 4924 66358 368
1 90
1 525
2 66337 80482 514
1 25
2 20347 16999 744
2 34904 17830 346
2 18286 295 610
2 87557 21814 230
1 409
2 84865 73897 921
2 52041 86791 300
1 954
2 67523 33515 360
1 241
2 59897 37062 580
1 629
1 3
1 77
2 36914 90793 599
2 43689 46799 991
2 52980 11763 369
1 1000
2 90275 19995 527
1 98
2 83531 67347 860
1 353
1 665
2 56105 24109 463
2 58021 75744 570
1 559
2 2739 38190 664
1 603
2 9067 6612 384
1 599
2 33369 6688 721
2 58908 58299 432
1 363
2 27924 93067 437
1 552
2 38065 46138 742
1 884
1 295
1 464
1 107
1 941
2 61245 60543 30
2 2324 27024 8
1 826
2 64613 66784 307
1 597
2 73565 6651 184
2 15807 24163 110
1 357
2 48736 46028 851
1 461
1 910
1 1000
2 87134 60689 794
2 35153 68676 361
1 903
1 557
2 81411 42015 514
2 58424 9634 108
2 5300 46166 654
1 672
1 172
2 67000 42935 186
2 72374 95294 198
2 18309 74861 539
1 171
1 579
1 830
2 20245 25547 247
2 36496 33307 831
2 1993 48464 636
1 89
2 23056 21881 255
2 72092 80087 644
2 24304 82667 967
1 634
2 27068 87650 215
1 458
1 529
1 549
2 72442 34689 909
2 48516 51649 693
2 90253 93439 167
1 196
2 77901 25141 745
1 81
2 80945 44166 267
1 933
1 418
1 790
1 969
2 97310 11845 565
2 27421 12594 35
2 30673 98666 624
2 96436 97103 511
2 35528 85410 77
1 406
2 11232 56575 961
2 5158 43607 465
1 787
2 472 59613 718
1 4
2 4324 33736 805
2 85652 69648 115
2 82512 42637 85
1 749
2 42224 65360 492
2 77918 23827 789
1 696
1 875
1 162
2 69398 22843 233
1 755
1 323
2 88275 74355 139
2 21701 38042 925
2 29275 54682 289
2 25709 61340 269
1 505
1 996
2 62320 53281 682
1 287
2 52863 53421 547
2 59009 19620 723
1 156
1 50
2 88435 22477 604
1 493
2 1167 96355 120
1 443
2 48022 69650 427
1 928
1 580
1 962
2 84230 34621 737
1 342
1 472
2 17013 85044 334
1 659
2 59554 58627 777
1 211
1 402
2 75169 59891 812
2 9472 81319 891
1 795
