1000 1000 0
20889 45558 92383 93582 80247 81191 32097 90721 35191 1532 48024 13631 56472 65505 62742 49179 72679 96314 4961 89636 13719 34777 56504 20144 89068 99624 68505 67087 86451 17958 9832 26508 32231 19801 75583 41643 68899 37196 59601 61446 46307 61661 5602 1030 15773 67387 37551 26932 67353 44096 36567 86243 82500 76402 87903 45 99741 66310 62686 73024 27627 29186 5880 79933 54711 1814 26184 1940 15255 64146 61120 78412 88900 22767 14640 51428 58627 85433 53055 30828 3427 14900 81944 46934 79659 78858 99869 41354 18542 3551 37235 85980 64363 76463 85448 71880 38241 40892 88506 57438 12240 96751 29045 21814 36748 84007 46685 4425 26157 45436 53220 68290 40693 64516 60839 56113 71869 57340 86250 96298 22374 59907 29007 15907 49354 64369 71291 40621 50824 64874 61082 78086 3636 96228 72157 53774 7717 29856 48471 10939 22142 61856 32834 49624 55345 92837 12751 96986 76641 43420 62323 66283 76821 55757 99659 28660 23965 39910 64714 40802 4544 55823 88231 77935 82367 66199 41640 51110 37762 95618 89850 82843 23851 26036 70330 41050 434 22886 91876 93478 29562 86743 97588 5235 55422 1831 91104 3102 11488 42131 54008 51898 1852 5432 1255 63082 23301 30056 16869 8712 17036 27941 19251 34908 31686 14611 93265 26862 88289 95760 67118 87592 82594 81069 69498 19604 92675 89108 28869 3407 82695 24775 69884 30237 94358 59619 46172 82026 21062 93104 19639 39542 14263 62130 39294 46242 21233 55069 9456 37117 73652 26045 32179 41081 71322 10492 44173 58272 96567 57720 85943 44586 26410 20151 38460 12408 10538 51281 19818 68572 86646 11499 88121 38491 16221 82660 34540 98849 29041 25725 85989 57807 1620 89304 18138 90889 13257 37687 71359 93222 98234 2006 91225 87433 16783 47536 90447 92566 34771 88510 2657 43525 45762 62854 47470 47927 95008 87006 2563 68455 32379 19605 94535 17308 58027 69035 53162 38290 75075 48444 82725 9466 43491 29335 53850 15871 42641 42616 45221 45125 2273 40348 55399 70082 7727 31019 4788 98870 34040 92413 96839 11038 62733 46124 98814 34363 87966 8017 2778 85765 44880 2041 26320 11789 55037 97916 61516 54550 74755 91900 76380 91966 59596 11508 58507 36264 99932 91926 17999 99240 41547 99735 16621 62820 2432 1670 10008 39047 15097 55301 59007 60617 53200 84288 97671 21334 85442 84012 61183 90772 67502 96610 68837 9185 7508 71035 10516 41428 98924 32802 23592 47288 2625 27896 10327 12542 14051 26747 57373 79507 46689 88130 26900 75443 91521 56143 17114 3359 60766 76919 11157 83649 65625 43255 20534 51430 95923 95932 90194 71901 32094 96795 48421 54297 53230 72692 16737 34255 11004 17741 79814 59789 39168 52177 91740 19719 54222 32819 47411 49618 59609 52918 86110 13729 21805 64145 88677 27564 56694 14037 92714 94269 8759 3916 63425 82389 81834 20280 49801 13322 59229 85751 77180 57431 72094 59132 93023 38811 65557 49251 5520 58137 76959 6348 44331 77952 41279 81933 9033 62846 38054 71269 64073 57033 54628 97315 59311 37771 91609 69832 10471 25489 4921 22120 57291 38654 64068 92513 17713 23878 90517 15574 85288 87903 91401 8430 94972 58560 12872 97842 99287 28311 78600 31611 70042 31825 79018 95305 79309 22088 34883 38577 16078 23353 12339 5163 85549 53286 60183 91718 72543 85833 13831 65058 7051 36941 99603 50142 98003 16348 43501 96700 96902 52581 21502 40982 87705 1623 78230 75497 9068 76014 85439 92921 34789 46499 63811 27905 66394 69228 53014 45322 78938 48604 5549 11200 99107 28092 47396 78359 28110 775 87544 14177 21240 3315 69212 94453 13917 67451 27134 23441 59050 63351 28371 82873 83935 16452 21908 35909 97995 98482 12002 20435 38572 21423 84867 56184 43964 64443 93611 80677 79732 8798 20814 69567 73624 78061 4425 6852 30823 48416 51423 15049 85499 95380 32402 42056 28322 5564 65584 89416 57085 8949 62487 72864 10698 496 83991 10146 9441 98221 18540 611 56942 17585 61561 96859 38966 80625 93446 69876 811 43875 29343 6482 24904 30846 18774 18801 21424 2594 29702 61696 40151 17691 84029 74775 62525 24459 23810 4658 7440 65297 87755 61906 21409 60222 52829 49794 21949 32885 51738 32818 99290 38474 86586 68594 5799 51626 61268 15642 62499 43749 27678 52515 20548 87550 31373 47511 51624 22300 69303 87684 38547 86814 73110 6377 16733 15573 80084 95130 41951 14301 12838 23518 28168 34930 66934 91993 66357 16464 76068 49824 68874 88381 54855 67912 63677 99440 77324 27110 15815 70468 41358 61405 18039 98642 9105 61146 1205 83957 84691 88306 36422 43391 24979 87893 97303 14526 65010 16460 95603 71106 35256 18822 7037 7159 24645 37058 11805 22944 81687 451 5913 92890 41097 68726 75911 53008 7106 31884 83960 40860 88260 28845 86915 65163 90609 22695 72460 48894 21215 30910 2301 77659 92860 74346 30465 19915 37452 36586 92509 71762 51729 74166 32030 66031 86034 77364 60206 21914 91494 45713 87157 19368 63242 68810 1472 34265 56279 39392 97958 52084 64623 44038 8248 80172 52049 13869 67817 31784 41155 28434 51432 79329 47256 66218 13895 84415 11752 35282 73192 26519 11457 42768 90526 65581 32929 80015 59966 59563 55526 69187 3418 61280 70100 77540 87761 7999 65152 58001 10395 34885 96630 18642 81685 62706 39390 84938 89326 90041 37447 70692 59555 97616 94758 17388 50677 9203 69774 76696 70440 97398 41641 87401 34842 92213 97804 38414 64313 39641 38718 71462 52398 98210 53438 74206 27233 15823 22385 81057 78069 74069 29790 467 19879 94191 88905 8027 78441 96335 28153 30667 17824 22171 6954 94166 25228 14832 93197 12209 79454 68305 59541 4250 45616 44949 74154 66701 82867 93568 69062 59526 22985 12948 7976 88951 2213 83184 18278 74575 64878 28973 83897 28439 68959 22994 8136 35396 51662 79337 45843 78220 87747 70808 27413 57235 90989 13020 8337 59763 26999 89868 73673 76137 71530 70132 38677 53034 38227 51289 32072 91615 53585 80925 88005 69552 44918 12109 39200 2788 43766 53978 70118 87543 29041 47099 34187 47645 43686 92850 84100 95559 52756 89017 5659 98014 33813 82560 9999 20909 74289 36057 90811 53502 33941 86957 49075 7748 48688 8018 86218 11171 47540 87272 88352 48861 61280 36169 
1 2 19524
2 3 79812
3 4 36391
4 5 88302
5 6 59564
6 7 41270
7 8 75319
8 9 28817
9 10 66892
10 11 56540
11 12 33196
12 13 18990
13 14 58049
14 15 75915
15 16 51671
16 17 30267
17 18 75534
18 19 66234
19 20 20685
20 21 61009
21 22 27002
22 23 79430
23 24 1959
24 25 57455
25 26 55695
26 27 25709
27 28 2273
28 29 21558
29 30 23355
30 31 23667
31 32 68220
32 33 42827
33 34 24243
34 35 27807
35 36 15579
36 37 93401
37 38 46219
38 39 57279
39 40 49673
40 41 19820
41 42 44704
42 43 41184
43 44 7314
44 45 45654
45 46 62127
46 47 18519
47 48 69861
48 49 21006
49 50 48986
50 51 88699
51 52 29145
52 53 63692
53 54 16074
54 55 64329
55 56 72965
56 57 43406
57 58 50183
58 59 20031
59 60 69126
60 61 98679
61 62 44322
62 63 77601
63 64 85725
64 65 66954
65 66 31660
66 67 26167
67 68 44110
68 69 96083
69 70 66813
70 71 87148
71 72 90178
72 73 86975
73 74 19726
74 75 48752
75 76 36262
76 77 21567
77 78 62174
78 79 16791
79 80 38090
80 81 68873
81 82 78257
82 83 65273
83 84 74787
84 85 44279
85 86 52716
86 87 38160
87 88 71113
88 89 11686
89 90 66779
90 91 34557
91 92 57786
92 93 88151
93 94 81131
94 95 28707
95 96 67989
96 97 69938
97 98 58864
98 99 91466
99 100 14111
100 101 7902
101 102 92160
102 103 6525
103 104 18914
104 105 26314
105 106 50902
106 107 72141
107 108 61385
108 109 58312
109 110 5328
110 111 55532
111 112 44069
112 113 51884
113 114 65906
114 115 81586
115 116 91691
116 117 99730
117 118 93153
118 119 54684
119 120 42388
120 121 51093
121 122 73672
122 123 29544
123 124 11419
124 125 79672
125 126 13814
126 127 98074
127 128 62723
128 129 42369
129 130 66718
130 131 96506
131 132 54126
132 133 78457
133 134 29494
134 135 29171
135 136 59975
136 137 28462
137 138 889
138 139 84246
139 140 38425
140 141 22001
141 142 24325
142 143 66645
143 144 64438
144 145 80504
145 146 93
146 147 79496
147 148 35633
148 149 65117
149 150 39144
150 151 69612
151 152 74276
152 153 4957
153 154 20624
154 155 88767
155 156 94955
156 157 33818
157 158 95044
158 159 28485
159 160 57511
160 161 62073
161 162 28854
162 163 57862
163 164 54588
164 165 52068
165 166 16862
166 167 48845
167 168 91923
168 169 14858
169 170 45045
170 171 79659
171 172 75960
172 173 18554
173 174 49947
174 175 52978
175 176 70557
176 177 92620
177 178 98034
178 179 93818
179 180 42390
180 181 28408
181 182 63329
182 183 80224
183 184 63579
184 185 96541
185 186 34002
186 187 8642
187 188 20489
188 189 65691
189 190 17299
190 191 99204
191 192 25473
192 193 27001
193 194 91417
194 195 39278
195 196 78504
196 197 78336
197 198 86904
198 199 79307
199 200 65957
200 201 76126
201 202 36972
202 203 71340
203 204 28038
204 205 95972
205 206 74804
206 207 61155
207 208 13659
208 209 13416
209 210 7762
210 211 15529
211 212 98873
212 213 82852
213 214 51052
214 215 93112
215 216 70680
216 217 60117
217 218 11054
218 219 87601
219 220 76662
220 221 59645
221 222 47909
222 223 67735
223 224 86962
224 225 14977
225 226 28037
226 227 49970
227 228 7250
228 229 68812
229 230 17797
230 231 70798
231 232 18877
232 233 99242
233 234 61086
234 235 79353
235 236 86817
236 237 85646
237 238 11567
238 239 95721
239 240 48687
240 241 73421
241 242 55548
242 243 55731
243 244 42490
244 245 25408
245 246 7722
246 247 78389
247 248 52252
248 249 26309
249 250 97892
250 251 47533
251 252 91984
252 253 81599
253 254 61305
254 255 73215
255 256 31513
256 257 42002
257 258 34044
258 259 70099
259 260 87482
260 261 38632
261 262 85699
262 263 22421
263 264 41948
264 265 51119
265 266 70985
266 267 49427
267 268 66283
268 269 93752
269 270 69260
270 271 70530
271 272 1465
272 273 63353
273 274 29552
274 275 47226
275 276 94617
276 277 56748
277 278 51450
278 279 77109
279 280 10501
280 281 5678
281 282 90069
282 283 4917
283 284 47737
284 285 83137
285 286 60976
286 287 98555
287 288 21238
288 289 42443
289 290 24830
290 291 83472
291 292 84160
292 293 99348
293 294 26964
294 295 768
295 296 48256
296 297 51500
297 298 34671
298 299 43385
299 300 7715
300 301 35266
301 302 69612
302 303 4784
303 304 70457
304 305 80974
305 306 81454
306 307 75645
307 308 47511
308 309 82825
309 310 98396
310 311 84859
311 312 405
312 313 12431
313 314 50112
314 315 54537
315 316 63376
316 317 61252
317 318 3241
318 319 57483
319 320 21962
320 321 50348
321 322 86729
322 323 37417
323 324 76709
324 325 561
325 326 41464
326 327 70479
327 328 38123
328 329 16417
329 330 80335
330 331 1355
331 332 57865
332 333 41837
333 334 14286
334 335 54163
335 336 61680
336 337 51467
337 338 33879
338 339 32028
339 340 49651
340 341 95253
341 342 64976
342 343 91812
343 344 42219
344 345 55432
345 346 67909
346 347 5513
347 348 3830
348 349 36454
349 350 73540
350 351 74735
351 352 77747
352 353 74677
353 354 20415
354 355 73983
355 356 13736
356 357 53822
357 358 74605
358 359 7202
359 360 72061
360 361 83726
361 362 50569
362 363 14538
363 364 8894
364 365 26744
365 366 6898
366 367 55977
367 368 75292
368 369 79953
369 370 69577
370 371 27416
371 372 76877
372 373 25458
373 374 16471
374 375 51730
375 376 49160
376 377 99770
377 378 60772
378 379 27222
379 380 13962
380 381 89386
381 382 55297
382 383 13160
383 384 5235
384 385 15015
385 386 77759
386 387 6032
387 388 32841
388 389 74267
389 390 59029
390 391 17402
391 392 35732
392 393 34996
393 394 8030
394 395 41109
395 396 47617
396 397 97859
397 398 98296
398 399 58548
399 400 35424
400 401 49790
401 402 71047
402 403 76560
403 404 10437
404 405 57695
405 406 20176
406 407 38435
407 408 7018
408 409 56004
409 410 27646
410 411 96015
411 412 98827
412 413 38797
413 414 24896
414 415 6549
415 416 39433
416 417 40192
417 418 41385
418 419 60894
419 420 8041
420 421 98856
421 422 7375
422 423 60310
423 424 56882
424 425 722
425 426 86253
426 427 81324
427 428 84306
428 429 77519
429 430 2849
430 431 46611
431 432 98713
432 433 24276
433 434 46510
434 435 99556
435 436 84412
436 437 72509
437 438 50427
438 439 7385
439 440 39699
440 441 62054
441 442 22002
442 443 30388
443 444 21340
444 445 25264
445 446 82178
446 447 17750
447 448 13398
448 449 91618
449 450 73853
450 451 75208
451 452 76934
452 453 68198
453 454 61339
454 455 66102
455 456 35830
456 457 29704
457 458 80662
458 459 719
459 460 31185
460 461 97370
461 462 53292
462 463 43078
463 464 22056
464 465 95827
465 466 18527
466 467 3796
467 468 5457
468 469 70571
469 470 58104
470 471 47060
471 472 5890
472 473 12128
473 474 73856
474 475 66629
475 476 53786
476 477 65844
477 478 37990
478 479 13324
479 480 5657
480 481 70893
481 482 48796
482 483 92655
483 484 62722
484 485 93780
485 486 57274
486 487 86715
487 488 76608
488 489 16278
489 490 33849
490 491 59422
491 492 5887
492 493 54278
493 494 38585
494 495 43438
495 496 96558
496 497 44153
497 498 71611
498 499 58561
499 500 91236
500 501 97961
501 502 74024
502 503 87506
503 504 4088
504 505 85970
505 506 2216
506 507 14179
507 508 73799
508 509 26520
509 510 48652
510 511 65173
511 512 89330
512 513 75903
513 514 77893
514 515 9746
515 516 28413
516 517 90802
517 518 62282
518 519 77731
519 520 79537
520 521 19997
521 522 33878
522 523 13914
523 524 20634
524 525 81586
525 526 84104
526 527 3370
527 528 4522
528 529 3432
529 530 70145
530 531 29418
531 532 88533
532 533 40631
533 534 99946
534 535 93493
535 536 3731
536 537 61373
537 538 6027
538 539 91213
539 540 46306
540 541 58812
541 542 17652
542 543 23443
543 544 50305
544 545 77178
545 546 34776
546 547 10289
547 548 89845
548 549 5216
549 550 12717
550 551 56624
551 552 56008
552 553 35196
553 554 79822
554 555 64450
555 556 51236
556 557 83519
557 558 53401
558 559 16666
559 560 77181
560 561 86143
561 562 47762
562 563 11055
563 564 16709
564 565 70133
565 566 33918
566 567 20476
567 568 17973
568 569 27136
569 570 62472
570 571 92515
571 572 16171
572 573 19649
573 574 84959
574 575 25573
575 576 72454
576 577 81661
577 578 40182
578 579 74444
579 580 50156
580 581 52223
581 582 59331
582 583 71618
583 584 98981
584 585 45139
585 586 17984
586 587 76566
587 588 53437
588 589 26187
589 590 71853
590 591 24286
591 592 7589
592 593 51934
593 594 85260
594 595 43632
595 596 97139
596 597 96132
597 598 35876
598 599 98760
599 600 83485
600 601 59355
601 602 85215
602 603 34565
603 604 81090
604 605 18790
605 606 54060
606 607 5356
607 608 32610
608 609 90952
609 610 34973
610 611 36835
611 612 17825
612 613 43309
613 614 63882
614 615 14775
615 616 45256
616 617 36802
617 618 32717
618 619 77623
619 620 1347
620 621 48280
621 622 28419
622 623 94615
623 624 41636
624 625 55045
625 626 67089
626 627 89069
627 628 23775
628 629 39299
629 630 78461
630 631 16567
631 632 31532
632 633 48527
633 634 69489
634 635 39252
635 636 18696
636 637 96747
637 638 55867
638 639 92870
639 640 22004
640 641 46460
641 642 72655
642 643 10391
643 644 79636
644 645 19084
645 646 84484
646 647 92497
647 648 44337
648 649 77098
649 650 35859
650 651 89636
651 652 32600
652 653 74085
653 654 55836
654 655 17795
655 656 46969
656 657 29717
657 658 15872
658 659 20295
659 660 85161
660 661 27410
661 662 12552
662 663 80491
663 664 4384
664 665 69051
665 666 96188
666 667 63183
667 668 35740
668 669 21456
669 670 52045
670 671 87445
671 672 10108
672 673 7960
673 674 75980
674 675 29735
675 676 67782
676 677 7452
677 678 99248
678 679 38671
679 680 76481
680 681 51306
681 682 86356
682 683 89149
683 684 73883
684 685 58707
685 686 43062
686 687 45796
687 688 71172
688 689 13837
689 690 32474
690 691 99229
691 692 24434
692 693 81138
693 694 87077
694 695 4163
695 696 51419
696 697 78655
697 698 42498
698 699 61014
699 700 60670
700 701 58901
701 702 91616
702 703 86392
703 704 95514
704 705 91452
705 706 25618
706 707 40563
707 708 61685
708 709 16251
709 710 33518
710 711 25233
711 712 98551
712 713 60802
713 714 14095
714 715 58050
715 716 4652
716 717 42784
717 718 24531
718 719 61402
719 720 40070
720 721 41581
721 722 46813
722 723 91440
723 724 13784
724 725 77377
725 726 78324
726 727 17888
727 728 56732
728 729 78843
729 730 81954
730 731 16457
731 732 7598
732 733 93371
733 734 1782
734 735 14448
735 736 73103
736 737 16584
737 738 60675
738 739 28379
739 740 68131
740 741 24203
741 742 58111
742 743 13175
743 744 32627
744 745 50738
745 746 59972
746 747 72883
747 748 24428
748 749 72366
749 750 21970
750 751 7587
751 752 83198
752 753 41845
753 754 94219
754 755 31742
755 756 38110
756 757 96737
757 758 33526
758 759 18944
759 760 86052
760 761 33007
761 762 91741
762 763 82473
763 764 70509
764 765 14561
765 766 73326
766 767 76284
767 768 8698
768 769 72253
769 770 25662
770 771 47872
771 772 91951
772 773 4683
773 774 38433
774 775 90850
775 776 28214
776 777 77275
777 778 53876
778 779 48305
779 780 88954
780 781 57084
781 782 93523
782 783 90849
783 784 93612
784 785 41446
785 786 30083
786 787 54633
787 788 87713
788 789 72593
789 790 38026
790 791 95813
791 792 23473
792 793 42652
793 794 36337
794 795 59189
795 796 65210
796 797 50280
797 798 745
798 799 96635
799 800 39003
800 801 12570
801 802 46723
802 803 57441
803 804 89114
804 805 85596
805 806 12534
806 807 1137
807 808 63871
808 809 5372
809 810 62109
810 811 28091
811 812 39574
812 813 24875
813 814 28151
814 815 39443
815 816 9840
816 817 94687
817 818 97029
818 819 94928
819 820 3971
820 821 69138
821 822 73520
822 823 80238
823 824 34725
824 825 5633
825 826 1984
826 827 75789
827 828 27509
828 829 39406
829 830 23942
830 831 89232
831 832 88019
832 833 51839
833 834 17491
834 835 20830
835 836 15267
836 837 188
837 838 96702
838 839 99620
839 840 7214
840 841 56725
841 842 49025
842 843 25201
843 844 97568
844 845 34489
845 846 67645
846 847 76281
847 848 41355
848 849 19392
849 850 25042
850 851 9139
851 852 9954
852 853 3395
853 854 49064
854 855 35292
855 856 54783
856 857 32510
857 858 53161
858 859 48817
859 860 55103
860 861 60565
861 862 4645
862 863 4216
863 864 32576
864 865 51532
865 866 62412
866 867 89080
867 868 68202
868 869 41901
869 870 10871
870 871 3772
871 872 36803
872 873 20006
873 874 21056
874 875 85108
875 876 5977
876 877 6568
877 878 26373
878 879 95156
879 880 1276
880 881 86218
881 882 33033
882 883 10067
883 884 57793
884 885 99428
885 886 79123
886 887 49197
887 888 5856
888 889 3028
889 890 8877
890 891 82050
891 892 92854
892 893 43580
893 894 15526
894 895 79029
895 896 89316
896 897 60417
897 898 84176
898 899 67757
899 900 36335
900 901 20270
901 902 22211
902 903 12696
903 904 2142
904 905 94896
905 906 728
906 907 62595
907 908 77023
908 909 92503
909 910 28015
910 911 2563
911 912 15427
912 913 3931
913 914 34570
914 915 61583
915 916 17981
916 917 14389
917 918 49040
918 919 53955
919 920 82790
920 921 94977
921 922 24554
922 923 33791
923 924 72924
924 925 81795
925 926 85545
926 927 31046
927 928 69535
928 929 63679
929 930 67102
930 931 98847
931 932 42866
932 933 3263
933 934 50657
934 935 83927
935 936 58080
936 937 50257
937 938 28939
938 939 52254
939 940 28340
940 941 36647
941 942 5052
942 943 10406
943 944 73216
944 945 19477
945 946 88693
946 947 60071
947 948 60759
948 949 37878
949 950 31455
950 951 28733
951 952 82387
952 953 62695
953 954 37314
954 955 49640
955 956 13072
956 957 33835
957 958 29199
958 959 14123
959 960 62767
960 961 10085
961 962 21239
962 963 11630
963 964 25396
964 965 24193
965 966 70673
966 967 98524
967 968 63176
968 969 71116
969 970 60984
970 971 50693
971 972 30328
972 973 23158
973 974 22986
974 975 23485
975 976 33236
976 977 48983
977 978 50795
978 979 11227
979 980 91088
980 981 21384
981 982 44480
982 983 63771
983 984 57671
984 985 93030
985 986 27988
986 987 4317
987 988 70867
988 989 58578
989 990 66391
990 991 12868
991 992 40182
992 993 2932
993 994 71034
994 995 66200
995 996 90708
996 997 10899
997 998 53076
998 999 59236
999 1000 61526
1 815
1 849
1 548
1 661
1 555
1 455
1 636
1 440
1 585
2 53441 87546 171
1 547
1 991
2 81384 20405 458
2 40033 82825 563
1 361
2 85086 58376 983
1 365
2 32922 67292 285
2 6407 15051 368
2 61069 6723 450
1 158
2 83663 50338 206
2 55494 99842 359
2 29207 67076 637
2 24916 22300 972
2 9296 18210 905
2 83429 96912 322
1 696
2 20188 71339 392
1 15
1 719
2 35465 2698 458
2 22643 67591 591
1 491
1 124
2 95048 37491 976
2 20892 85969 450
2 79108 56785 242
2 34285 60084 507
1 591
2 15683 65180 35
2 46702 66897 572
1 819
2 93398 92552 838
2 92817 55358 211
2 43865 13204 58
2 60825 48553 12
1 613
2 98117 55219 96
2 2938 78132 193
1 626
1 739
1 230
1 63
1 763
1 620
1 316
1 185
2 413 91595 992
1 33
2 49110 36166 101
1 425
2 75119 17352 57
2 36143 37904 546
2 96798 77999 826
2 44972 55159 121
1 993
1 677
2 83419 6567 561
1 571
1 491
1 109
2 18956 89343 388
1 659
2 86185 44150 572
2 84499 36824 385
2 68785 31024 962
1 705
2 65628 60767 192
2 2903 12865 705
2 46535 3290 823
1 836
2 81333 15172 336
2 55946 74017 49
1 555
1 207
2 32717 1534 725
1 27
2 73890 93347 161
1 956
2 59498 15013 573
1 115
1 771
1 703
2 65727 6895 37
1 696
1 758
2 39610 27553 680
1 415
2 89481 34136 399
2 60542 81973 458
1 62
2 64162 44494 27
1 129
1 280
1 852
2 30877 78147 784
2 29193 57693 708
2 64231 65238 578
1 509
2 21380 80731 398
1 30
2 51226 61873 609
1 643
1 676
2 60672 67155 980
1 324
1 344
1 708
1 615
1 652
1 278
2 20754 67403 510
1 184
2 55694 83060 36
2 33989 93635 487
2 50842 83587 710
2 59873 29724 451
2 43414 7870 825
1 875
2 33211 7358 912
1 32
1 444
2 41176 92361 511
1 269
1 563
1 347
2 84194 64668 230
1 501
2 49001 4693 545
2 93310 43377 827
1 558
2 68109 67928 86
1 253
1 880
2 4279 7423 251
2 44434 68217 85
1 476
1 76
1 836
2 68846 58777 563
2 62903 35312 962
2 20903 98104 375
1 13
1 307
1 219
2 73555 58569 932
1 981
2 87144 3455 812
1 176
2 96391 74524 706
2 47707 9583 274
2 89097 65139 934
1 663
1 78
1 216
2 33547 71651 536
1 577
2 34856 27505 59
2 48759 48346 67
2 94382 18706 70
1 245
1 246
2 3039 61799 980
2 72634 20459 309
2 54752 16587 875
1 240
1 705
2 36406 79293 720
1 420
2 16584 80364 336
1 694
1 93
1 819
1 88
2 67953 17223 278
2 84709 88424 600
2 19692 98580 753
2 18531 71181 300
2 86731 71060 134
1 123
2 58449 24623 625
2 98379 53467 140
1 474
2 20427 84607 255
1 129
2 13286 60552 28
1 46
1 313
2 66361 95574 428
1 1
2 66375 90806 217
2 81705 92237 575
1 933
2 64043 27460 242
2 25731 32903 612
1 970
2 98630 60759 940
2 44628 27061 224
1 574
2 46296 46006 700
2 61886 844 92
1 356
1 489
2 34729 65721 89
1 506
2 35718 33028 680
1 237
1 940
2 71937 62156 737
2 98422 1472 917
1 282
2 76384 74355 143
1 646
2 90582 58560 232
1 514
1 520
2 93880 78053 775
2 53305 68458 287
1 869
2 11647 94301 109
1 278
2 92953 46121 159
1 116
1 549
2 77473 80673 169
2 33779 4778 708
1 113
1 297
1 373
1 636
1 627
1 719
1 194
1 861
1 541
2 26778 25970 713
1 91
2 76634 49486 540
2 16156 95431 985
2 86040 43134 972
1 788
2 41131 22054 77
2 89528 98456 984
2 48894 82006 874
1 263
1 899
2 73297 72322 600
1 281
2 20956 19384 368
2 28005 30804 378
1 814
2 43982 63171 540
2 13848 65286 71
2 55297 34770 853
1 739
1 53
2 55273 80690 810
2 82113 39621 639
1 698
1 610
2 74921 34652 152
1 354
1 658
2 76699 82132 547
2 98734 82263 790
2 61946 95690 677
1 339
2 9339 59295 770
2 91807 64056 125
2 64666 2550 764
2 95782 99093 392
2 18175 70965 577
2 36165 22553 519
1 893
1 926
2 44978 51407 154
1 198
1 838
1 483
1 681
1 353
1 458
2 68616 30283 160
1 450
2 28806 79185 752
2 87399 94554 739
1 21
1 555
2 93933 21910 415
1 710
2 71098 43465 803
2 7528 13417 936
1 459
1 712
2 14736 53370 878
1 344
1 335
2 5690 27368 995
2 25491 20499 319
2 5469 90815 501
1 517
1 49
2 44428 58669 489
2 30399 74914 807
2 52766 50943 515
1 619
2 17769 56445 9
2 39205 75086 414
2 38856 53265 181
1 690
2 41774 93291 818
2 35823 19149 468
2 45460 41348 311
2 33530 15344 603
2 2945 85748 545
2 68272 62456 946
1 317
2 40829 95987 933
2 77032 39663 597
1 802
2 13840 2249 26
2 17167 96171 32
2 56420 54061 213
2 14256 1845 201
2 56216 87626 204
1 599
2 79244 41326 475
2 86241 28935 463
1 372
2 12495 93602 258
2 51376 42261 252
1 402
2 13963 68991 317
2 42409 68832 125
2 26980 64380 558
1 663
1 6
1 103
2 2244 3621 165
1 732
2 29849 76391 628
1 936
2 37668 85645 8
2 73840 60725 263
2 37314 70244 705
1 275
2 7226 30955 762
1 733
1 66
2 15128 11313 890
1 728
2 55878 3287 754
1 273
2 23478 43168 873
2 65906 1014 818
2 95124 12129 141
1 395
1 216
2 88378 89648 225
1 783
1 199
2 12844 5068 626
1 938
2 19324 85085 676
2 85705 16773 743
2 77414 69038 510
2 54522 68292 936
1 800
2 17948 25961 331
1 810
1 88
2 43761 4087 402
1 28
1 402
1 902
1 914
1 967
1 564
1 141
1 174
2 46402 61949 360
1 796
1 857
2 76075 47243 259
2 43847 93074 248
1 941
1 986
2 39656 37683 286
2 51980 13492 260
1 931
1 830
2 59439 10345 756
2 28007 77884 731
1 538
2 40709 551 312
1 569
1 476
1 435
1 588
1 223
1 166
1 854
1 382
2 28270 84482 424
2 81057 28804 862
2 56776 96445 600
2 10616 60741 544
2 99657 82870 212
1 408
2 72585 11638 81
1 39
2 90104 43287 171
2 22230 18260 484
1 679
1 348
2 82379 77491 539
1 41
2 31066 96869 225
2 35142 30157 516
2 51405 15816 283
2 93314 7165 590
2 69531 52565 521
2 90131 56254 604
2 46440 26057 886
2 17374 98125 998
1 728
2 74262 27860 417
1 711
2 45652 37787 948
2 45267 7238 115
1 55
1 612
1 657
2 14478 14849 401
1 24
2 45868 25457 390
2 68140 23278 494
2 50530 14871 102
2 87932 76237 171
2 57359 93111 310
2 77135 56158 436
2 857 34640 244
1 348
1 906
2 71268 69279 508
2 45168 82891 66
1 884
1 311
2 63687 40928 593
1 128
1 37
2 68917 83035 911
2 96323 20301 981
1 361
2 23993 87060 814
1 615
1 756
1 143
1 408
2 90492 2630 598
2 49912 39994 109
1 989
2 1069 91592 904
1 253
2 4508 30317 400
1 300
1 436
1 532
1 44
2 69467 31234 767
2 18382 37679 568
1 44
2 42719 25724 670
2 18935 33445 256
1 795
2 7005 73972 502
1 149
2 35468 58552 190
1 539
1 555
1 148
2 63950 3620 764
1 638
1 579
1 267
2 55219 92723 453
1 223
2 66956 51367 407
2 27957 42529 559
1 757
1 543
1 152
1 651
2 90429 66117 306
2 28397 91278 610
1 82
2 22497 46449 449
2 31475 46261 41
2 45796 59431 937
1 211
1 785
2 59256 21678 315
2 48618 13050 729
2 2464 89409 146
1 662
2 90323 22950 139
2 23098 794 706
1 648
1 581
1 700
1 15
2 99220 44806 415
1 569
1 100
1 997
2 75096 9366 740
2 82542 8853 846
2 27957 88669 380
2 67944 92795 488
1 751
1 821
1 305
1 856
2 32782 95611 860
2 62986 94631 102
2 42419 96074 958
1 467
1 556
1 755
1 826
1 413
1 306
2 92713 26205 264
1 146
2 18545 55948 738
2 1166 38374 780
2 73669 46053 121
2 59479 88974 976
1 747
2 74610 77611 928
2 24038 18369 257
2 77519 40505 334
2 6575 71337 297
1 53
1 21
1 565
1 642
1 683
1 855
2 43861 79175 937
2 59292 41498 395
2 83261 31641 346
1 835
2 58118 35838 847
1 38
1 112
2 98673 39273 207
1 382
2 7728 57257 519
1 777
2 36460 27115 465
2 14298 15253 400
2 53926 98693 582
1 602
2 77879 60464 73
1 960
2 7708 62610 501
1 996
1 97
2 84127 97451 20
2 19308 8167 360
2 81024 80487 990
2 55943 67418 817
1 863
1 931
1 723
1 95
2 73101 57726 260
1 964
2 88346 35477 465
1 100
2 36554 86304 705
2 65196 76254 750
2 85175 20284 222
1 422
2 73 82393 635
2 47878 3783 412
2 63646 48855 477
2 99906 38891 904
1 695
1 60
1 326
2 7263 34424 449
1 677
1 421
1 359
2 65265 19033 241
2 93769 15943 568
2 99811 14131 626
2 80077 4097 693
1 32
2 2753 95973 697
2 78487 63415 366
2 10145 58820 263
1 811
2 41571 40162 693
1 465
2 69638 68028 272
1 2
2 12345 2679 520
1 464
1 424
2 81557 65962 562
2 36971 21412 726
1 147
2 86872 9268 569
2 15937 91056 792
1 32
1 840
1 395
2 31272 87918 905
1 877
2 56177 29980 338
1 15
1 884
2 33539 11868 642
1 945
1 72
2 68239 14143 199
2 6497 87099 978
2 25833 51186 303
2 75913 1415 50
2 18790 58946 766
2 78055 78382 435
2 6778 45531 930
2 47536 93821 499
2 5564 53131 360
1 991
2 38076 7161 455
2 72173 46268 111
1 635
2 50649 11300 564
2 73209 22846 169
2 82079 62342 197
1 831
1 845
2 96454 75603 547
1 766
2 93316 57711 692
1 491
1 139
2 72957 54513 812
1 715
1 505
1 961
2 64371 18781 330
1 502
2 47385 44875 232
1 335
2 38647 69594 536
2 5782 55710 270
1 315
1 611
2 72827 48252 679
1 131
1 407
2 11348 449 97
1 239
2 2089 93989 234
1 102
2 26529 80012 819
1 819
2 1909 40548 558
1 568
2 169 45939 364
1 584
2 6635 44952 748
2 63883 56936 580
2 68227 10856 266
2 50553 95665 308
2 37209 9762 952
2 13169 80156 981
1 211
1 332
1 766
2 80191 82632 375
2 82530 23757 590
1 872
2 39303 40723 553
1 367
1 193
1 950
2 72450 27095 274
2 22484 87516 304
2 99392 62293 629
2 77648 26957 736
1 621
2 35288 62537 590
2 3478 43238 221
2 53980 68807 601
1 82
1 845
1 126
2 70148 99607 681
2 17353 53921 113
1 252
2 34205 1497 327
2 78978 74890 97
2 79662 39873 736
2 92840 39610 849
2 62811 91920 493
1 639
1 388
2 56295 50466 970
1 497
2 36964 47781 442
2 84338 36106 231
2 68457 51916 662
2 31936 94339 18
2 14861 33225 655
1 826
2 41273 62080 743
1 782
1 671
1 774
1 474
2 55884 95049 584
2 5373 34540 113
2 49759 5233 792
2 20760 21776 948
2 78900 7016 332
1 958
2 45688 31327 817
1 881
1 674
1 996
2 4763 65685 282
1 62
1 718
2 50742 62437 510
2 572 81588 15
1 465
1 744
1 554
2 61697 49963 171
1 134
2 23872 98088 500
2 97636 6329 674
1 994
1 657
1 18
1 184
1 208
1 961
1 829
1 543
2 59351 27149 109
1 456
2 97212 21569 229
1 519
1 961
1 160
1 419
1 926
1 732
1 708
1 903
1 153
2 56192 21921 966
2 21798 88423 374
1 21
1 558
1 826
1 624
2 20518 74603 62
1 35
1 718
1 4
2 39869 59888 587
2 19158 24720 675
1 282
2 89526 68898 333
2 71042 98749 809
1 711
2 23481 20144 187
1 662
1 178
2 34483 87258 232
1 387
2 88160 84613 481
2 9760 86763 716
1 330
1 97
2 70127 37150 754
2 68969 39162 762
1 354
2 86654 55526 600
1 964
2 64326 11910 464
1 635
1 142
2 12759 59061 33
1 638
2 93338 46740 350
1 911
2 16777 58159 931
2 85629 54331 305
2 51522 55773 513
2 95259 23595 939
1 347
2 3540 10081 839
2 91952 19983 457
2 87497 28440 542
2 65187 55013 666
1 83
2 79875 75793 191
1 738
1 634
2 79227 80857 452
1 570
2 46452 28527 250
2 85496 67244 981
1 408
1 109
2 37593 98375 430
1 231
1 507
2 6841 87315 116
1 93
1 580
1 796
2 96776 66907 207
2 28923 91811 740
1 838
1 436
2 23533 13590 184
2 41621 51600 933
1 517
2 29343 64923 360
1 34
2 40472 39886 801
2 87535 95121 90
1 721
2 75379 81483 771
1 178
2 95246 71776 537
1 631
1 78
2 21077 34948 494
2 2834 92844 579
2 57590 71957 230
1 531
2 64669 90067 569
1 702
2 16714 36194 278
2 48377 58099 880
2 46649 30124 703
1 461
2 82069 99471 165
2 21928 56329 867
1 654
2 17877 75309 435
1 958
2 11527 55675 491
2 17565 91553 957
1 254
1 110
2 25746 14787 854
1 511
2 99687 40469 613
2 72465 39643 832
1 865
1 804
2 2618 96446 919
1 694
1 626
2 76558 31985 945
1 275
2 89965 73200 574
2 61444 56691 475
1 789
1 775
1 830
1 901
2 87581 31453 756
1 555
1 4
2 93371 70866 865
2 40214 61605 976
1 976
1 263
2 92304 52120 890
2 81100 62779 893
1 605
1 143
1 135
2 96551 35758 202
2 7522 10326 24
2 1900 32689 555
2 43228 42952 176
1 438
2 86827 10441 883
2 8464 25812 208
1 774
1 728
1 348
2 14789 67882 172
1 282
2 91314 99988 558
2 26472 74481 539
2 20580 24178 210
2 99061 11846 750
1 221
2 84546 11306 801
1 431
2 83286 81005 916
1 805
1 987
2 90654 69091 644
2 11821 77746 820
2 28953 23857 498
2 46572 25520 211
1 780
2 85896 48778 177
2 81661 78793 564
1 629
1 375
2 13388 78895 777
2 22183 68446 457
2 99029 84063 890
1 699
1 506
1 650
1 141
1 935
2 8143 74532 48
2 82171 33187 801
2 17342 69301 388
2 19195 66911 991
1 732
1 220
1 562
2 95412 60058 564
1 454
2 81499 67170 977
1 738
2 24871 91978 241
1 303
1 83
2 77651 98604 497
2 51083 35344 218
2 55969 61280 709
1 331
1 808
1 728
2 67982 1857 366
2 75521 7198 767
2 281 68809 144
2 82867 3874 172
2 55472 37419 394
2 20308 38318 637
2 59336 68405 659
2 6585 11312 950
1 335
2 89766 64287 327
2 57274 86636 287
2 53791 32015 193
1 26
1 827
1 540
1 841
1 865
1 503
2 83959 71223 244
2 35961 22033 768
1 766
1 767
2 33775 12405 91
1 904
1 525
2 70207 75529 496
2 17663 10488 718
1 509
2 53685 41985 909
1 370
1 797
2 79243 11253 557
1 986
2 118 87630 886
