1000 1000 1
11459 35125 42968 69268 48936 83482 67799 5259 6085 72037 53871 53359 78305 25904 21820 12073 18793 64357 99889 89983 25803 41981 66699 42432 31812 77562 332 97660 90533 8501 1594 29389 7065 22825 6686 97893 77669 61314 99398 68608 85209 59404 49578 73945 43763 9548 40233 25852 50205 97084 60477 20269 92417 29592 86134 41050 15830 6985 23743 91146 26328 39783 73361 65197 16291 51711 39520 75413 36195 9567 33338 57676 84266 96176 32872 55959 6512 87941 84971 34955 84437 37722 16712 22288 67610 14291 74855 5745 84777 46393 40433 35041 50127 24161 17555 97774 69112 77404 20066 74730 63055 38195 30738 40900 55416 92897 35610 61710 97859 93205 67032 66138 25210 46712 91519 14964 98118 22649 69408 45934 4052 80061 26581 34299 29139 98575 53370 25938 79126 63468 72706 85142 54365 16427 57309 3109 72242 36997 11081 40473 96583 78900 13820 57486 64913 68089 51936 64702 84878 20291 12613 58003 14244 36382 7530 39652 88170 95390 13030 68250 15832 1656 13861 19056 50363 18072 74169 14438 81845 70110 54996 16729 99525 80527 65726 29014 8949 29526 88122 55963 48596 68238 70409 15224 8461 68564 19954 23281 96106 53228 48497 49538 23915 60605 4060 34683 43789 10662 83176 26949 92271 50259 17266 70840 52697 10439 19066 25547 80795 45666 68796 19004 83470 68261 87295 81217 1264 73898 25337 72067 43305 64931 28123 22827 71178 25312 54668 36013 78242 7528 43766 76311 85069 50165 34808 1258 18492 74734 79782 67101 90911 78633 80737 74435 46352 78017 32585 65397 87459 98850 63717 59872 31424 41412 38336 18007 38451 33328 62356 51848 10330 36697 57781 12903 97692 26170 19706 83289 42908 20228 47551 93443 24946 1864 96045 19744 67584 99264 16333 98617 42080 49147 93217 71894 50803 41065 13039 83042 59086 71347 38488 91238 16422 47627 19122 5164 85662 24966 69352 49848 91714 51339 59402 96876 89987 11948 99815 8308 97264 24121 70011 83537 61616 33414 22785 78620 73726 9251 4194 15054 77770 42454 45273 9010 54809 70043 62416 42983 14139 30606 7645 45153 9225 85478 13334 77646 78420 56297 29683 34239 5257 54347 75963 87156 55567 21250 39938 70304 19921 68218 11241 94776 29535 31664 62989 50363 38002 17259 79866 89752 36965 53635 59688 33190 93979 90914 15285 31435 64562 28118 39661 21521 41660 82062 31211 51657 84276 59105 57001 46840 59976 97792 23985 57155 27982 45424 17712 71806 86466 86214 9458 35361 24359 50396 46001 58196 23061 50612 27111 61866 35760 38694 32932 64268 72962 45169 16403 35601 60620 82112 97634 165 51462 20220 7399 77865 73694 1530 55259 82388 12712 23006 38356 79333 95700 28073 121 80777 91645 98377 27041 26778 66313 81218 65190 15853 50955 63498 92418 50087 43244 38418 190 31851 30502 48098 77318 93552 13038 35821 70618 40318 6120 91808 76838 40961 52289 11907 34135 51908 52469 86085 73552 62579 12481 3117 36241 41002 71518 78329 46656 93197 79493 92549 58927 97707 84073 74266 76066 50483 43222 69472 45749 89094 44737 42078 43135 87004 47972 7402 17725 28835 28416 83687 7046 30469 17494 32049 70707 56942 91504 43940 36618 34825 95242 61562 79428 33752 86124 39043 79950 44100 51816 5551 72265 16328 19636 32930 78613 74580 85733 74263 33587 95303 1630 74148 92743 97942 1450 79298 35611 98991 10166 63787 79097 74738 1672 77217 21500 28563 56401 68040 31297 92962 63753 61841 97678 34433 7185 46609 4881 70447 50503 85208 11879 46381 3415 22357 36594 91750 73130 8663 86663 81015 7010 62757 72812 87885 91911 22122 25180 52627 36083 75547 9793 26956 66587 12037 84193 65472 67357 14501 94394 57751 81412 96582 5893 24609 79787 16340 67672 18894 88776 91906 59798 40014 53583 78753 32860 1757 46051 95253 15806 27284 41540 83795 19937 92369 21395 6687 41495 87406 5921 48257 70440 41077 91099 17247 80251 28437 25901 57134 95293 32156 53791 97888 76276 20941 99979 31604 85670 58524 24436 77537 67881 23023 46735 34800 12010 55234 12371 50560 67937 55065 84551 79265 72704 70805 23752 37999 14271 38231 87758 27700 12398 7448 95030 63 40948 95244 78239 62593 48033 20122 69334 4095 37830 61187 74776 57535 90511 30732 3955 26986 73204 46412 8998 22534 88332 51518 24781 98789 79318 14613 98357 63527 29986 99250 14517 95006 71694 78486 40140 57082 18655 99348 78929 54160 3532 79492 60104 92318 4037 48771 11426 9647 21182 52424 8167 6093 57008 99131 35011 88725 25319 69036 33103 13128 6532 14544 40788 28442 37220 2605 88317 56354 42053 51383 61023 62866 50806 63137 61972 68135 86480 60674 64775 83555 88790 82148 89510 77722 342 83779 3211 18355 46287 34397 92214 48136 16906 11188 79245 24671 63845 52066 69503 16384 49698 25152 12105 80040 93674 20434 13139 58074 58729 91276 17107 17331 74378 59329 80232 99908 26916 93669 35761 11255 29978 54934 18324 84283 59090 92804 84450 1713 51358 26039 51869 38928 91151 43086 39995 32381 17952 34900 72860 89426 89138 28060 60573 99369 85936 60249 86104 54881 91124 92180 19254 5679 75464 58485 44421 89836 73489 82767 30720 82168 86556 74536 88889 16108 94537 19645 75628 9239 1520 80400 44488 5886 62451 66455 49973 32750 54598 41417 3244 6812 30952 36430 51634 95799 62063 23734 16516 47761 54725 57005 77677 78998 41520 98411 10904 85827 76634 82319 26824 37312 69719 43809 80536 65833 76412 21656 11922 794 24498 48030 2960 32887 4157 91498 55641 83736 26688 18045 29770 60777 43200 33837 94577 21557 3045 83821 69711 67914 15 2680 91751 35342 60903 61168 56650 12962 55290 92468 32295 11645 59524 34917 14155 31725 81494 78356 32595 32576 17573 82277 97413 79078 35219 25321 41042 21112 5388 92096 2389 69184 45329 13263 79910 67868 31499 21035 58112 3955 98508 57939 73848 48635 38290 11127 44280 49426 19036 32674 3555 80575 32109 82094 16299 5383 41795 15326 24155 72569 73171 43858 19529 80079 9598 90717 49962 19167 61067 95593 55506 16973 56363 84108 20775 82066 54072 69319 84395 19073 89238 6515 68146 51305 89136 94500 66892 22657 19707 46996 65713 85497 40648 3816 94359 35122 44080 93602 82001 19313 6034 2806 40855 79306 29977 51704 34154 31416 87167 85772 47010 16155 48156 64954 
1 2 21113
2 3 25242
3 4 20185
4 5 2023
5 6 10313
6 7 21939
7 8 3637
8 9 7456
9 10 5877
10 11 1508
11 12 29503
12 13 20068
13 14 7747
14 15 27116
15 16 30608
16 17 21881
17 18 23855
18 19 32744
19 20 20383
20 21 18568
21 22 13966
22 23 28520
23 24 21639
24 25 27857
25 26 10481
26 27 4552
27 28 15115
28 29 8604
29 30 24012
30 31 21694
31 32 15319
32 33 30579
33 34 13272
34 35 11055
35 36 4360
36 37 18318
37 38 18613
38 39 71
39 40 27887
40 41 24463
41 42 17876
42 43 24776
43 44 19986
44 45 5488
45 46 29844
46 47 20130
47 48 21620
48 49 22457
49 50 23979
50 51 29381
51 52 31767
52 53 3574
53 54 30664
54 55 8499
55 56 24766
56 57 23912
57 58 10615
58 59 25433
59 60 28407
60 61 9723
61 62 8772
62 63 31903
63 64 9817
64 65 19320
65 66 20259
66 67 7486
67 68 20747
68 69 7932
69 70 28175
70 71 14161
71 72 21638
72 73 31913
73 74 1266
74 75 10800
75 76 32667
76 77 29083
77 78 16325
78 79 14329
79 80 31159
80 81 32285
81 82 31224
82 83 31087
83 84 14182
84 85 18461
85 86 30484
86 87 17416
87 88 6166
88 89 20958
89 90 3743
90 91 13889
91 92 4382
92 93 2285
93 94 20288
94 95 24117
95 96 2558
96 97 16726
97 98 23843
98 99 11886
99 100 19944
100 101 28951
101 102 3999
102 103 13563
103 104 13952
104 105 16341
105 106 4630
106 107 18626
107 108 29665
108 109 16078
109 110 3101
110 111 8472
111 112 5600
112 113 23823
113 114 5341
114 115 2959
115 116 14996
116 117 27623
117 118 30137
118 119 13327
119 120 1558
120 121 18331
121 122 50
122 123 13097
123 124 18309
124 125 30811
125 126 31495
126 127 22183
127 128 28493
128 129 24437
129 130 27296
130 131 22632
131 132 15017
132 133 17609
133 134 14508
134 135 30571
135 136 14439
136 137 22653
137 138 32522
138 139 10025
139 140 2796
140 141 31986
141 142 31205
142 143 18728
143 144 2935
144 145 27894
145 146 25892
146 147 9421
147 148 12970
148 149 4667
149 150 18689
150 151 4466
151 152 27206
152 153 8199
153 154 31223
154 155 1720
155 156 11318
156 157 17966
157 158 20450
158 159 1822
159 160 4815
160 161 4158
161 162 22626
162 163 6355
163 164 15958
164 165 17657
165 166 2176
166 167 16585
167 168 13250
168 169 23048
169 170 12692
170 171 13323
171 172 6340
172 173 20461
173 174 15718
174 175 13136
175 176 28933
176 177 2618
177 178 30099
178 179 17616
179 180 16559
180 181 30720
181 182 23090
182 183 16470
183 184 14382
184 185 8331
185 186 19384
186 187 24983
187 188 19768
188 189 26700
189 190 3097
190 191 21698
191 192 25866
192 193 8727
193 194 23344
194 195 29016
195 196 29685
196 197 16527
197 198 12897
198 199 5950
199 200 13850
200 201 15326
201 202 25469
202 203 25105
203 204 25970
204 205 32681
205 206 7909
206 207 9913
207 208 4369
208 209 30018
209 210 9459
210 211 28481
211 212 31147
212 213 32288
213 214 9877
214 215 26853
215 216 5975
216 217 29325
217 218 6459
218 219 30829
219 220 11411
220 221 30879
221 222 500
222 223 26810
223 224 2696
224 225 18281
225 226 31699
226 227 26527
227 228 27280
228 229 10866
229 230 32152
230 231 17650
231 232 246
232 233 22887
233 234 8844
234 235 10210
235 236 11517
236 237 30732
237 238 31405
238 239 11914
239 240 27171
240 241 21112
241 242 9739
242 243 11207
243 244 26278
244 245 10626
245 246 16242
246 247 30535
247 248 25416
248 249 9079
249 250 23113
250 251 995
251 252 16463
252 253 13582
253 254 6074
254 255 12335
255 256 23505
256 257 5789
257 258 5908
258 259 1359
259 260 9518
260 261 6540
261 262 17773
262 263 22540
263 264 2526
264 265 29194
265 266 20619
266 267 39
267 268 8045
268 269 18688
269 270 16645
270 271 6636
271 272 11971
272 273 10819
273 274 32677
274 275 1547
275 276 1193
276 277 8974
277 278 18961
278 279 7076
279 280 11145
280 281 9391
281 282 23210
282 283 16545
283 284 29301
284 285 32640
285 286 18357
286 287 23624
287 288 25963
288 289 2585
289 290 23993
290 291 22544
291 292 6872
292 293 18628
293 294 31015
294 295 8884
295 296 31322
296 297 10546
297 298 9024
298 299 27015
299 300 24778
300 301 9836
301 302 30260
302 303 31751
303 304 17786
304 305 26891
305 306 3207
306 307 3508
307 308 17595
308 309 14252
309 310 32697
310 311 18979
311 312 13219
312 313 19359
313 314 14886
314 315 28494
315 316 8461
316 317 24031
317 318 8235
318 319 25134
319 320 26592
320 321 71
321 322 21642
322 323 29068
323 324 13973
324 325 5890
325 326 7184
326 327 15124
327 328 12275
328 329 1604
329 330 9333
330 331 26283
331 332 2333
332 333 26679
333 334 12931
334 335 11266
335 336 18639
336 337 24377
337 338 31610
338 339 22123
339 340 3045
340 341 22596
341 342 11700
342 343 15084
343 344 29469
344 345 20909
345 346 27781
346 347 21650
347 348 7709
348 349 31250
349 350 17253
350 351 31496
351 352 22456
352 353 15246
353 354 21585
354 355 26472
355 356 22381
356 357 1838
357 358 17774
358 359 31569
359 360 15408
360 361 29865
361 362 12784
362 363 32314
363 364 9326
364 365 2635
365 366 8762
366 367 17670
367 368 1867
368 369 16691
369 370 20294
370 371 30680
371 372 13102
372 373 6590
373 374 13640
374 375 27176
375 376 5503
376 377 21571
377 378 14734
378 379 14615
379 380 12207
380 381 8705
381 382 26539
382 383 9215
383 384 23929
384 385 25173
385 386 2516
386 387 21327
387 388 20584
388 389 16433
389 390 8330
390 391 406
391 392 25754
392 393 17353
393 394 32122
394 395 15069
395 396 12995
396 397 11407
397 398 1441
398 399 9786
399 400 884
400 401 10082
401 402 24243
402 403 3490
403 404 1950
404 405 13570
405 406 3006
406 407 6143
407 408 31314
408 409 21704
409 410 15626
410 411 27010
411 412 4042
412 413 18324
413 414 22341
414 415 7739
415 416 21933
416 417 32518
417 418 30172
418 419 21223
419 420 26767
420 421 3313
421 422 27820
422 423 12297
423 424 8887
424 425 9996
425 426 3290
426 427 11068
427 428 10278
428 429 4843
429 430 12543
430 431 29383
431 432 29653
432 433 3630
433 434 21641
434 435 14194
435 436 19005
436 437 1785
437 438 14942
438 439 18584
439 440 13596
440 441 14500
441 442 26306
442 443 13950
443 444 27767
444 445 179
445 446 28794
446 447 28387
447 448 20699
448 449 8
449 450 27953
450 451 2008
451 452 23273
452 453 23639
453 454 32028
454 455 11474
455 456 9234
456 457 13787
457 458 14810
458 459 25086
459 460 27806
460 461 9543
461 462 3230
462 463 4564
463 464 17139
464 465 22016
465 466 12175
466 467 6383
467 468 12308
468 469 4233
469 470 24175
470 471 17436
471 472 3432
472 473 18750
473 474 31355
474 475 29873
475 476 26557
476 477 1862
477 478 9619
478 479 24352
479 480 5004
480 481 14275
481 482 6299
482 483 6091
483 484 22142
484 485 16715
485 486 14625
486 487 25114
487 488 18992
488 489 27548
489 490 12864
490 491 30155
491 492 23603
492 493 28555
493 494 5316
494 495 11914
495 496 3928
496 497 17214
497 498 17038
498 499 22978
499 500 25130
255 501 12571
13 502 78944
199 503 86552
495 504 59202
387 505 39492
244 506 15701
337 507 57146
144 508 32207
87 509 55464
78 510 12408
32 511 5937
353 512 16973
218 513 55182
257 514 60001
270 515 68008
279 516 91863
183 517 74303
35 518 57546
405 519 48902
113 520 66534
485 521 54628
379 522 3852
236 523 14485
179 524 67377
200 525 7912
427 526 29759
111 527 19327
267 528 13843
196 529 59473
164 530 96477
177 531 1643
62 532 27588
140 533 24586
459 534 3039
327 535 43267
168 536 81629
400 537 68316
349 538 34941
342 539 5840
378 540 38359
141 541 54863
315 542 24626
504 543 72795
243 544 15051
1 545 41932
121 546 245
472 547 23853
429 548 42195
399 549 31645
285 550 49471
342 551 5871
225 552 17799
181 553 28810
456 554 88523
223 555 13002
359 556 96672
305 557 893
552 558 73008
516 559 68231
482 560 77559
270 561 96158
444 562 45383
132 563 27311
21 564 50662
467 565 85527
83 566 65611
537 567 40490
430 568 28164
211 569 98832
311 570 24147
334 571 37827
253 572 68108
381 573 72339
343 574 79961
205 575 54754
462 576 39958
493 577 77640
543 578 76853
296 579 81231
69 580 37083
120 581 97976
390 582 1858
452 583 14421
305 584 27733
243 585 52045
307 586 37783
230 587 85820
467 588 4188
223 589 88431
256 590 81357
159 591 43308
25 592 51848
157 593 61928
180 594 8863
398 595 78287
13 596 40149
450 597 90113
389 598 19684
353 599 93007
186 600 9753
459 601 83937
16 602 72565
377 603 93299
92 604 5294
5 605 68148
307 606 33133
122 607 66598
125 608 75534
574 609 88096
243 610 86371
168 611 80335
452 612 60369
457 613 40912
130 614 85841
174 615 49208
55 616 80176
469 617 84589
148 618 90000
215 619 40362
133 620 15588
269 621 81599
396 622 60408
337 623 51982
164 624 36903
288 625 75215
83 626 48995
173 627 52941
325 628 45425
42 629 89543
13 630 61801
325 631 39312
624 632 33947
80 633 91248
620 634 33221
325 635 77984
21 636 33758
343 637 37010
502 638 53582
235 639 55878
390 640 40083
532 641 60662
127 642 49054
79 643 59659
300 644 54067
248 645 38758
26 646 97965
410 647 39672
121 648 17144
428 649 70282
233 650 65429
8 651 38838
605 652 38426
181 653 6187
188 654 14063
92 655 32750
129 656 67442
169 657 96275
100 658 2452
179 659 33288
334 660 24922
503 661 78539
150 662 4924
565 663 21295
508 664 24713
74 665 66299
196 666 69889
338 667 32074
373 668 86458
77 669 39180
180 670 46908
647 671 55428
484 672 15749
655 673 53896
51 674 77861
414 675 61093
122 676 67555
52 677 19000
225 678 7671
509 679 76885
240 680 71661
641 681 78436
289 682 35208
562 683 55902
128 684 14717
506 685 24149
640 686 29812
275 687 34858
611 688 83787
438 689 52597
40 690 65778
646 691 83232
676 692 37008
321 693 50124
612 694 43900
377 695 44682
401 696 67589
569 697 43939
103 698 44651
236 699 37586
95 700 96419
89 701 85732
385 702 42423
8 703 69279
592 704 19140
399 705 96984
383 706 2106
283 707 30491
590 708 51904
128 709 74663
361 710 4141
621 711 91983
270 712 2096
218 713 94714
605 714 61416
322 715 6340
695 716 61069
680 717 53915
121 718 11558
590 719 13155
284 720 20592
521 721 55251
303 722 35517
174 723 84789
228 724 90995
601 725 57193
127 726 681
261 727 73379
540 728 35661
388 729 777
86 730 70465
182 731 82134
368 732 72889
689 733 36921
85 734 25919
29 735 39319
648 736 92272
660 737 32068
249 738 85564
578 739 58862
182 740 89257
490 741 91411
683 742 82224
34 743 81638
209 744 75935
224 745 70318
155 746 49653
532 747 95879
149 748 3146
259 749 13919
656 750 88612
482 751 58713
275 752 85475
497 753 13678
51 754 82806
655 755 10919
660 756 10787
333 757 50948
240 758 79171
177 759 63992
625 760 14467
205 761 6123
165 762 25765
168 763 91255
383 764 57885
299 765 27595
631 766 79284
366 767 4043
279 768 28041
414 769 21102
470 770 88619
691 771 2815
693 772 97920
605 773 96732
207 774 22113
726 775 36922
4 776 58907
372 777 99967
293 778 94767
389 779 31942
718 780 82963
663 781 73471
584 782 99344
65 783 35437
405 784 4034
157 785 64358
552 786 2491
633 787 25526
628 788 31104
290 789 93340
206 790 8682
749 791 82123
151 792 77094
155 793 71050
455 794 32565
21 795 61621
500 796 42605
213 797 68826
34 798 30134
108 799 78237
459 800 24943
13 801 98933
512 802 16870
581 803 59020
87 804 85443
633 805 76290
26 806 53118
271 807 56203
116 808 76676
780 809 11149
410 810 93302
32 811 11203
370 812 49898
584 813 43645
806 814 31240
504 815 25341
187 816 238
735 817 51195
696 818 56653
534 819 77858
483 820 17674
384 821 77392
695 822 60350
489 823 99034
242 824 58261
446 825 97639
562 826 69299
307 827 66192
304 828 69066
621 829 13510
576 830 33190
469 831 2092
34 832 75873
193 833 9400
168 834 57807
563 835 2134
408 836 35668
557 837 90342
596 838 95496
301 839 45209
39 840 45850
689 841 22296
419 842 49162
545 843 57501
593 844 87790
78 845 50231
587 846 30030
671 847 59562
80 848 59624
421 849 8973
372 850 85356
375 851 48234
403 852 28929
195 853 88770
660 854 29022
424 855 31207
385 856 49106
798 857 4320
587 858 41565
702 859 86984
382 860 95701
121 861 3855
733 862 1410
98 863 97688
663 864 97441
122 865 79993
291 866 91621
587 867 12478
390 868 65201
583 869 66374
214 870 20384
400 871 9668
389 872 75677
123 873 26431
49 874 17067
53 875 60147
640 876 71423
777 877 29774
560 878 83201
203 879 11060
563 880 64334
17 881 48828
268 882 16217
826 883 60432
70 884 74117
188 885 87729
21 886 12940
547 887 67952
668 888 84348
675 889 9526
427 890 51573
76 891 55133
611 892 22700
790 893 10805
318 894 55051
261 895 23328
633 896 64430
633 897 70966
615 898 4104
875 899 88418
758 900 90652
234 901 80995
86 902 89860
710 903 57004
553 904 15533
483 905 78148
271 906 33689
147 907 1159
710 908 84636
353 909 26115
230 910 20064
632 911 94620
769 912 14562
849 913 47368
161 914 36722
140 915 29235
901 916 11670
737 917 27165
245 918 72487
256 919 98647
185 920 71538
476 921 75210
195 922 55737
73 923 43599
45 924 66672
9 925 1976
354 926 32481
155 927 83046
381 928 93448
412 929 26161
160 930 33623
273 931 44740
434 932 95859
77 933 3517
924 934 9525
463 935 34769
840 936 82027
543 937 26950
609 938 4628
845 939 53495
187 940 53095
70 941 57684
423 942 53581
553 943 83200
433 944 10562
823 945 57489
136 946 1656
243 947 93139
678 948 7316
839 949 67333
761 950 13263
21 951 54426
781 952 18230
379 953 94394
58 954 65323
162 955 99935
13 956 60641
472 957 70392
883 958 63012
592 959 18729
881 960 2799
68 961 89480
774 962 18548
434 963 12578
391 964 55608
666 965 19604
936 966 74228
97 967 41331
292 968 26229
144 969 51205
878 970 91964
358 971 64709
712 972 42527
156 973 61027
830 974 71238
614 975 75169
314 976 27119
162 977 23095
510 978 23915
851 979 26800
669 980 63007
282 981 26667
213 982 39172
444 983 17307
180 984 59143
31 985 43687
600 986 60457
777 987 31563
394 988 64672
425 989 28821
636 990 83316
459 991 27049
335 992 40163
145 993 39229
535 994 4542
339 995 6717
970 996 20969
912 997 56745
926 998 89567
948 999 49650
569 1000 55692
2 92210 83185 143
1 909
1 189
1 551
2 2648 85311 986
1 857
1 217
2 99502 68714 899
2 92966 99886 199
1 5
1 215
1 838
2 20746 61461 8
1 981
2 82558 3055 8
2 80552 80965 898
1 998
2 48902 70100 123
1 802
1 97
1 150
2 48324 7278 904
1 97
2 94936 49427 138
2 82785 3318 782
2 13503 58177 991
2 34008 8081 506
1 150
2 2224 26305 126
1 640
2 24783 5396 928
2 54274 31759 946
2 27354 81229 630
1 432
2 95745 53350 527
2 71524 4319 177
1 143
2 60028 53592 394
2 52484 40627 479
1 66
2 29753 54407 308
2 62282 431 752
1 746
1 91
1 754
1 756
2 32336 66611 456
1 252
2 69350 17139 719
2 20686 49454 255
1 278
1 846
1 993
2 22369 57917 619
1 96
2 91706 21961 112
1 216
1 181
1 789
2 43094 4457 13
2 11424 87229 198
1 885
2 28877 92911 867
2 9667 43231 571
1 512
1 506
1 246
1 80
2 45126 719 478
1 251
2 18558 81201 692
1 315
1 43
2 22953 63524 442
2 15806 97215 593
2 75392 44350 217
2 18949 92157 730
2 89141 19179 299
1 838
1 867
2 57495 67953 432
2 13630 66989 750
2 15897 13403 819
1 243
1 10
2 50634 42450 596
2 91638 55004 567
2 66557 3038 467
2 19707 28890 914
2 12066 73032 674
1 13
2 90074 2041 531
1 585
2 13967 31760 306
2 72101 14685 412
1 825
1 407
1 56
2 1779 58472 150
1 93
1 385
2 67386 53841 477
2 27382 55588 82
2 46334 94587 611
1 582
2 50001 58495 345
2 27906 13144 496
2 25393 3898 251
2 44633 15242 922
2 47178 74460 949
1 28
1 521
1 335
1 399
1 568
2 40132 34044 638
1 71
2 44767 73973 909
1 859
2 31766 61830 533
1 933
2 97320 69081 390
2 1418 50755 36
1 750
2 73494 31572 123
2 57739 38888 807
2 3055 79616 470
1 156
2 13098 32724 240
1 144
1 491
2 2296 54798 324
1 512
1 476
1 921
2 54122 57346 913
1 49
2 26526 97264 720
1 438
1 11
1 922
2 97134 27377 800
2 46024 54842 202
2 57506 87854 312
2 12554 80304 744
1 888
1 651
2 50403 55034 501
2 34931 77200 983
1 851
2 26184 42410 314
2 43618 28703 162
2 55818 66940 801
2 66980 11243 641
2 55528 64876 353
2 68770 21811 266
1 162
1 634
2 15724 34304 517
1 711
1 64
2 80884 51771 467
1 215
1 965
2 56522 9708 262
1 724
1 481
1 741
1 648
2 54757 76947 447
2 22918 60185 708
1 401
1 403
1 129
2 32419 86097 654
2 42815 64801 146
2 65261 33867 305
2 66798 54536 292
1 975
1 689
1 970
1 136
2 64264 30585 426
1 550
1 629
2 14843 89727 258
2 25758 46270 799
2 96371 11376 145
2 93277 31566 840
1 64
2 18785 95124 449
2 74407 79624 897
1 717
1 283
2 73888 9449 454
1 697
2 68370 34998 86
1 443
1 342
2 88656 35007 957
2 10165 11160 290
2 35984 80933 936
2 86463 56026 861
2 46260 47008 776
2 76180 36853 382
1 983
1 396
1 606
1 655
1 4
1 129
2 7047 90399 677
1 817
1 84
2 63910 46879 69
1 864
1 359
2 25621 25021 238
1 400
2 62626 91592 298
1 885
2 78119 64867 692
1 889
1 414
1 755
1 237
1 437
2 25432 82189 234
2 28767 74976 352
1 635
2 39406 71011 27
1 783
1 920
2 8234 35926 557
2 78930 3461 183
2 80724 61458 726
2 47788 61874 719
1 137
2 88049 92038 69
1 70
1 487
1 415
2 10696 4185 246
2 64594 97204 719
2 77292 38181 110
2 84352 98221 3
1 906
2 27276 79654 331
2 32877 90652 472
1 838
1 164
1 477
1 422
1 509
2 16160 8157 306
1 630
1 683
1 977
2 35111 90469 865
2 680 50573 455
1 225
1 81
2 99922 80597 147
1 233
1 711
2 2207 30436 472
1 947
1 239
1 87
2 98839 41396 848
2 32097 96456 141
1 294
1 270
1 47
2 68674 46999 22
2 13809 69584 602
1 760
1 189
1 435
1 538
1 760
2 5730 19681 488
2 51255 3745 292
1 892
1 921
1 87
1 310
2 5744 18445 107
2 51790 24686 412
1 372
2 7022 58855 992
2 72690 1159 735
2 34604 66714 227
2 37476 86799 283
1 137
1 743
2 7957 17122 459
2 34401 86498 59
1 376
1 477
2 44187 61385 747
2 32788 68587 35
1 193
2 89532 5660 365
2 46158 68862 765
1 225
2 31672 44522 198
1 708
2 99168 54684 759
1 798
1 67
1 457
2 93288 36199 572
1 28
2 86411 68542 448
2 9889 35517 760
2 23437 678 604
2 6666 84616 765
1 719
1 749
2 84736 2081 697
2 9906 88511 505
1 862
1 477
2 57270 39428 852
1 875
1 977
2 97618 35950 488
1 915
2 94679 79942 749
1 359
1 830
2 77882 86891 875
2 36324 54052 534
2 50089 64949 59
1 463
1 416
1 566
2 74245 68201 846
1 914
2 89457 84251 877
1 815
1 251
2 47724 45706 858
1 303
1 524
2 53623 27810 574
1 933
2 90840 28638 854
2 13860 70744 453
2 62979 4183 338
1 452
1 939
2 49927 4267 330
1 991
2 53093 7614 837
1 6
1 271
1 729
1 438
2 61693 23769 936
1 97
1 748
1 742
1 72
1 909
2 48105 165 946
1 180
2 56527 44943 336
2 75552 44313 995
1 153
1 638
1 917
2 56267 28368 702
2 24862 28724 415
2 80373 78869 774
1 467
1 865
2 42889 75170 890
1 459
2 14458 38084 222
1 551
2 9919 58373 168
2 98514 37176 144
1 131
1 843
2 23145 35988 909
2 19582 21242 717
2 69166 3420 745
1 328
1 558
1 566
2 63035 84635 802
2 20572 72895 718
1 230
1 241
1 262
2 43643 96055 877
2 87088 83702 409
1 809
2 15766 35786 146
1 219
2 1147 14565 578
2 92562 37420 776
1 649
2 83999 75466 608
1 694
2 68042 1404 606
1 254
2 17115 55877 511
1 674
2 18310 4198 629
1 480
2 629 73838 817
1 884
1 815
1 271
1 159
1 995
1 385
1 686
2 80931 97871 732
2 72303 20670 318
2 15046 53108 6
2 78339 75015 680
1 948
1 627
1 791
2 50928 99362 131
1 693
2 56640 7922 677
1 436
1 709
1 394
2 23703 53559 538
2 53048 99310 475
2 22868 55965 356
2 21480 48166 48
1 93
2 5645 69594 755
2 18663 64642 58
2 2924 12789 485
1 591
1 58
1 578
1 693
1 458
2 42565 95808 753
2 44906 23982 393
1 67
1 966
2 67584 89223 714
2 7183 444 995
1 400
1 222
2 25487 90900 352
2 88373 75290 100
2 48280 91273 764
1 792
1 797
2 85243 71430 263
2 44240 64372 188
2 13418 177 36
2 6486 8943 809
1 42
2 86617 1472 292
2 95092 40883 609
2 26316 17327 84
1 49
1 881
1 98
2 7256 61025 803
1 498
1 14
1 632
2 40154 99394 351
1 203
1 467
1 94
1 793
2 81453 53015 265
1 159
1 951
2 51616 93769 385
1 211
2 84932 78866 438
2 19713 72650 116
1 543
2 83458 40874 139
1 469
1 339
1 487
1 268
2 13971 16593 966
1 850
2 80566 15191 722
2 5283 25149 31
1 917
2 93410 1253 829
1 252
2 50141 83400 335
1 195
2 42432 2121 631
2 7852 54669 614
2 281 89941 580
2 11158 81796 666
2 39588 70068 611
2 89721 88691 130
2 672 53088 463
1 446
2 93768 18951 368
1 9
2 31858 81117 712
2 79157 20547 495
1 208
1 401
2 54607 67083 205
1 584
1 158
1 211
1 215
2 84434 47507 617
2 85543 68295 370
2 95717 45536 451
1 867
2 91711 32915 927
1 354
1 79
1 576
1 680
1 864
2 60308 14852 896
2 83401 67446 700
2 26051 17191 93
2 85702 77462 799
1 793
1 806
2 89480 14465 464
1 595
1 798
1 80
1 223
2 59869 59774 14
1 985
1 734
2 74659 13619 826
2 27892 77375 484
1 952
1 954
1 41
2 48689 92578 195
2 64162 72875 2
2 78606 20484 372
1 356
2 41136 50022 871
1 864
1 617
2 75791 7580 634
2 86011 39181 88
1 84
1 436
2 36722 74521 671
2 88054 30169 597
2 15632 79301 294
2 1375 82611 295
2 48181 171 863
2 71896 75851 338
2 51362 74020 289
1 296
2 58015 25559 553
2 56578 64570 40
2 60992 46017 173
1 97
1 656
2 79479 49588 35
2 67027 32052 293
1 525
1 12
1 110
1 477
2 26728 18428 252
2 12063 19977 956
2 94916 38338 705
2 91530 73953 264
2 41241 67125 349
2 79245 66882 387
2 51224 77727 712
2 6044 82903 303
1 5
1 514
2 36550 16999 20
2 70456 38938 787
1 579
1 445
1 964
2 92534 52277 340
1 377
1 833
2 84629 74156 789
1 748
1 450
1 37
2 86710 90164 426
1 394
2 6452 41402 350
2 81760 26952 329
1 480
1 918
1 78
2 67155 32846 94
1 537
1 109
1 357
2 17061 46327 474
1 24
2 27221 52144 558
1 619
2 13441 50789 767
2 56444 64094 21
1 260
2 70763 76280 233
2 93999 96766 370
2 86360 6937 725
2 1106 21468 357
2 72637 66670 767
1 70
2 44416 70661 334
2 6407 45603 92
1 707
2 53716 33946 97
2 68179 48159 56
2 22407 38467 666
1 498
2 19646 33240 974
1 575
1 847
1 198
2 96692 70342 164
1 303
1 316
2 75278 52275 478
1 803
1 752
1 477
2 73973 31184 328
2 38274 12096 891
1 362
2 69111 8123 877
1 965
1 421
1 492
1 525
2 63898 33923 528
2 69830 60543 252
2 38602 27563 861
1 557
1 50
2 76382 31252 395
1 960
2 7883 57019 482
1 575
2 50824 66193 991
1 448
2 34266 45787 846
1 821
2 41053 1578 170
2 84761 62723 90
1 913
2 99561 13739 971
2 41567 16904 950
2 82343 11433 811
2 43909 79884 941
2 63061 15266 452
1 590
1 516
2 6996 90959 513
2 55325 38220 170
2 72358 80008 458
2 70768 67961 563
2 49260 5319 839
2 69823 55056 74
2 78981 76453 579
2 23019 80330 599
2 39988 15002 166
1 588
2 16761 89035 13
1 937
1 898
2 85486 92556 438
1 350
2 3399 94055 649
1 140
1 243
1 138
1 384
1 133
2 35624 82104 793
2 52090 32556 11
1 858
1 889
1 514
2 26149 35652 701
2 74427 75601 577
2 65766 66619 877
1 727
2 99893 4144 962
1 483
1 532
2 50829 47364 343
1 111
2 42994 75103 882
2 26682 22084 901
2 99933 41934 698
1 824
1 654
2 86578 71693 476
2 46067 57312 158
2 69327 35572 514
2 98738 9996 144
1 869
1 872
1 743
1 836
2 75245 71775 853
2 42075 45599 548
2 9870 79156 667
1 577
1 207
2 56349 19766 1
2 49018 17521 821
1 544
2 9522 81914 683
1 332
2 59209 40131 72
2 73942 29610 442
2 82664 55999 59
1 924
2 95250 67882 737
1 672
2 57047 58898 843
2 17596 45922 549
1 543
2 10541 84158 776
1 795
2 39014 17296 353
1 757
2 55617 65545 727
1 856
2 10913 35957 155
1 658
2 18867 6850 994
2 68220 60093 25
1 762
1 644
1 210
2 57035 82737 264
1 463
1 171
1 720
1 981
2 12566 77904 630
1 355
1 953
2 84852 43444 146
2 83537 72137 731
1 515
1 654
2 60517 11022 690
2 63525 23443 459
2 46831 82698 415
1 810
1 785
1 93
1 262
1 842
1 308
1 211
1 69
1 108
1 279
1 356
2 97504 90399 389
1 435
1 768
1 126
1 480
1 761
2 39617 65411 24
1 836
2 67781 9703 978
2 16574 20738 359
2 27600 68665 750
1 690
2 25311 51173 646
2 8946 27670 370
1 718
1 359
2 24584 44300 476
1 991
1 340
1 199
1 838
1 49
1 578
2 29172 73863 989
1 286
2 28645 87316 801
2 96134 7263 115
2 70426 51410 953
1 973
2 70852 88928 11
1 251
2 41486 55312 986
1 963
2 83523 32688 787
2 9487 89509 655
2 56714 61039 650
2 84105 95005 983
2 15063 62799 672
2 84049 38747 417
1 408
2 15091 88142 347
1 754
1 154
2 77329 722 80
2 23983 77765 19
2 80642 70218 870
1 542
1 664
2 83255 13184 302
2 20791 59769 460
1 290
2 52510 97031 354
2 54530 52021 707
2 83572 62417 948
1 830
1 895
2 99648 31695 13
2 50331 77727 202
1 223
1 316
1 54
1 821
2 14846 86188 467
1 429
1 569
2 12434 44380 913
1 542
1 741
2 99456 79717 522
1 436
1 652
1 728
2 45911 12574 88
1 671
2 20909 90019 340
1 936
2 98631 16744 469
2 75368 96852 550
2 31376 58734 593
1 637
2 36083 34748 288
2 1355 56903 467
1 545
2 90279 16509 845
1 552
2 73039 39576 36
2 91975 79932 502
2 30706 28755 75
1 416
2 83733 73682 807
2 22895 17733 840
1 10
1 901
2 10139 97991 768
1 505
2 7678 37893 466
2 98653 47249 398
2 52976 55849 967
1 128
1 462
1 923
1 489
1 68
2 36577 67404 223
1 161
2 39623 87582 936
2 94722 3437 497
1 255
2 95628 90277 752
1 236
2 28579 75485 890
2 79784 12164 187
2 70049 50003 34
2 63039 86131 215
2 45994 38818 567
1 281
2 88122 40582 915
2 21722 6756 744
2 31781 76019 380
1 5
1 92
2 19313 11289 772
1 136
1 70
2 34062 87649 355
1 579
1 859
1 306
1 758
2 61546 51370 926
1 722
1 178
2 41142 56558 468
2 3258 10782 781
1 364
2 27531 33810 966
1 551
2 40733 9627 416
1 638
2 63289 98405 500
2 45565 38577 515
2 99888 64058 799
2 36859 55009 785
2 91614 27995 668
1 496
2 48298 16862 881
2 85641 70216 587
2 20994 2061 15
1 74
2 61334 89823 693
2 57818 94474 790
2 11223 80492 646
1 487
1 357
1 19
1 4
1 965
2 9094 12236 827
2 88578 26776 893
2 82209 47271 631
1 811
1 286
2 50347 83375 816
1 152
2 99001 75580 643
1 719
2 75338 52472 732
1 753
2 49433 27931 125
1 243
1 306
1 950
2 69840 74352 886
2 81450 94269 437
2 76953 16139 222
1 490
1 132
2 59560 13596 26
1 156
2 8498 70210 708
1 341
2 43563 97076 986
2 51707 17252 399
2 51291 40803 774
1 234
2 44585 9098 704
1 907
2 4591 43728 781
2 33061 18115 476
1 304
2 68551 74335 505
1 827
1 892
2 63556 62186 782
2 79707 21224 780
1 584
1 749
2 59533 77981 347
1 328
1 801
1 335
1 963
1 198
2 24155 43902 586
1 87
2 88400 40762 396
2 87617 3995 79
1 186
2 17460 26769 814
2 28858 29124 714
1 859
1 443
2 70172 92389 388
1 561
1 845
1 935
1 138
1 217
2 68540 41321 747
